41.8071 45.9218
37.3781 33.7155
29.0218 29.766
26.9367 34.464
31.9517 48.8997

54.1963 73.4929
50.6083 66.0917
34.663 74.522
38.2509 81.9232

58.6528 13.083
54.3083 7.92115
50.42 10.8088
54.0576 16.44

63.0053 62.5334
61.6227 49.7495
55.3924 49.6754
56.6994 61.4368
59.3677 62.5726

75.6807 13.4472
71.4926 9.41156
68.5511 13.1065
72.9579 17.0435

89.1929 36.3809
87.387 29.9617
72.5096 33.4381
74.3154 39.8574
81.0797 38.3851
81.5254 39.6506
88.028 37.7585
87.9246 36.657

90.0188 68.4621
87.7539 65.0599
84.3564 66.2381
85.122 70.0712
83.8151 71.9739
85.4747 77.4805
89.0555 76.8067

93.9118 84.887
87.4966 84.1378
84.5483 98.4084
90.7047 99.087