36.0271 67.4318
21.8061 58.1876
4.16101 81.0065
4.58842 82.3546
14.2782 77.3538
12.99 76.7534
20.7367 67.0277
29.4971 70.4664

39.4942 36.9012
33.9229 32.9898
29.9557 39.3181
35.3223 42.9099

25.7913 42.2448
14.5075 21.4713
7.11326 35.67
24.5344 44.4422

50.6723 26.2556
20.2814 21.0207
19.0937 28.9074
49.3283 35.2979

39.8859 17.8569
30.7722 11.6204
26.9781 16.9779
34.4436 21.5984

27.8109 50.8677
25.2894 47.4747
22.3294 48.6601
20.6728 45.957
17.49 47.6305
19.5403 51.2803
18.255 52.2864
21.2169 57.9452
22.378 56.8235
23.1187 57.3977
27.2185 54.4909
25.7158 52.743

24.7824 84.3955
22.8024 77.1748
18.0054 78.9827
20.2008 85.8911

71.3248 81.2288
64.8821 79.3181
64.2615 90.2738
62.615 96.6696
70.5786 99.7824

77.0571 72.0445
76.7599 67.5499
69.768 68.001
70.0673 72.5956

71.0329 56.5804
64.6535 54.5198
63.2179 60.0266
69.8478 61.2765

80.5712 88.4491
76.5142 82.5471
71.1644 85.6682
74.9643 91.8494

82.8593 78.6327
81.9198 73.5589
75.1767 76.028
75.9982 81.1236

95.7186 39.0925
90.0904 36.507
82.5687 48.971
88.4203 51.7051

90.8623 34.1181
85.4958 29.5834
81.6065 35.5006
86.1889 39.2548

93.5537 15.66
93.4645 9.84472
87.7877 10.2438
87.9032 16.3261