17.148 75.6405
16.9069 70.5409
10.2589 71.4763
10.6974 76.3943

34.7443 57.5373
26.7032 55.5808
19.3264 68.0873
21.778 68.4188
23.0372 63.4495
33.4636 65.1411

37.7397 49.1319
35.3073 36.6438
30.8247 37.2505
28.215 27.4398
21.4908 28.5973
23.313 40.0662
27.9992 39.6343
31.0149 50.7842

40.9313 13.5454
39.7753 6.77013
32.2302 9.24416
24.2576 10.5277
25.7089 17.0961
33.8838 15.9079

45.2469 35.5726
41.3122 27.611
38.1328 32.2009

62.8978 69.4091
39.8957 69.2333
38.8475 77.2129
61.9603 78.1394

59.8181 58.98
58.0788 53.5257
56.3311 53.9563
52.768 57.553
54.7353 59.3177
58.0112 59.6723

70.415 21.7982
63.1462 17.3389
61.3376 21.4851
67.2794 27.7602

60.6865 94.4887
59.3657 89.9733
52.4466 91.7549
53.4505 95.4923
58.2621 95.217

81.9721 44.6017
75.9815 41.5711
68.6224 53.5664
72.711 56.1516
66.9833 68.1958
73.4742 71.3208
80.7248 58.5279
76.6315 55.51

93.2774 41.8097
86.3789 38.7758
79.8537 51.6953
84.3438 53.9497
79.6996 64.9369
86.3087 67.7934
92.6472 56.1528
88.3625 53.7257

95.8293 15.1482
93.4837 14.8561
94.5679 6.54371
89.5064 5.87661
88.0741 13.1389
88.9584 13.5314
88.6254 15.7123
90.8893 15.675
89.0704 20.3229
94.7908 20.8265

96.5155 9.22326
95.9189 3.95926
95.2037 3.87618
94.5529 9.47851

82.669 6.93445
75.1876 2.84196
73.5873 7.07295
79.8336 13.045

89.4594 83.8745
83.9527 78.4769
77.7506 83.956
83.7949 97.1581
85.4683 95.3362
82.1109 91.4621