47.15989999999999 53.6677 0
53.4128 56.46729999999999 1
50.29170000000001 74.19919999999999 0
52.50000000000001 61.65318905193676 1
52.50000000000001 45.69870202985973 0
55.50000000000001 41.22182071482429 1
55.50000000000001 56.66939215885152 0
58.50000000000001 56.95986574861512 1
58.50000000000001 20.47918110443045 0
58.2804 20.4052 1
58.2804 0 1
72.8587 0 1
72.8587 0.8525579999999999 1
58.2804 0.8525579999999999 0
58.2804 4.335449235995871 1
59.29635836329957 0.8525579999999999 0
62.42138612109986 0.8525579999999999 1
58.2804 15.04861641199862 0
43.5 0 1
43.5 45.16849639939757 0
46.50000000000001 40.70905554004048 1
46.50000000000001 0 0
49.50000000000001 0 1
49.50000000000001 36.24961468068341 0
50.6195 34.5855 1
40.5934 49.48909999999999 0
43.5 51.33871832939923 1
43.5 100 0
40.5 100 1
40.5 0 0
37.5 0 1
37.5 100 0
34.5 100 1
34.5 0 0
31.50000000000001 0 1
31.50000000000001 100 0
28.50000000000001 100 1
28.50000000000001 0 0
25.50000000000001 0 1
25.50000000000001 100 0
22.50000000000001 100 1
22.50000000000001 0 0
19.5 0 1
19.5 100 0
16.5 100 1
16.5 39.29148694515382 0
17.3731 35.8672 1
11.8861 41.90689999999999 0
13.5 40.13043347366502 1
13.5 0 0
16.5 0 1
16.5 36.8282464862402 0
17.3731 35.8672 1
15.7285 42.3173 0
13.5 42.07927782635852 1
13.5 100 0
10.5 100 1
10.5 0 0
7.500000000000002 0 1
7.500000000000002 100 0
4.5 100 1
4.5 0 0
1.5 0 1
1.5 100 0
46.50000000000001 100 1
46.50000000000001 53.24777185867661 0
47.15989999999999 53.6677 0