48.5232 54.03619999999999 0
47.5 54.23931165905992 1
47.5 64.03108657893364 0
48.5393 62.73609999999999 1
46.62439999999999 65.12209999999999 1
45.6168 67.84399999999999 0
44.5 54.83483059688223 1
44.5 100 0
41.5 100 1
41.5 54.0457986492695 0
40.197 53.3849 1
49.7945 40.102 0
47.5 43.277578437093 1
47.5 0 0
44.5 0 1
44.5 22.98467466063349 0
44.617 23.0029 1
44.81789999999999 28.5777 0
44.5 28.54736416302407 1
44.5 47.42956593383694 0
41.5 51.58155343058088 1
41.5 28.26108699747584 0
39.94499999999999 28.1127 1
40.3075 22.3316 0
41.5 22.51735826662026 1
41.5 0 0
38.5 0 1
38.5 28.81823499653099 0
35.5 25.55793534012819 1
35.5 0 0
32.5 0 1
32.5 22.29763568372539 0
68.80289999999999 6.090344096570165 1
86.60332363801982 15.48013252613251 0
85.09617454600661 18.07691084204417 1
68.80289999999999 9.482149058678289 0
71.5 12.48877376766191 1
71.5 15.74911461677319 0
72.9023 13.3405 1
68.80289999999999 20.3817 0
71.5 21.90239242504277 1
71.5 45.1853994798613 0
71.6891 49.6465 1
70.9393 31.9578 0
68.5 32.07113167789713 1
68.5 0 0
68.80289999999999 0 1
99.47970000000001 0 0
99.47970000000001 1.921638275216407 1
95.83680904090306 0 0
89.40689151124084 0 1
99.47970000000001 5.313443237324529 0
99.47970000000001 8.705248199432653 1
82.97697398157862 0 0
76.5470564519164 0 1
99.47970000000001 12.09705316154078 0
99.47970000000001 15.4888581236489 1
70.11713892225418 0 0
68.80289999999999 2.698539134462041 1
99.47970000000001 18.88066308575702 0
99.47970000000001 21.45424766395986 1
86.96690000000001 14.8537 1
99.47970000000001 22.4537 1
95.90389999999999 28.7956 0
95.5 28.60204496096522 1
95.5 41.91133014150442 0
97.37909999999999 41.7238 1
98.6156 48.4028 0
98.5 47.77838236959158 1
98.5 24.19125786956765 0
99.47970000000001 22.4537 1
99.47970000000001 0 1
100 0 1
100 100 0
98.5 100 1
98.5 48.42203338497031 0
95.5 48.92116967312685 1
95.5 100 0
92.5 100 1
92.5 49.42030596128342 0
89.64269999999999 49.89570000000001 1
88.50069999999999 44.2859 0
89.5 44.08769784839204 1
89.5 25.72675346750481 0
92.5 27.16439921423502 1
92.5 43.09871644308164 0
92.4187 43.50879999999999 1
92.67959999999999 42.19280000000001 0
86.5 24.28910772077461 1
86.5 100 0
89.5 100 1
89.5 49.19472061295971 0
80.5 57.80831306317336 1
80.5 26.97681748358155 0
81.48679999999999 27.5332 1
84.06829999999999 23.1238 0
83.5 24.09449998837885 1
83.5 62.04155676306807 0
86.06729999999999 65.66399999999999 1
80.50030000000001 57.809 1
77.23310000000001 50.3278 0
77.5 50.93894479676787 1
77.5 25.28534246406862 0
74.5 23.5938674445557 1
74.5 51.94469796904725 0
71.5 53.7194935883593 1
71.5 49.65535327401076 0
68.5 49.79580711870824 1
68.5 83.34753157602663 0
66.9205 80.0986 1
73.22749999999999 93.07169999999999 0
73.22749999999999 94.75957419763407 1
70.16290189771465 96.3407 0
61.62032598133113 96.3407 1
56.07721297914192 87.25314484998748 0
58.82427099304731 85.99571494999583 1
65.13437532711038 96.3407 0
66.8914 96.3407 1
73.22749999999999 96.3407 0
73.22749999999999 97.8407 1
49.1777 97.8407 0
47.5 100 1
47.5 69.23178079574362 0
49.1777 77.8435884564868 1
58.196960921833 96.3407 0
54.85932452185774 96.3407 1
49.1777 84.68856536946041 0
49.1777 91.53354228243401 1
51.52168812188251 96.3407 0
38.5 100 1
38.5 33.37766631078573 0
35.5 36.47197475787387 1
35.5 86.2128355008301 0
36.4726 86.10900000000001 1
38.1046 91.44329999999999 0
36.4726 86.10900000000001 0
26.5 77.51280335094236 1
26.5 100 0
29.5 100 1
29.5 77.37166978535012 0
31.1191 77.2955 0
31.2804 69.2971 0
23.5 69.64723421930373 1
23.5 36.99591347977987 0
26.5 40.54731879499636 1
26.5 69.51222796539503 0
29.5 69.37722171148636 1
29.5 42.66059165205013 0
32.5 39.56628320496199 1
32.5 86.53311773657995 0
32.1358 86.572 1
33.27670000000001 92.251 0
35.5 91.8790454421177 1
35.5 100 0
32.5 100 1
32.5 88.38485984748883 0
23.5 100 1
23.5 77.6539369165346 0
20.5 77.79507048212685 1
20.5 100 0
17.5 100 1
17.5 77.93620404771909 0
14.5 78.07733761331133 1
14.5 100 0
11.5 100 1
11.5 78.21847117890357 0
8.79344 78.3458 1
8.254799999999999 70.33330000000001 0
8.5 73.98075470072777 1
8.5 100 0
5.5 100 1
5.5 30.12567998634657 0
5.13386 32.0724 0
1.23762 31.0828 1
2.73045 24.9224 0
2.5 25.87338851175284 1
2.5 0 0
0 0 1
0 100 0
2.5 100 1
2.5 31.40342995298031 0
5.13386 32.0724 1
6.27643 25.9975 0
5.5 25.7620954311643 1
5.5 0 0
8.5 0 1
8.5 70.32226548884719 0
11.5 70.18725923493849 1
11.5 0 0
28.5453 17.9998 1
18.0027 30.4882 1
28.8508 43.3302 1
40.6525 31.1575 1
28.5453 17.9998 0
29.5 19.03733602732259 1
29.5 0 0
26.5 0 1
26.5 20.42259177053099 0
23.5 23.97628820215127 1
23.5 0 0
20.5 0 1
20.5 27.52998463377156 0
18.0027 30.4882 0
20.5 33.44450816456337 1
20.5 69.78224047321243 0
17.5 69.91724672712112 1
17.5 65.37203888698042 0
14.5 63.18103923050498 1
14.5 70.05225298102982 0
17.9685 65.71420000000001 1
20.4734 60.8884 0
17.5 59.16419025348792 1
17.5 0 0
14.5 0 1
14.5 62.32067942290351 0
14.1842 62.9504 1
16.4022 58.52760000000001 0
49.7945 40.102 0
50.5 40.57380654148601 1
50.5 0 0
53.5 0 1
53.5 42.58007106942087 0
55.8604 44.15860000000001 1
48.5232 54.03619999999999 0
50.5 51.37496142397644 1
50.5 64.45246203424387 0
69.45349999999999 54.9302 1
79.6652 68.68709999999999 0
77.5 65.77020664433934 1
77.5 100 0
80.5 100 1
80.5 68.29290373939801 0
83.5 66.87629044063667 1
83.5 100 0
71.5 89.51834178690345 1
71.5 57.68718422887473 0
74.5 61.72869543660703 1
74.5 100 0
73.22749999999999 100 1
49.1777 100 1
49.1777 74.4211 0
50.5 73.7559149280012 1
50.5 71.44256158760365 0
50.7667 71.63910000000001 1
53.346 66.94380000000001 0
55.8792 71.04990000000001 0
56.5 72.11316548113575 1
56.5 0 0
59.5 0 1
59.5 77.25136851497473 0
65.5 80.70201539511899 1
65.5 49.93626096340573 0
64.2945 49.9927 1
63.4448 32.306 0
65.5 32.21051389152045 1
65.5 0 0
62.5 0 1
62.5 81.9763879296892 0
62.30670000000001 82.05850000000001 1
55.8792 71.04990000000001 0
53.5 72.24676026113556 1
53.5 47.33625456032274 0
48.5232 54.03619999999999 0