49.4062 44.33799999999999 0
41.5 51.0017187012987 1
41.5 42.53194762483876 0
38.5 45.20554261286162 1
38.5 47.98861362455726 0
37.0318 46.514 1
42.1138 51.6182 0
41.5 52.11419637797576 1
41.5 100 0
38.5 80.51848603227117 1
38.5 100 0
35.5 100 1
35.5 84.18355655290497 0
32.5 87.84862707353881 1
32.5 100 0
29.5 100 1
29.5 91.51369759417261 0
29.1495 91.9419 1
39.48690000000001 79.31280000000001 0
38.5 78.4555309102569 1
38.5 54.53842109926488 0
29.5 64.5363320067863 1
29.5 49.41948968043219 0
26.5 46.08151696731069 1
26.5 63.62827272788557 0
23.5 62.72021344898486 1
23.5 42.74354425418917 0
20.5 39.40557154106767 1
20.5 60.69801603007127 0
16.795 50.8013 1
16.7727 44.4641 0
17.5 44.48279900714002 1
17.5 36.06759882794616 0
14.5 32.72962611482465 1
14.5 67.67117868212324 0
12.7105 73.7115 1
16.808 59.8807 0
17.5 60.03389141192018 1
17.5 50.80306493840173 0
32.5 52.75746239355371 1
32.5 64.4972459503513 0
35.5 65.20341925245901 1
35.5 56.09543510667521 0
35.9515 56.59780000000001 1
13.0174 31.08 1
13.0174 0 0
11.5 0 1
11.5 73.4615007428979 0
11.0279 73.364 1
8.94875 77.79560000000001 0
11.5 78.40149242235384 1
11.5 100 0
8.5 100 1
8.5 0 0
5.5 0 1
5.5 100 0
2.5 100 1
2.5 0 0
0 0 1
0 100 0
14.5 100 1
14.5 79.11395778915892 0
16.6906 79.63419999999999 0
17.5 79.50331527069039 1
17.5 100 0
20.5 100 1
20.5 79.01819766761554 0
23.5 78.53308006454068 1
23.5 100 0
26.5 100 1
26.5 89.59599599652711 0
23.9665 87.3528 1
23.9665 78.45764427726252 0
24.3137 78.4015 1
29.6616 74.59370000000001 0
28.14461558989808 75.67381990440848 1
23.9665 80.84418990426141 0
23.9665 85.61728115825917 1
33.10850000000001 74.30416127882361 0
34.18510000000001 74.70740000000001 1
33.10850000000001 76.03968012056447 1
33.10850000000001 70.12799999999999 0
33.10850000000001 70.3282008846613 1
29.6616 74.59370000000001 1
33.10850000000001 70.12799999999999 1
35.5441 65.21379999999999 0
35.5 65.30277857612089 1
35.5 75.84958575955335 0
59.5 65.4497386554622 1
59.5 28.60914827872909 0
56.5 28.81169816592616 1
56.5 71.13179505710909 0
55.9354 70.53030000000001 1
65.07579999999999 80.268 1
54.5099 91.1037 1
44.9671 80.90989999999999 0
47.5 78.51294798008809 1
47.5 42.05140641961312 0
49.4062 44.33799999999999 0