49.4062 44.33799999999999 0
49.4062 44.33799999999999 1
45.17230000000001 39.25920000000001 0
44.5 39.85835263681592 1
44.5 100 0
47.5 100 1
47.5 83.61559183258584 0
50.5 86.82024874669909 1
50.5 100 0
53.5 100 1
53.5 90.02490566081235 0
54.5099 91.1037 0
56.5 89.06278284481209 1
56.5 100 0
59.5 100 1
59.5 85.9861779176407 0
62.5 82.90957299046934 1
62.5 100 0
65.5 100 1
65.5 73.40066612296536 0
68.5 75.77958150662494 1
68.5 100 0
71.5 100 1
71.5 78.15849689028454 0
72.3931 78.86670000000001 1
75.47479999999999 75.5035 1
73.786 70.7534 0
74.5 72.76167297489343 1
74.5 0 0
71.5 0 1
71.5 12.20861405213451 0
71.75489999999999 12.7513 1
67.82660000000001 4.387890000000001 1
64.33959999999999 8.291080000000001 0
65.5 9.318363268328326 1
65.5 66.09578198906166 0
71.5 68.92918067846608 1
71.5 12.95245358052196 0
70.49809999999999 13.7431 0
64.33799999999999 15.00987966270527 1
55.22967410692452 5.729290000000001 0
51.02622436208894 5.729290000000001 1
64.33799999999999 19.29282833050377 0
64.33799999999999 23.57577699830226 1
46.82277461725336 5.729290000000001 0
40.5176 5.729290000000001 1
13.0174 5.729290000000001 0
16.17369869392709 5.729290000000001 1
13.0174 8.638883852521953 0
13.0174 12.71908678842705 1
20.59986256775852 5.729290000000001 0
25.02602644158996 5.729290000000001 1
13.0174 16.79928972433216 0
13.0174 20.87949266023725 1
29.4521903154214 5.729290000000001 0
33.87835418925285 5.729290000000001 1
13.0174 24.95969559614235 0
13.0174 29.03989853204745 1
38.30451806308427 5.729290000000001 0
42.61932487241779 5.729290000000001 1
64.33799999999999 27.85872566610075 0
64.33799999999999 30.0002 1
64.33799999999999 5.729290000000001 0
63.63657359659567 5.729290000000001 1
64.33799999999999 6.443982327108282 0
65.5 6.99218075250932 1
65.5 0 0
68.5 0 1
68.5 5.821568765369245 0
67.82660000000001 4.387890000000001 0
64.33799999999999 4.5 1
13.0174 4.5 0
13.0174 1.5 1
64.33799999999999 1.5 0
59.4331238517601 5.729290000000001 1
64.33799999999999 10.72693099490678 0
68.5 11.97421453081108 1
68.5 70.02873820058997 0
65.5 71.12829572271386 1
65.5 66.84335024565445 0
65.8229 66.3458 1
62.8716 70.89340000000001 0
62.5 70.59375802604114 1
62.5 77.52387855454904 0
59.5 74.32783680582907 1
59.5 68.17468934499553 0
58.8472 67.64830000000001 1
60.46559999999999 62.1977 0
62.5 63.77291412651896 1
62.5 30.84167327130555 0
63.02760000000001 31.2343 0
77.5 32.45850334805858 1
77.5 0 0
80.5 0 1
80.5 22.73797323878168 0
80.86920000000001 21.5417 0
82.5197 20.6697 1
86.59110000000001 26.1961 0
86.5 26.0724435083755 1
86.5 0 0
83.5 0 1
83.5 22.0003307216191 0
82.5197 20.6697 0
80.86920000000001 21.5417 1
75.27789999999999 39.6585 0
79.00129999999999 41.3687 1
84.30260000000001 53.1686 0
83.5 51.38213257880143 1
83.5 100 0
86.5 100 1
86.5 52.23175909821249 0
89.5 50.95273720626632 1
89.5 100 0
92.5 100 1
92.5 49.67371531432015 0
94.26060000000001 48.92310000000001 1
89.89519999999999 37.3373 0
92.5 44.25045614605763 1
92.5 27.2306316271646 0
95.5 25.43500017710338 1
95.5 100 0
98.5 100 1
98.5 0 0
95.5 0 1
95.5 24.84968626538577 0
95.74709999999999 25.2871 1
92.4161 19.3906 0
92.5 19.53911886820774 1
92.5 0 0
89.5 0 1
89.5 21.28851595951647 0
87.84139999999999 22.368 1
91.17349999999999 28.0246 0
89.5 25.18365281954323 1
89.5 37.483547834109 0
86.5 38.59372876104976 1
86.5 26.26315949152156 0
83.5 28.47148522768712 1
83.5 39.70390968799053 0
80.5 40.81409061493129 1
80.5 30.67981096385267 0
77.8159 32.65560000000001 1
79.727 36.6362 0
77.5 38.14901429952126 1
77.5 100 0
74.5 100 1
74.5 76.56734377454003 0
80.5 100 1
80.5 44.70458178937241 0
53.5 37.59968508215006 1
53.5 31.52817706151486 0
50.5 34.41442919437175 1
50.5 34.24465595710356 0
50.41370000000001 34.3228 1
55.0759 39.27290000000001 0
53.5 40.68075069580401 1
53.5 72.83498512349226 0
50.5 75.67396655179016 1
50.5 43.36083958939626 0
49.4062 44.33799999999999 0