50.4019 76.6813
32.6062 63.8751
43.1069 87.1795

40.693 45.4836
38.8819 42.1103
37.3138 40.4378
32.805 43.0121
35.6638 48.6233

45.4026 4.46963
44.8727 0.587676
37.4133 5.83479
37.9365 6.78718

51.8093 17.6765
39.3669 15.1871
38.5334 18.7021
51.0069 21.0965

59.6058 69.9426
42.0248 54.6822
36.7458 60.4743
46.104 69.1428
54.3137 74.1192

69.7579 90.6014
68.7881 90.1112
63.9369 96.2414
66.5673 99.1451

85.9439 54.9277
85.3542 40.9616
72.3274 41.208
72.7036 51.036

89.6774 11.8816
89.1921 6.04133
81.5479 6.00338
83.247 12.4751

88.4079 30.9897
84.916 25.6728
82.9535 28.1858
86.8628 32.8143

89.2053 71.0609
85.9908 68.9569
75.32 83.6055
78.9801 85.8751

90.1034 92.6783
88.7515 89.0628
81.2287 86.9994
78.535 87.6802
78.7924 95.4554

97.998 73.066
92.8574 70.7458
92.505 72.6933
97.7019 73.7222