56.2286 41.5137 0
58.50000000000001 42.68599071089955 1
58.50000000000001 64.31533694647146 0
61.50000000000001 65.77560717856974 1
61.50000000000001 44.2343186728167 0
70.5 64.74604491463606 1
70.5 10.59735833259534 0
73.5 13.17721274021858 1
73.5 26.54741303109898 0
72.2268 27.8405 0
73.5 29.39692019669473 1
73.5 66.57965679264274 0
76.5 68.41326867064939 1
76.5 28.08419303937613 0
74.1994 30.2519 1
72.2268 27.8405 1
77.2141 22.7753 0
76.5 23.50055400918332 1
76.5 15.97205159568118 0
75.57579999999999 14.9623 1
81.4385 21.3677 0
79.5 19.24975640745733 1
79.5 81.50935728942579 0
77.9469 79.30260000000001 1
79.75980000000001 81.8785 0
79.5 82.11894957589567 1
79.5 100 0
76.5 100 1
76.5 82.80703036571242 0
77.39009999999999 84.07169999999999 1
75.5772 81.49590000000001 0
76.5 80.64179304975312 1
76.5 73.74763233082706 0
70.5 87.37122272767039 1
70.5 74.30169319553411 0
67.5 72.74813254375377 1
67.5 85.38230787207718 0
66.2482 84.55240000000001 1
63.0539 97.02019999999999 1
63.0539 100 1
74.2499 100 1
74.2499 89.85730000000001 0
73.5 89.36013758326357 1
73.5 75.85525384731443 0
75.06809999999999 76.66730000000001 1
78.5128 69.64349999999999 0
64.5 45.78264663473385 1
64.5 67.23587741066805 0
64.9136 67.43719999999999 1
67.68270000000001 63.0241 0
67.5 63.31526802210102 1
67.5 44.75129716413866 0
66.3749 46.7503 1
70.0669 40.1906 0
67.5 38.69537766593689 1
67.5 0 0
70.5 0 1
70.5 9.572868699008389 0
73.5 6.761618211418824 1
73.5 0 0
76.5 0 1
76.5 6.812778302889171 0
88.5 15.34705588869957 1
88.5 0 0
85.5 0 1
85.5 15.47038590950113 0
82.5 12.11491813666663 1
82.5 0 0
79.5 0 1
79.5 9.055218809402525 0
80.2972 9.651109999999999 1
86.61330000000001 16.7156 0
85.5 17.71644697572852 1
85.5 100 0
88.5 100 1
88.5 29.01635968162084 0
91.5 29.94709317236652 1
91.5 100 0
94.5 100 1
94.5 50.1079386759582 0
96.7149 51.9464 0
97.5 51.00142137841351 1
97.5 100 0
100 100 1
100 0 0
97.5 0 1
97.5 46.40736362311421 0
99.79089999999999 48.244 1
96.7149 51.9464 0
91.80719999999999 47.8728 1
94.71350000000001 44.1734 0
94.5 44.44516199979354 1
94.5 18.7569030873463 0
92.15369999999999 30.1499 1
93.36359999999999 22.3022 1
95.82849999999999 14.6123 0
94.5 14.26973761610145 1
94.5 0 0
91.5 0 1
91.5 13.49616806269862 0
89.31479999999999 12.9327 1
86.67330000000001 20.7598 0
82.5 20.41342077181726 1
82.5 100 0
74.2499 95.30907088355968 1
73.077217882556 99.4067 0
74.2499 99.4067 1
63.0539 99.4067 0
65.99019449945905 99.4067 1
63.0539 98.57869763408692 0
61.50000000000001 100 1
61.50000000000001 75.23032451167407 0
62.6962 75.9425 1
65.12610000000001 71.5188 0
64.5 72.65863232643318 1
64.5 91.37586929217665 0
52.50000000000001 100 1
52.50000000000001 69.87204044970005 0
55.50000000000001 71.65813513702474 1
55.50000000000001 100 0
58.50000000000001 100 1
58.50000000000001 73.44422982434941 0
46.6144 77.40960000000001 1
46.1708 62.8725 0
52.50000000000001 66.08622010746606 1
52.50000000000001 34.45576813682793 0
52.35339999999999 34.5651 1
47.467 25.8853 0
49.5 24.89607817716283 1
49.5 0 0
52.50000000000001 0 1
52.50000000000001 25.35972093770851 0
53.17749999999999 26.3718 1
51.5288 23.9089 0
55.50000000000001 24.65308685787168 1
55.50000000000001 0 0
58.50000000000001 0 1
58.50000000000001 22.43300529645727 0
59.1362 21.9622 0
61.4701 25.5274 0
64.5 36.94787406151546 1
64.5 0 0
61.50000000000001 0 1
61.50000000000001 35.20037045709404 0
58.83069999999999 33.6455 1
56.2286 41.5137 0
56.2286 41.5137 0