93.5 41.5 0
93.5 44.99999999999996 1
99.5 44.99999999999994 0
99.5 45.99999999999994 1
93.5 45.99999999999996 0
93.5 48.5 0
83.5 54.5 0
79.5 54.5 0
79.5 50.99999999999999 1
60.5 51.00000000000001 0
67.5 58 1
12.5 58.0000000000001 0
12.5 59.0000000000001 1
67.5 59 0
67.5 60 1
12.5 60.0000000000001 0
12.5 61.0000000000001 1
29.5 61.00000000000007 0
29.5 61.5 1
29.5 63.5 1
25.5 63.5 0
25.5 64.00000000000006 1
12.5 64.00000000000009 0
12.5 65.00000000000009 1
25.5 65.00000000000006 0
25.5 66.00000000000006 1
16.5 66.00000000000009 0
16.5 67.00000000000009 1
25.5 67.00000000000006 0
25.5 68.00000000000006 1
16.5 68.00000000000009 0
16.5 69.00000000000009 1
25.5 69.00000000000006 0
25.5 70.00000000000006 1
16.5 70.00000000000009 0
16.5 70.18102496759067 0
15.81752080632549 71.00000000000009 1
25.5 71.00000000000006 0
25.5 72.00000000000006 1
14.98418747299216 72.00000000000009 0
14.15085413965882 73.00000000000009 1
25.5 73.00000000000006 0
25.5 74.00000000000006 1
13.31752080632549 74.00000000000009 0
12.48418747299216 75.00000000000009 1
25.5 75.00000000000006 0
20.5 76.00000000000009 1
25.5 76.00000000000006 0
25.5 77.00000000000006 1
20.5 77.00000000000009 0
20.5 78.00000000000009 1
25.5 78.00000000000006 0
25.5 79.00000000000006 1
20.5 79.00000000000009 0
20.5 80.00000000000009 1
25.5 80.00000000000006 0
25.5 81.00000000000006 1
14.5 81.00000000000009 0
14.70710678118663 82.00000000000009 1
25.5 82.00000000000006 0
25.5 82.5 1
25.5 64.5 1
25.5 63.5 0
29.5 63.00000000000007 1
12.5 63.0000000000001 0
12.5 62.0000000000001 1
29.5 62.00000000000007 0
29.5 61.5 1
29.5 60.5 1
30.5 60.5 1
31.5 60.5 1
31.5 81.5 1
31.5 82.5 1
25.5 82.5 0
31.5 82.5 0
31.5 82.00000000000006 1
67.5 82 0
67.5 86 1
18.70710678118662 86.00000000000009 0
17.70710678118662 85.00000000000009 1
67.5 85 0
67.5 84 1
16.70710678118662 84.00000000000009 0
15.70710678118663 83.00000000000009 1
67.5 83 0
67.5 81 1
31.5 81.00000000000006 0
31.5 80.00000000000006 1
67.5 80 0
67.5 79 1
31.5 79.00000000000006 0
31.5 78.00000000000006 1
67.5 78 0
67.5 77 1
31.5 77.00000000000006 0
31.5 76.00000000000006 1
67.5 76 0
67.5 75 1
31.5 75.00000000000006 0
31.5 74.00000000000006 1
67.5 74 0
67.5 73 1
31.5 73.00000000000006 0
31.5 72.00000000000006 1
67.5 72 0
67.5 71 1
31.5 71.00000000000006 0
31.5 70.00000000000006 1
67.5 70 0
67.5 69 1
31.5 69.00000000000006 0
31.5 68.00000000000006 1
67.5 68 0
67.5 67 1
31.5 67.00000000000006 0
31.5 66.00000000000006 1
67.5 66 0
67.5 65 1
31.5 65.00000000000006 0
31.5 64.00000000000006 1
67.5 64 0
67.5 63 1
31.5 63.00000000000006 0
31.5 62.00000000000006 1
67.5 62 0
67.5 61 1
31.5 61.00000000000006 0
40.5 53.5 1
40.5 48.5 1
38.5 48.5 1
38.5 47.5 0
38.5 48.00000000000004 1
12.5 48.0000000000001 0
12.5 49.0000000000001 1
40.5 49.00000000000004 0
40.5 50.00000000000004 1
12.5 50.0000000000001 0
12.5 51.0000000000001 1
40.5 51.00000000000004 0
40.5 52.00000000000004 1
12.5 52.0000000000001 0
12.5 53.0000000000001 1
40.5 53.00000000000004 0
40.5 53.5 1
47.5 53.5 1
47.5 52.5 1
47.5 50.5 1
56.5 50.5 1
56.5 52.5 1
60.5 52.5 1
60.5 51.5 1
60.5 48.5 1
73.5 48.5 0
73.5 47.99999999999999 1
79.5 47.99999999999999 0
79.5 48.99999999999999 1
60.5 49.00000000000001 0
60.5 50.00000000000001 1
79.5 49.99999999999999 0
79.5 51.99999999999999 1
60.5 52.00000000000001 0
60.5 52.5 0
56.5 52.5 0
56.5 52.00000000000001 1
47.5 52.00000000000003 0
47.5 51.00000000000003 1
56.5 51.00000000000001 0
47.5 53.00000000000003 1
79.5 52.99999999999999 0
79.5 54.5 1
83.5 54.5 0
93.5 48.5 1
93.5 41.5 0
93.5 41.5 0