93.5 41.5 0
93.5 48.5 0
83.5 48.99999999999997 1
138.2928932188133 48.99999999999989 0
139.2928932188133 49.99999999999987 1
83.5 49.99999999999997 0
83.5 50.99999999999997 1
141.5 50.99999999999987 0
141.5 51.99999999999987 1
83.5 51.99999999999997 0
83.5 52.99999999999997 1
141.5 52.99999999999987 0
141.5 53.99999999999987 1
83.5 53.99999999999997 0
86.5 55.99999999999997 1
12.5 56.0000000000001 0
12.5 57.0000000000001 1
86.5 56.99999999999997 0
86.5 60.99999999999997 1
78.5 60.99999999999999 0
78.5 61.99999999999999 1
86.5 61.99999999999997 0
86.5 63.99999999999997 1
78.5 63.99999999999999 0
78.5 62.99999999999999 1
86.5 62.99999999999997 0
86.5 59.99999999999997 1
78.5 59.99999999999999 0
78.5 58.99999999999999 1
86.5 58.99999999999997 0
86.5 57.99999999999997 1
78.5 57.99999999999999 0
78.5 57.5 0
73.5 48.5 1
73.5 47.5 1
68.5 43.5 1
68.5 41.5 1
59.5 41.5 1
59.5 42.5 0
59.5 42.00000000000001 1
50.5 42.00000000000003 0
50.5 41.00000000000003 1
79.5 40.99999999999999 0
79.5 39.99999999999999 1
50.5 40.00000000000003 0
50.5 39.00000000000003 1
79.5 38.99999999999999 0
79.5 37.99999999999999 1
54.5 38.00000000000003 0
56.5 42.5 0
56.5 43.00000000000001 1
59.5 43.00000000000001 0
59.5 45.00000000000001 1
56.5 45.00000000000001 0
56.5 44.00000000000001 1
59.5 44.00000000000001 0
59.5 42.5 1
59.5 45.5 1
56.5 45.5 1
56.5 42.5 1
50.5 42.5 1
50.5 38.5 1
54.5 38.5 1
54.5 37.5 1
54.5 27.5 1
49.5 27.5 0
50 27.5 1
50 33.5 0
50.5 27.5 1
50.5 28.5 1
50.5 33.5 1
49.5 33.5 1
49.5 26.5 0
48.5 26.5 1
45.5 26.5 0
48.5 26.5 1
49.5 26.5 0
49.5 27.00000000000003 1
81.2426910523541 26.99999999999998 0
80.52840533806838 27.99999999999998 1
54.5 28.00000000000002 0
54.5 27.5 0
53.5 20.5 0
53.5 18.00000000000002 1
27.5 18.00000000000006 0
27.5 17.00000000000006 1
53.5 17.00000000000002 0
53.5 19.00000000000002 1
27.5 19.00000000000006 0
27.5 20.00000000000006 1
53.5 20.00000000000002 0
53.5 20.5 0
54.5 27.5 0
54.5 29.00000000000002 1
79.81411962378269 28.99999999999998 0
79.09983390949697 29.99999999999998 1
54.5 30.00000000000002 0
54.5 31.00000000000002 1
78.5 30.99999999999998 0
78.5 31.99999999999998 1
54.5 32.00000000000003 0
54.5 33.00000000000003 1
79.5 32.99999999999999 0
79.5 33.99999999999999 1
54.5 34.00000000000003 0
54.5 35.00000000000003 1
79.5 34.99999999999999 0
79.5 35.99999999999999 1
54.5 36.00000000000003 0
54.5 37.00000000000003 1
79.5 36.99999999999999 0
79.5 41.99999999999999 1
68.5 42 0
68.5 43 1
79.5 42.99999999999999 0
79.5 43.99999999999999 1
69.125 44 0
70.375 45 1
79.5 44.99999999999999 0
79.5 45.99999999999999 1
71.625 46 0
72.875 46.99999999999999 1
79.5 46.99999999999999 0
79.5 53.99999999999999 1
12.5 54.0000000000001 0
12.5 55.0000000000001 1
86.5 54.99999999999997 0
86.5 54.5 0
93.5 48.5 0
99.5 41.99999999999994 1
93.5 41.99999999999996 0
93.5 41.5 0