47.9858 56.8095 0
47.9858 56.8095 1
42.7002 59.1759 0
43.67278857600274 61.5 1
34.22019383770758 61.5 0
34.11960649635137 58.5 1
44.20989279918864 58.5 0
34.01901915499514 55.5 1
70.51616303749773 55.5 0
70.99770000000001 54.87430000000001 1
80.78890000000001 62.35720000000001 0
79.23678336201834 64.5 1
100 64.5 0
100 61.5 1
79.6672738069465 61.5 0
75.74184382659129 58.5 1
100 58.5 0
100 55.5 1
71.81641384623609 55.5 0
74.37129999999999 50.2912 1
64.23390000000001 50.65949999999999 0
64.21018028269816 49.5 1
33.81784447228269 49.5 0
33.71725713092647 46.5 1
64.1488097334049 46.5 0
64.0967 43.95269999999999 1
75.2448 43.1343 0
75.65429606737891 40.5 1
15.46366054450861 40.5 0
8.480709465842232 43.5 1
70.26329930351906 43.5 0
55.04936315478341 22.5 1
0 22.5 0
0 19.5 1
48.26308117507965 19.5 0
63.8082 64.21619999999999 0
67.83231293774318 67.5 1
21.96409086071988 67.5 0
21.6324 67.51660000000001 0
10.5582 61.23860000000001 0
9.913034353114632 61.5 1
9.079236757929728 61.5 0
9.219000000000001 61.7812 1
10.5582 61.23860000000001 0
10.67119882689884 61.5 1
24.84286478207465 61.5 0
23.24206128072439 64.5 1
11.96804840875243 64.5 0
12.4449 65.60310000000001 0
8.959890000000001 67.16569999999999 1
4.549432301988178 67.16569999999999 1
3.87204 65.3563 1
8.959890000000001 67.16569999999999 0
0 73.5 1
100 73.5 0
100 76.5 1
0 76.5 0
0 79.5 1
100 79.5 0
100 88.5 1
66.46342412026559 88.5 0
66.54949999999999 88.39060000000001 1
59.5894 82.16229999999999 0
59.96677838093862 82.5 1
100 82.5 0
100 85.5 1
63.31926621871136 85.5 0
49.57870630466634 64.5 1
64.15598100119723 64.5 0
63.8082 64.21619999999999 1
73.6343 72.2346 0
77.06376212161095 67.5 1
100 67.5 0
100 70.5 1
74.89074088120356 70.5 0
73.6343 72.2346 0
71.50864487428913 70.5 1
0 70.5 0
2.947761067293803 67.16569999999999 1
0 59.29185959834972 0
0 57.4494 1
0 67.16569999999999 0
0 67.5 1
21.64125777937414 67.5 0
21.6324 67.51660000000001 1
34.40049999999999 66.8776 0
34.32078117906381 64.5 1
44.92822755367506 64.5 0
45.62779999999999 66.17169999999999 1
50.9509 63.9194 0
49.94191774427208 61.5 1
65.89857989060042 61.5 0
68.20737146404906 58.5 1
48.69080310130944 58.5 0
47.9858 56.8095 0