50.9109 55.077 0
65.46226135159012 52.5 1
0 52.5 0
0 49.5 1
82.40214651060072 49.5 0
61.63237186105712 46.5 1
100 46.5 0
100 49.5 1
89.4874789433089 49.5 0
89.6464 50.35939999999999 1
51.1948 57.1601 0
60.58111334421457 55.5 1
100 55.5 0
100 52.5 1
77.54330841236933 52.5 0
72.8272488957806 82.5 1
0 82.5 0
0 85.5 1
25.76854774047118 85.5 0
26.66501770217838 88.5 1
0 88.5 0
0 91.5 1
27.56148766388558 91.5 0
27.7539 92.1439 1
34.375 90.2329 0
29.98483997383569 91.5 1
100 91.5 0
100 88.5 1
33.84182337776218 88.5 0
32.91878692631465 85.5 1
72.09097743830787 85.5 0
71.8672 86.4118 1
77.47900000000001 87.36510000000001 0
77.87083203019893 85.5 1
100 85.5 0
100 82.5 1
78.5010910461213 82.5 0
82.65369999999999 78.5341 1
76.75200000000001 75.5796 0
77.72793925046679 73.5 1
0 73.5 0
0 70.5 1
79.1358146839157 70.5 0
79.56700000000001 69.5812 1
85.44739999999999 72.41759999999999 0
81.4718482301509 70.5 1
100 70.5 0
100 73.5 1
84.95301581296494 73.5 0
83.58277139213604 76.5 1
100 76.5 0
100 79.5 1
78.38728560015463 79.5 0
79.0874 79.70920000000001 1
73.8931 78.15710000000001 0
73.5635203532533 79.5 1
0 79.5 0
0 76.5 1
78.59052586901336 76.5 0
100 94.5 1
0 94.5 0
0 97.5 1
100 97.5 0
100 100 1
0 100 0
0 67.5 1
100 67.5 0
100 64.5 1
0 64.5 0
0 61.5 1
100 61.5 0
100 58.5 1
0 58.5 0
0 55.5 1
50.96854951274543 55.5 0
50.9109 55.077 0