51.6995 54.2158 0
51.18304550099107 55.5 1
100 55.5 0
100 58.5 1
49.97656403624511 58.5 0
48.77008257149915 61.5 1
100 61.5 0
100 64.5 1
47.56360110675318 64.5 0
48.73784105239453 70.5 1
45.15063817726126 70.5 0
46.35711964200722 67.5 1
100 67.5 0
100 70.5 1
49.69772722148221 70.5 0
49.31529999999999 70.04589999999999 1
37.45659999999999 79.37129999999999 0
37.807293338356 79.5 1
0 79.5 0
0 82.5 1
79.38541123150657 82.5 0
79.34690000000001 84.36340000000001 1
80.547231636953 84.36340000000001 1
80.54920000000001 84.26820000000001 1
79.34690000000001 84.36340000000001 0
80.52373120166706 85.5 1
0 85.5 0
0 88.5 1
80.46170295438759 88.5 0
80.4599 88.5872 1
86.59100000000001 88.1138 0
86.41375169610228 85.5 1
100 85.5 0
100 100 1
0 100 0
0 97.5 1
100 97.5 0
100 94.5 1
0 94.5 0
0 91.5 1
100 91.5 0
100 88.5 1
81.58924499366287 88.5 0
86.59100000000001 88.1138 0
86.21031420597558 82.5 1
100 82.5 0
100 79.5 1
86.0068767158489 79.5 0
85.94710000000001 78.61850000000001 1
79.45599999999999 79.08449999999999 0
79.44741278486049 79.5 1
47.68444323854092 79.5 0
51.89129169066474 76.5 1
100 76.5 0
100 73.5 1
52.22422284897975 73.5 0
53.6778 75.226 1
44.32850000000001 81.89320000000001 1
37.45659999999999 79.37129999999999 0
41.10790560726618 76.5 1
0 76.5 0
0 73.5 1
44.92287332983035 73.5 0
34.39407814242294 67.5 1
0 67.5 0
0 70.5 1
44.01747220160733 70.5 0
45.0244 70.81389999999999 1
27.8213 65.45099999999999 0
28.18803068490799 64.5 1
0 64.5 0
0 61.5 1
29.34490981710982 61.5 0
30.50178894931166 58.5 1
0 58.5 0
0 55.5 1
31.6586680815135 55.5 0
32.81554721371533 52.5 1
0 52.5 0
0 49.5 1
33.97242634591717 49.5 0
33.60760000000001 37.59990000000001 1
57.87949999999999 23.3809 0
54.26218631479007 25.5 1
0 25.5 0
0 28.5 1
49.14117217877488 28.5 0
44.02015804275969 31.5 1
0 31.5 0
0 34.5 1
38.8991439067445 34.5 0
33.77812977072931 37.5 1
0 37.5 0
0 40.5 1
35.24106650282732 40.5 0
36.93080117007395 43.5 1
0 43.5 0
0 46.5 1
80.18751702094158 46.5 0
51.6995 54.2158 0