19.5 81.5 0
14.5 86.5 0
12 86.5 1
12 106.5 0
13 106.5 1
13 86.5 0
14 86.5 1
14 106.5 0
15 106.5 1
15 26.5 0
14 26.5 1
14 43.5 0
38 39.5 1
38 81.5 0
39 81.5 1
39 39.5 0
40 39.5 1
40 81.5 0
41 81.5 1
41 39.5 0
42 39.5 1
42 81.5 0
45 81.5 1
45 49.5 0
44 49.5 1
44 81.5 0
43 81.5 1
43 49.5 0
47.5 52.5 0
48 52.5 1
48 57.5 0
49 57.5 1
49 52.5 0
50 52.5 1
50 57.5 0
47 57.5 1
47 49.5 0
46 49.5 1
46 81.5 0
47 81.5 1
47 70.5 0
50 74.5 1
50 70.5 0
51 70.5 1
51 74.5 0
49 74.5 1
49 70.5 0
48 70.5 1
48 74.5 0
47.5 74.5 0
37 81.5 1
37 16.5 0
36 16.5 1
36 81.5 0
35 81.5 1
35 16.5 0
34 16.5 1
34 81.5 0
33 81.5 1
33 16.5 0
32 16.5 1
32 81.5 0
31 81.5 1
31 16.5 0
30 16.5 1
30 81.5 0
29 81.5 1
29 16.5 0
28 16.5 1
28 81.5 0
27 81.5 1
27 16.5 0
26 16.5 1
26 81.5 0
25 81.5 1
25 16.5 0
24 16.5 1
24 81.5 0
23 81.5 1
23 16.5 0
18 16.84031242374329 1
18 106.5 0
17 106.5 1
17 26.5 0
16 26.5 1
16 106.5 0
28.5 101.0403124237433 0
29 100.6403124237433 1
29 122.5 0
30 122.5 1
30 99.84031242374328 0
32 98.24031242374329 1
32 122.5 0
31 122.5 1
31 99.04031242374327 0
28.5 101.0403124237433 0
28 98.5 1
28 122.5 0
27 122.5 1
27 98.5 0
26 98.5 1
26 122.5 0
25 122.5 1
25 98.5 0
24 98.5 1
24 122.5 0
23 122.5 1
23 98.5 0
22 98.5 1
22 122.5 0
21 122.5 1
21 98.5 0
20 98.5 1
20 122.5 0
19.5 106.5 0
19 106.5 1
19 16.04031242374329 0
20 15.24031242374329 1
20 81.5 0
19.5 81.5 0