52.3339 45.7629 0
54.72897448218724 67.5 1
0 67.5 0
0 70.5 1
23.40047682282736 70.5 0
20.3701 73.06129999999999 0
21.17532947945003 73.5 1
0 73.5 0
0 76.5 1
38.55165231803832 76.5 0
37.24405814773169 79.5 1
0 79.5 0
0 82.5 1
35.93646397742508 82.5 0
34.87569999999999 84.93369999999999 1
46.8708 90.80629999999999 0
42.16005873888908 88.5 1
0 88.5 0
0 85.5 1
36.03239807751251 85.5 0
34.87569999999999 84.93369999999999 0
28.17288495412281 73.5 1
39.85924648834494 73.5 0
40.9228 71.0599 1
53.45569999999999 77.2166 0
51.99695162181038 76.5 1
100 76.5 0
100 79.5 1
78.49078540145985 79.5 0
100 100 1
0 100 0
0 97.5 1
100 97.5 0
100 94.5 1
77.41629814635797 94.5 0
79.9136 92.80869999999999 1
73.8039 96.94649999999999 0
79.9136 92.80869999999999 0
79.56649999999999 92.02189999999999 1
72.48490000000001 95.14570000000001 0
73.94869061399578 94.5 1
0 94.5 0
0 91.5 1
100 91.5 0
100 88.5 1
70.46940814551039 88.5 0
74.33690500031986 85.5 1
100 85.5 0
100 82.5 1
78.20440185512933 82.5 0
79.66579999999999 81.3664 1
67.57419999999999 90.7458 0
65.40000000000001 88.99850000000001 0
65.83579829971569 88.5 1
47.98831950889277 88.5 0
49.44197190740046 85.5 1
68.45845607132463 85.5 0
71.08111384293358 82.5 1
50.89562430590816 82.5 0
52.34927670441584 79.5 1
73.90587008753096 79.5 0
73.21010000000001 80.06469999999999 1
76.94030000000001 77.03720000000001 0
74.89785959192724 64.5 1
0 64.5 0
0 61.5 1
73.70322931713875 61.5 0
73.57060000000001 61.569 1
77.71690000000001 59.4119 0
75.54458191197807 49.5 1
100 49.5 0
100 46.5 1
79.13967186222717 46.5 0
79.5822 48.5159 1
74.4922 49.7565 0
74.43750887372013 49.5 1
12.61741219126394 49.5 0
29.3764 72.52279999999999 1
25.363 75.78149999999999 1
20.3701 73.06129999999999 1
25.5448 68.6876 0
27.35549874843554 70.5 1
55.20122546450828 70.5 0
58.69259130216673 73.5 1
45.88999497295629 73.5 0
52.3339 45.7629 0