50.71720000000001 45.49339999999999 0
50.71720000000001 45.49339999999999 1
55.7056 51.53749999999999 0
55.5 51.58596742176799 1
55.5 57.09349147293577 0
46.5 53.70759580655357 1
46.5 100 0
43.5 100 1
43.5 54.41480526814877 0
49.5 66.50852553736394 1
49.5 53.00038634495839 0
52.5 52.29317688336319 1
52.5 56.24491526436861 0
52.0651 56.1219 1
47.6919 73.82990000000001 0
49.5 74.31349080314246 1
49.5 100 0
52.5 100 1
52.5 75.11586479209629 0
55.5 75.91823878105009 1
55.5 100 0
58.5 100 1
58.5 76.72061277000392 0
61.5 77.52298675895776 1
61.5 100 0
64.5 100 1
64.5 78.32536074791156 0
65.77959999999999 78.66759999999999 1
69.27969999999999 60.99120000000001 0
69.27969999999999 60.31731869611068 1
60.7804 57.91321743961909 0
60.7804 58.58709874350842 1
60.7804 48.4768 1
61.6776 57.044 1
60.7804 56.79021914189119 0
55.5 51.28838866971374 1
55.5 22.10018798061663 0
54.2944 20.3354 0
55.5 19.48345935334168 1
55.5 0 0
58.5 0 1
58.5 17.36350087625561 0
54.2944 20.3354 1
59.0201 27.253 0
58.5 26.49166437564805 1
58.5 57.94206768150291 0
70.5 59.03367503844183 1
70.5 100 0
67.5 100 1
67.5 69.97914008171196 0
73.5 59.71025115325475 1
73.5 100 0
76.5 100 1
76.5 86.62294240309089 0
80.14070000000001 86.30340000000001 0
79.5 81.17984107088157 1
79.5 39.97684668071122 0
96.65309999999999 56.15989999999999 1
97.91409999999999 62.7877 0
97.5 62.83734451012317 1
97.5 100 0
100 100 1
100 0 0
97.5 0 1
97.5 60.61119565424266 0
97.91409999999999 62.7877 0
94.5 63.19700046368399 1
94.5 100 0
91.5 100 1
91.5 17.20424034264591 0
88.91319999999999 17.066 0
88.5 14.95899279060577 1
88.5 100 0
85.5 100 1
85.5 14.88972163382826 0
85.32149999999999 14.8856 1
85.12110000000001 11.5966 0
87.9581 8.79241 1
88.0521 11.0546 0
85.5 11.52653387922211 1
85.5 0 0
88.5 0 1
88.5 8.828004811449652 0
92.34950000000001 9.080860000000001 1
92.77080000000001 11.2531 0
92.34950000000001 9.080860000000001 0
91.5 9.025060420139365 1
91.5 0 0
94.5 0 1
94.5 11.09966780952381 0
94.66079999999999 11.0854 1
94.53999999999999 17.3667 0
94.5 17.36456237292955 1
94.5 56.43516622954914 0
73.5 57.18533849004588 1
73.5 40.91234930562918 0
76.5 43.38958348351532 1
76.5 73.36235924265526 0
78.50839999999999 73.25020000000001 1
80.14070000000001 86.30340000000001 0
79.5 86.35963391591187 1
79.5 100 0
82.5 100 1
82.5 36.298174733294 0
82.56309999999999 36.2208 1
76.62960000000001 43.4966 0
70.5 38.43511512774303 1
70.5 57.17591540008587 0
69.89019999999999 57.17400000000001 1
67.62960000000001 47.5612 0
67.5 47.57852490801845 1
67.5 35.95788094985689 0
64.5 33.48064677197074 1
64.5 47.97956444548268 0
61.5 48.38060398294691 1
61.5 25.41421576887345 0
61.5368 28.73930929511562 1
65.58619999999999 24.05203275929618 0
65.58619999999999 22.3844 1
65.58619999999999 26.34652346418057 1
67.6508 23.9567 0
67.5 24.13125457638208 1
67.5 0 0
82.5 0 1
82.5 36.16890561013392 0
79.5 33.70166045009825 1
79.5 0 0
76.5 0 1
76.5 31.23441529006256 0
73.5 28.76717013002689 1
73.5 0 0
70.5 0 1
70.5 26.29992496999122 0
64.5 20.85448276385725 1
64.5 0 0
61.5 0 1
61.5 16.62897023538345 0
60.845 15.7064 1
65.58619999999999 22.3844 1
61.5368 25.3869294832549 1
61.5368 31.0338 0
34.5 33.60489874229049 1
34.5 0 0
37.5 0 1
37.5 100 0
40.5 100 1
40.5 0 0
1.5 0 1
1.5 100 0
4.5 100 1
4.5 0 0
7.5 0 1
7.5 100 0
10.5 100 1
10.5 0 0
13.5 0 1
13.5 100 0
16.5 100 1
16.5 0 0
19.5 0 1
19.5 100 0
22.5 100 1
22.5 0 0
25.5 0 1
25.5 100 0
28.5 100 1
28.5 0 0
31.5 0 1
31.5 33.80013584211406 0
30.9184 33.9932 0
33.7534 42.9144 1
30.9184 33.9932 0
31.5 35.82338339329806 1
31.5 100 0
34.5 100 1
34.5 43.04517906257162 0
35.4986 43.2201 1
37.44450000000001 34.60850000000001 0
44.3419 44.74890000000001 1
41.7025 49.4979 0
43.5 46.26370756990225 1
43.5 0 0
46.5 0 1
46.5 11.52160882500298 0
44.7184 11.9297 1
45.49169999999999 15.7536 0
46.5 15.47273588067908 1
46.5 42.64148785828026 0
48.6123 40.5788 1
51.52979999999999 44.2985 0
49.5 41.71058326992288 1
49.5 14.63707947091734 0
49.63849999999999 14.5985 1
48.90989999999999 10.9696 0
49.5 13.90868027724403 1
49.5 0 0
52.5 0 1
52.5 47.65349571806591 0
50.71720000000001 45.49339999999999 0