42.8608 59.7768
38.8968 52.0914
14.375 64.5314
18.1719 72.4267

53.0996 41.528
52.4526 33.266
41.0702 32.3659
40.2057 39.8434

54.845 23.6361
53.9743 21.5807
47.0783 24.2067
47.2357 25.0522

37.1003 34.9565
31.2761 29.9989
26.5972 23.4355
22.4393 27.3702
26.4887 33.9952
32.7499 39.196

51.7975 79.2486
49.8621 74.0665
46.617 75.4591
44.6345 77.0332
47.1384 81.9891
48.5223 80.3746

79.6879 88.557
52.232 87.0593
51.5693 95.795
79.275 97.1946

65.7954 66.4917
63.9041 59.5611
53.1053 62.4098
54.0628 66.2781
53.0246 67.2641
57.4188 74.0715
56.5751 69.4305

95.9198 52.7593
94.9652 44.2785
77.8341 45.7228
78.3532 53.7738