93.5 41.5 0
93.5 44.99999999999996 1
99.5 44.99999999999994 0
99.5 45.99999999999994 1
93.5 45.99999999999996 0
93.5 48.5 0
86.5 54.5 0
86.5 57.99999999999997 1
78.5 57.99999999999999 0
78.5 57.5 0
73.5 48.5 1
60.5 48.5 1
60.5 51.5 1
60.5 52.5 1
56.5 52.5 1
56.5 50.5 1
47.5 50.5 1
47.5 52.5 1
47.5 53.5 1
40.5 53.5 0
40.5 53.00000000000004 1
12.5 53.0000000000001 0
12.5 52.0000000000001 1
40.5 52.00000000000004 0
40.5 51.00000000000004 1
12.5 51.0000000000001 0
12.5 50.0000000000001 1
40.5 50.00000000000004 0
40.5 49.00000000000004 1
12.5 49.0000000000001 0
12.5 48.0000000000001 1
38.5 48.00000000000004 0
38.5 47.5 1
38.5 48.5 1
40.5 48.5 1
40.5 53.5 0
31.5 61.00000000000006 1
67.5 61 0
67.5 62 1
31.5 62.00000000000006 0
31.5 63.00000000000006 1
67.5 63 0
67.5 64 1
31.5 64.00000000000006 0
31.5 65.00000000000006 1
67.5 65 0
67.5 66 1
31.5 66.00000000000006 0
31.5 67.00000000000006 1
67.5 67 0
67.5 68 1
31.5 68.00000000000006 0
31.5 69.00000000000006 1
67.5 69 0
67.5 70 1
31.5 70.00000000000006 0
31.5 71.00000000000006 1
67.5 71 0
67.5 72 1
31.5 72.00000000000006 0
31.5 73.00000000000006 1
67.5 73 0
67.5 74 1
31.5 74.00000000000006 0
31.5 75.00000000000006 1
67.5 75 0
67.5 76 1
31.5 76.00000000000006 0
31.5 77.00000000000006 1
67.5 77 0
67.5 78 1
31.5 78.00000000000006 0
31.5 79.00000000000006 1
67.5 79 0
67.5 80 1
31.5 80.00000000000006 0
31.5 81.00000000000006 1
67.5 81 0
67.5 83 1
15.70710678118663 83.00000000000009 0
16.70710678118662 84.00000000000009 1
67.5 84 0
67.5 85 1
17.70710678118662 85.00000000000009 0
18.70710678118662 86.00000000000009 1
67.5 86 0
67.5 82 1
31.5 82.00000000000006 0
31.5 82.5 1
31.5 81.5 1
31.5 60.5 1
30.5 60.5 1
29.5 60.5 1
29.5 61.5 0
29.5 61.00000000000007 1
12.5 61.0000000000001 0
12.5 60.0000000000001 1
67.5 60 0
67.5 59 1
12.5 59.0000000000001 0
12.5 58.0000000000001 1
67.5 58 0
67.5 57.5 1
67.5 86.5 1
19.20710678118655 86.50000000000001 1
14.5 81.79289321881346 1
14.5 80.5 1
20.5 80.5 1
20.5 75.5 1
12.06752080632556 75.50000000000001 1
16.5 70.18102496759067 0
16.5 70.00000000000009 1
25.5 70.00000000000006 0
25.5 69.00000000000006 1
16.5 69.00000000000009 0
16.5 68.00000000000009 1
25.5 68.00000000000006 0
25.5 67.00000000000006 1
16.5 67.00000000000009 0
16.5 66.00000000000009 1
25.5 66.00000000000006 0
25.5 65.00000000000006 1
12.5 65.00000000000009 0
12.5 64.00000000000009 1
25.5 64.00000000000006 0
25.5 63.5 1
29.5 63.5 1
29.5 61.5 0
29.5 62.00000000000007 1
12.5 62.0000000000001 0
12.5 63.0000000000001 1
29.5 63.00000000000007 0
25.5 63.5 1
25.5 64.5 1
25.5 82.5 1
31.5 82.5 0
25.5 82.5 0
25.5 82.00000000000006 1
14.70710678118663 82.00000000000009 0
14.5 81.00000000000009 1
25.5 81.00000000000006 0
25.5 80.00000000000006 1
20.5 80.00000000000009 0
20.5 79.00000000000009 1
25.5 79.00000000000006 0
25.5 78.00000000000006 1
20.5 78.00000000000009 0
20.5 77.00000000000009 1
25.5 77.00000000000006 0
25.5 76.00000000000006 1
20.5 76.00000000000009 0
25.5 75.00000000000006 1
12.48418747299216 75.00000000000009 0
13.31752080632549 74.00000000000009 1
25.5 74.00000000000006 0
25.5 73.00000000000006 1
14.15085413965882 73.00000000000009 0
14.98418747299216 72.00000000000009 1
25.5 72.00000000000006 0
25.5 71.00000000000006 1
15.81752080632549 71.00000000000009 0
16.5 70.18102496759067 1
16.5 65.5 1
12.5 65.5 1
12.5 23.5 1
15.5 23.5 1
15.5 18.20710678118655 1
19.20710678118655 14.5 1
21.5 14.5 1
21.5 20.5 0
20.98528137423857 20.5 1
21.5 19.98528137423857 0
21.5 18.57106781186548 1
19.57106781186548 20.5 0
43.5 28.00000000000004 1
12.5 28.00000000000009 0
12.5 29.00000000000009 1
43.5 29.00000000000004 0
43.5 30.00000000000004 1
12.5 30.00000000000009 0
12.5 31.00000000000009 1
43.5 31.00000000000004 0
43.5 32.00000000000004 1
12.5 32.0000000000001 0
12.5 33.0000000000001 1
43.5 33.00000000000004 0
43.5 34.00000000000004 1
12.5 34.0000000000001 0
12.5 35.0000000000001 1
43.5 35.00000000000004 0
43.5 36.00000000000004 1
12.5 36.0000000000001 0
12.5 37.0000000000001 1
43.5 37.00000000000004 0
43.5 38.00000000000004 1
12.5 38.0000000000001 0
12.5 39.0000000000001 1
43.5 39.00000000000004 0
43.5 40.00000000000004 1
12.5 40.0000000000001 0
12.5 41.0000000000001 1
43.5 41.00000000000004 0
42.99999999999996 42.00000000000004 1
12.5 42.0000000000001 0
12.5 43.0000000000001 1
41.99999999999996 43.00000000000004 0
40.99999999999996 44.00000000000004 1
12.5 44.0000000000001 0
12.5 45.0000000000001 1
39.99999999999996 45.00000000000004 0
38.99999999999996 46.00000000000004 1
12.5 46.0000000000001 0
12.5 47.0000000000001 1
38.5 47.00000000000004 0
38.5 47.5 1
38.5 46.5 1
43.5 41.5 1
43.5 28.5 1
43.5 27.5 1
45.5 27.5 1
45.5 26.5 0
45.5 27.00000000000004 1
12.5 27.00000000000009 0
12.5 26.00000000000009 1
81.95697676663983 25.99999999999998 0
82.67126248092555 24.99999999999997 1
12.5 25.00000000000009 0
12.5 24.00000000000009 1
82.5 23.99999999999997 0
82.5 20.99999999999997 1
15.5 21.00000000000009 0
15.5 22.00000000000009 1
82.5 21.99999999999997 0
82.5 22.99999999999997 1
15.5 23.00000000000009 0
18.15685424949238 20.5 1
21.5 17.15685424949238 0
21.5 15.74264068711929 1
16.74264068711928 20.5 0
15.5 18.91421356237309 1
19.91421356237309 14.5 0
21.32842712474619 14.5 1
15.5 20.32842712474619 0
15.5 20.5 1
27.5 20.5 1
27.5 16.5 1
53.5 16.5 1
53.5 20.5 1
82.5 20.5 1
82.5 24.5 1
83.02840533806838 24.5 1
78.5 30.83976747329573 1
78.5 32.5 1
79.5 32.5 1
79.5 54.5 1
83.5 54.5 1
83.5 48.5 1
93.5 48.5 1
93.5 41.5 0
93.5 41.5 0