49.83580000000001 41.26390000000001 0
56.11465873242334 57.545907572261 1
57.2390816141275 41.57684945628993 0
57.6519 41.5943 1
58.3306 36.2157 1
49.8554 35.5718 1
49.86020007824807 35.50362927015102 1
58.33540007824807 36.14752927015103 0
58.37048181619413 35.64929829212181 1
56.93056388291727 36.04079739052889 0
58.3306 36.2157 1
58.48741190781003 33.98865667863019 0
58.48207132937493 34.06450359422637 1
58.3677 34.0956 1
58.48741190781003 33.98865667863019 1
59.7684 32.8443 0
80.69309999999999 15.5376 1
81.42410000000001 29.4387 0
82.16275059570967 29.30280547677349 1
79.39788406860796 68.56945059099743 0
82.38089178931108 68.91626331609305 1
85.20964867206482 28.74224712372941 0
89.5 31.87791083862933 1
89.5 53.36674095580462 0
88.41890000000001 54.6086 1
97.87690000000001 43.74420000000001 0
95.5 46.47454387396913 1
95.5 0 0
98.5 0 1
98.5 100 0
95.5 100 1
95.5 54.49536549296494 0
92.5 54.54333876281075 1
92.5 100 0
89.5 100 1
89.5 54.59131203265656 0
88.41890000000001 54.6086 0
92.5 49.92064241488687 1
92.5 27.40099210597416 0
94.00829999999999 27.1235 1
90.19 13.5272 0
89.5 13.6732661900199 1
89.5 0 0
92.5 0 1
92.5 21.75270690097688 0
90.19 13.5272 0
86.5 14.30833658141078 1
86.5 0 0
83.5 0 1
83.5 14.94340697280165 0
80.69309999999999 15.5376 1
81.7871427945023 0 0
81.21860957434453 0 1
76.41487634790482 68.22263786590182 0
82.71539999999999 67.80950000000001 0
85.39691276159718 68.7942217144905 1
88.25654674841994 28.18168877068531 0
89.77999578659751 27.90140959416327 1
84.70334666914835 100 0
84.80896556728919 98.5 1
63.30161876129819 98.5 0
62.14763887444568 100 1
67.90409838830826 18.24673971434572 0
68.9776 18.1176 1
71.00630000000001 10.4497 0
66.18147104454275 0 1
65.34608546034104 11.86414929865471 0
67.2799 12.0629 1
67.89500000000001 9.75234 0
68.49277695563296 9.886324423803618 1
69.18889875050311 0 0
78.21118186838419 0 1
73.43186862720168 67.8758251408062 0
72.77279999999999 67.79920000000001 1
68.73429999999999 76.7731 1
81.90119999999999 77.79480000000001 0
81.78809379353916 79.40113476580143 1
68.62491389640141 78.32660186648474 0
68.41418470278578 81.31937868945334 1
81.57736459784638 82.39391158860047 0
68.30882010597796 82.81576710093765 1
68.73429999999999 76.7731 0
69.99525312044398 73.97115194811138 1
75.20375416242382 0 0
72.19632645646345 0 1
66.37616180497028 82.65800089673789 0
66.30510000000001 82.65219999999999 1
64.77209999999999 86.1729 1
63.6242 93.9187 1
85.06399999999999 94.87799999999999 1
86.55199999999999 69.2184 0
86.5 74.48392244460589 1
86.5 100 0
85.02020336357091 95.5 1
63.51285655757991 95.5 0
59.14021116848532 100 1
59.48099703788988 95.1601577643323 0
59.38939999999999 95.31 1
62.5244 90.1815 0
59.38939999999999 95.31 0
56.7521 94.0573 1
59.6006 88.29040000000001 0
59.94885415757157 88.51564914063329 1
64.68034830130904 21.31895100673727 0
57.97961380030581 31.05980848331924 1
60.16661563262205 0 0
63.17404333858241 0 1
62.08905624093802 15.40899095819036 0
64.12549999999999 15.4612 1
64.8776 11.816 0
62.027 15.4074 1
61.3605 20.9316 0
61.69742694505479 20.97091173340433 1
59.17700697955638 56.76592583405771 0
59.96469999999999 56.56529999999999 1
60.502 69.55760000000001 0
58.267466674204 69.68322076937341 1
56.13278346252497 100 0
53.12535575656462 100 1
55.24808690929608 69.85296395678506 0
52.9866 69.98009999999999 1
51.9337 58.6108 0
53.05231048529031 58.32588931046429 1
54.24057883697003 41.45009758290387 0
49.83580000000001 41.26390000000001 0