63.3481 47.5762 0
63.3481 47.5762 1
67.24449999999999 44.0373 0
64.53301782192207 46.5 1
32.39979139018058 46.5 0
32.14954176817962 49.5 1
64.88738625765748 49.5 0
65.09829999999999 49.7636 0
65.33771910049407 49.5 1
100 49.5 0
100 46.5 1
68.0625191819895 46.5 0
68.66470000000001 45.837 0
86.75356079869601 22.5 1
74.31115465648168 22.5 0
74.25045026927151 25.5 1
86.19003639409581 25.5 0
85.62651198949561 28.5 1
74.18974588206135 28.5 0
100 52.5 1
0 52.5 0
0 49.5 1
24.55094396580437 49.5 0
24.66818611080271 46.5 1
11.62863471856623 46.5 0
14.69346649837981 43.5 1
100 43.5 0
98.20787466395751 42.81019999999999 1
99.1662 38.01603113842987 0
99.1662 30.3636 1
99.1662 42.81019999999999 1
100 42.81019999999999 1
100 16.8759 0
100 16.5 1
62.48999189045411 16.5 0
62.51220000000001 16.2779 0
61.28133102843982 13.5 1
91.67093187450138 13.5 0
87.81 16.8759 1
95.26849999999999 17.5315 1
95.26849999999999 16.8759 1
87.81 16.8759 0
87.31708520329622 19.5 1
62.19001742562881 19.5 0
74.32730000000001 21.7021 1
50.9689 22.6231 0
51.12633542864867 25.5 1
0 25.5 0
0 22.5 1
54.09096193268185 22.5 0
55.297577993378 19.5 1
20.06479416276026 19.5 0
22.12187454903844 16.5 1
55.4003730961731 16.5 0
55.5031681989682 13.5 1
22.14994122730814 13.5 0
20.98585363770366 10.5 1
36.09418521857043 10.5 0
36.09999999999999 10.6713 1
48.1108 9.696829999999999 0
38.21135287900088 10.5 1
93.8976945034039 10.5 0
94.67599999999999 9.451429999999998 1
97.94640000000001 12.6652 1
94.2697 16.3172 0
95.5 16.8759 1
95.5 29.58584709806538 0
98.5 30.22227138092062 1
98.5 16.8759 0
97.1059538992333 13.5 1
100 13.5 0
95.74304690379211 10.5 1
100 10.5 0
100 7.5 1
50.10478456288992 7.5 0
52.4667 4.89781 0
52.49660327755144 4.5 1
100 4.5 0
100 1.5 1
0 1.5 0
0 4.5 1
35.89051511595831 4.5 0
35.99235016726436 7.5 1
19.82176604809918 7.5 0
18.7292 4.68432 1
12.6328 7.633649999999999 0
12.90906066259117 7.5 1
0 7.5 0
0 10.5 1
13.90268335369368 10.5 0
15.2317778679997 13.5 1
0 13.5 0
16.56087238230571 16.5 1
0 16.5 0
0 19.5 1
17.88996689661172 19.5 0
15.86505437319597 31.5 1
0 31.5 0
0 34.5 1
12.78909156202657 34.5 0
9.713128750857159 37.5 1
0 37.5 0
0 40.5 1
6.637165939687753 40.5 0
0 28.5 1
39.30714954303171 28.5 0
35.80426712768269 31.5 1
21.61662361225272 31.5 0
24.2585 34.1373 1
11.4899 46.6358 0
8.271684077469718 43.5 1
0 43.5 0
0 46.5 1
11.35053086858868 46.5 0
11.4899 46.6358 1
5.91534 41.20399999999999 1
18.7743 28.6626 1
24.2585 34.1373 0
23.88796183782054 34.5 1
32.30138471233367 34.5 0
30.6186 35.94119999999999 1
39.7533 28.1179 1
44.48950000000001 25.9044 0
46.78695350020426 28.5 1
51.29050737968835 28.5 0
49.2563 31.2898 1
33.5248 40.48139999999999 0
31.61639405312541 37.5 1
20.82313005800696 37.5 0
17.75829827819338 40.5 1
89.0878874317973 40.5 0
89.46941733293718 37.5 1
38.62749094608121 37.5 0
43.76201594716915 34.5 1
89.85094723407704 34.5 0
90.2324771352169 31.5 1
48.8965409482571 31.5 0
36.34128153619201 61.5 1
0 61.5 0
0 94.5 1
100 94.5 0
100 97.5 1
0 97.5 0
0 100 1
100 100 0
100 79.5 1
0 79.5 0
0 76.5 1
100 76.5 0
100 73.5 1
22.78817185074114 73.5 0
21.9254 76.0018 1
11.4057 71.39789999999999 0
16.20890193097157 73.5 1
0 73.5 0
0 70.5 1
11.23575279674096 70.5 0
10.66793721618954 67.5 1
0 67.5 0
0 64.5 1
10.10012163563811 64.5 0
10.0444 64.2056 1
24.1333 69.59950000000001 0
23.82275317307842 70.5 1
36.00771190455755 70.5 0
33.68321492698358 67.5 1
18.64939307736518 67.5 0
10.81337461206178 64.5 1
31.43702939816199 64.5 0
31.3839 64.5325 1
39.5843 59.5162 0
41.13850721258572 61.5 1
85.24032157975705 61.5 0
85.23910000000001 62.6514 1
99.3486 62.1546 0
99.3486 62.6514 1
99.3486 62.1546 1
99.3546 56.49930000000001 1
100 56.49930000000001 1
100 62.6514 1
85.23910000000001 62.6514 0
85.243504434778 58.5 1
0 58.5 0
0 55.5 1
100 55.5 0
100 64.5 1
43.48885585547168 64.5 0
45.83920449835763 67.5 1
100 67.5 0
100 70.5 1
41.92758690690691 70.5 0
37.7032 72.68819999999999 1
46.3819 68.1927 0
57.87925156686701 85.5 1
100 85.5 0
100 82.5 1
0 82.5 0
0 85.5 1
54.63771171211893 85.5 0
53.2804 88.1738 1
56.02160000000001 89.13499999999999 0
55.6336 90.0916 1
60.9036 92.5753 0
58.62199151266256 91.5 1
0 91.5 0
0 88.5 1
54.21067407407408 88.5 0
53.2804 88.1738 0
55.3019 84.19159999999999 1
63.2662 88.2347 0
61.48888861908492 91.5 1
100 91.5 0
100 88.5 1
63.12179651200294 88.5 0
63.2662 88.2347 0
63.3481 47.5762 0