19.5 81.5 0
19.5 81.5 1
47.5 81.5 1
47.5 74.5 1
51.5 74.5 1
51.5 70.5 1
46.5 70.5 1
46.5 57.5 1
50.5 57.5 1
50.5 52.5 1
47.5 52.5 1
47.5 49.5 1
42.5 49.5 1
42.5 39.5 1
37.5 39.5 1
37.5 16.5 1
22.5 16.5 1
22.5 13.24031242374328 1
17.5 17.24031242374329 1
17.5 26.5 1
13.5 26.5 1
13.5 43.5 1
14.5 43.5 1
14.5 86.5 0
12 86.5 1
12 106.5 0
13 106.5 1
13 86.5 0
14.5 86.5 1
11.5 86.5 1
11.5 106.5 1
19.5 106.5 1
19.5 122.5 1
33.5 122.5 0
33 122.5 1
33 97.44031242374328 0
40 96.5 1
40 142.5 0
39 142.5 1
39 96.5 0
38 96.5 1
38 142.5 0
37 142.5 1
37 96.5 0
36 96.5 1
36 142.5 0
35 142.5 1
35 96.5 0
34 96.6403124237433 1
34 142.5 0
33 142.5 1
33 134.5 0
31 134.5 1
31 142.5 0
32 142.5 1
32 134.5 0
33.5 134.5 0
33.5 122.5 1
33.5 134.5 1
30.5 134.5 1
30.5 142.5 1
40.5 142.5 1
40.5 96.5 1
34.17539052967911 96.5 1
28.5 101.0403124237433 1
28.5 98.5 1
19.5 98.5 1
19.5 81.5 0
19.5 81.5 0