19.5 81.5 0
14.5 86.5 0
14 86.5 1
14 106.5 0
15 106.5 1
15 26.5 0
14 26.5 1
14 43.5 0
38 39.5 1
38 81.5 0
39 81.5 1
39 39.5 0
40 39.5 1
40 81.5 0
41 81.5 1
41 39.5 0
42 39.5 1
42 81.5 0
45 81.5 1
45 49.5 0
44 49.5 1
44 81.5 0
43 81.5 1
43 49.5 0
47.5 52.5 0
48 52.5 1
48 57.5 0
49 57.5 1
49 52.5 0
50 52.5 1
50 57.5 0
47 57.5 1
47 49.5 0
46 49.5 1
46 81.5 0
47 81.5 1
47 70.5 0
50 74.5 1
50 70.5 0
51 70.5 1
51 74.5 0
49 74.5 1
49 70.5 0
48 70.5 1
48 74.5 0
47.5 74.5 0
37 81.5 1
37 16.5 0
36 16.5 1
36 81.5 0
35 81.5 1
35 16.5 0
34 16.5 1
34 81.5 0
33 81.5 1
33 16.5 0
32 16.5 1
32 81.5 0
19.5 81.5 0