53.7393 50.50660000000001 0
55.06853776408725 46.5 1
8.705538469081841 46.5 0
7.0945 47.2645 0
5.473978551286796 47.2645 1
3.56751 42.60139551196886 0
2.06751 47.2645 1
2.06751 34.928 0
1.71745 32.465 1
1.71745 14.2438 0
4.717449999999999 14.2438 1
4.717449999999999 24.72556657548579 0
7.717449999999999 14.2438 1
7.717449999999999 19.51692219182859 0
9.217449999999999 16.9126 1
3.71191 26.4714 1
3.71191 32.465 0
3.71191 32.18746490922393 1
4.066241869456865 32.465 0
3.56751 34.928 1
12.5269 34.928 0
8.931413956485621 32.465 1
3.71191 28.37675496974131 0
8.605947688412549 34.928 1
3.56751 37.01420143700676 0
3.56751 38.6377 1
3.56751 47.2645 0
0 49.5 1
54.07325166308846 49.5 0
53.7393 50.50660000000001 0
53.7393 50.50660000000001 1
59.0176 51.89709999999999 0
57.04885787775422 55.5 1
100 55.5 0
100 56.24250000000001 1
100 69.91569999999999 0
100 67.69481128513092 1
91.81463989097833 56.24250000000001 0
95.50213315163055 56.24250000000001 1
100 62.53556109694844 0
100 57.37631090876593 1
99.18962641228276 56.24250000000001 0
100 52.5 1
0 52.5 0
0 55.5 1
49.53071889841689 55.5 0
50.36152364775725 58.5 1
0 58.5 0
0 61.5 1
51.19232839709763 61.5 0
52.023133146438 64.5 1
42.54773705563144 64.5 0
42.8424 65.70050000000001 1
31.2109 68.0496 1
26.4087 68.18719999999999 0
26.47158721733668 67.5 1
19.58422734589792 67.5 0
24.12066596405945 70.5 1
100 70.5 0
97.89985216165289 69.91569999999999 1
88.12714663032611 56.24250000000001 0
86.2834 56.24250000000001 1
70.5711 67.7998 0
70.97868200790842 67.5 1
60.66416926907345 67.5 0
61.4974 67.20519999999999 1
53.5509 70.01669999999999 0
54.91228454942382 91.5 1
100 91.5 0
100 88.5 1
51.2919515281703 88.5 0
47.6716185069168 85.5 1
100 85.5 0
100 100 1
0 100 0
0 97.5 1
100 97.5 0
100 94.5 1
55.60736809891809 94.5 0
56.64570000000001 92.93639999999999 1
42.85380000000001 81.5077 0
42.31056216480007 82.5 1
0 82.5 0
0 79.5 1
75.46980952880426 79.5 0
73.23269999999999 78.45429999999999 1
81.18719999999999 82.17250000000001 0
82.2193629590638 79.5 1
100 79.5 0
100 82.5 1
44.05128548566329 82.5 0
42.85380000000001 81.5077 0
40.66820248970207 85.5 1
0 85.5 0
0 88.5 1
40.70243011259332 88.5 0
43.53919999999999 90.821 0
44.73120310134392 91.5 1
0 91.5 0
0 94.5 1
49.99778528695768 94.5 0
54.06780000000001 96.8184 1
43.53919999999999 90.821 1
39.5445 87.55260000000001 0
33.93222833851262 67.5 1
52.85393789577836 67.5 0
49.5205 55.4631 1
56.1383 53.1041 0
53.7393 50.50660000000001 0