46.6991 51.7907 0
58.38209999999999 41.7075 1
84.50569999999999 22.0332 0
83.88588143059727 22.5 1
100 22.5 0
100 19.5 1
82.89648820864838 19.5 0
82.68260000000001 19.1633 1
56.9344 39.4285 0
57.61505403685827 40.5 1
44.31647870758536 40.5 0
43.68340335554839 37.5 1
59.38467947910705 37.5 0
63.19636650908947 34.5 1
42.14715044541002 34.5 0
42.22969999999999 34.3075 1
37.35129999999999 32.7324 0
36.67578923086012 34.5 1
0 34.5 0
0.1883439772832214 36.0585 1
5.921253437966042 49.7863 0
2.670160313898127 49.7863 1
0 43.3924389058175 0
3.668719235074892 40.5 1
12.50509131389715 40.5 0
18.37073015819671 37.5 1
2.415879859352019 37.5 0
1.813890539317179 36.0585 1
0 36.0585 1
0 49.7863 0
0.296113 49.7863 1
0 49.7863 1
0 60.3009 1
0.296113 60.3009 1
0.296113 49.7863 1
15.21727301351184 49.7863 1
11.5917 51.4426 0
14.05431029770515 50.31758571373739 1
0.296113 52.14502588176323 0
0.296113 58.39201137398581 1
0.9338442205644693 60.3009 0
0 60.3009 0
2.51534 60.3009 1
7.78557 59.7054 1
13.8409 58.283 1
19.0544 55.97669999999999 0
18.90597878116822 55.5 1
80.92762289908944 55.5 0
84.0218001018969 58.5 1
12.91710457677167 58.5 0
9.892667502233738 70.5 1
0 70.5 0
0 67.5 1
14.27652506131435 67.5 0
17.0914 65.5737 1
5.806620000000001 73.2962 0
5.949722795750457 73.5 1
0 73.5 0
0 76.5 1
7.412581770606923 76.5 0
6.760560787493731 79.5 1
0 79.5 0
0 94.5 1
18.33809533658786 94.5 0
20.0682 95.50040000000001 1
14.6835 92.38679999999999 1
10.4371 89.20910000000001 0
13.49845813953488 91.5 1
0 91.5 0
0 88.5 1
10.76448415217186 88.5 0
12.14955319252666 85.5 1
0 85.5 0
0 82.5 1
64.47954938833325 82.5 0
63.00190000000001 83.58860000000001 0
64.41670909090908 85.5 1
17.0613115137729 85.5 0
13.3728 82.85050000000001 1
17.8405 86.05969999999999 1
23.1176 88.97730000000001 1
28.6342 90.84479999999999 0
28.31517958311064 91.5 1
100 91.5 0
100 100 1
0 100 0
0 97.5 1
100 97.5 0
100 94.5 1
26.85446338856227 94.5 0
28.6342 90.84479999999999 0
22.25430145667671 88.5 1
100 88.5 0
100 85.5 1
67.47264600826497 85.5 0
71.76144040246751 82.5 1
100 82.5 0
100 79.5 1
74.50103635712514 79.5 0
75.00720000000001 80.2296 1
65.45920000000001 86.9084 0
63.00190000000001 83.58860000000001 1
72.4888 76.59950000000001 0
68.55170460145084 79.5 1
55.76099082344984 79.5 0
52.8781 81.57390000000001 1
58.63290000000001 77.434 0
58.0262571602896 76.5 1
100 76.5 0
100 73.5 1
56.07772555522412 73.5 0
54.12919395015864 70.5 1
100 70.5 0
100 67.5 1
52.18066234509314 67.5 0
51.4473 66.37090000000001 1
47.1925 68.54349999999999 0
46.37125423307026 67.5 1
49.236080870846 67.5 0
44.01022184132208 64.5 1
100 64.5 0
100 61.5 1
41.6491894495739 61.5 0
39.4443 58.69840000000001 1
33.32599999999999 62.7296 0
17.93961989612959 67.5 1
36.59135456378065 67.5 0
38.64486447727678 70.5 1
19.26062892296278 70.5 0
21.0085 74.46940000000001 1
11.6432 80.2978 0
12.92513609566949 79.5 1
51.25444605948036 79.5 0
48.90574948705211 76.5 1
17.74565287557478 76.5 0
21.0085 74.46940000000001 0
20.58163794979597 73.5 1
40.69837439077291 73.5 0
41.37350000000001 74.4863 0
43.30506091319158 73.5 1
46.55705291462387 73.5 0
45.6283 72.31370000000001 1
41.37350000000001 74.4863 0
34.53784465028451 64.5 1
0 64.5 0
0 61.5 1
35.19220898987895 61.5 0
43.02176086725396 52.5 1
77.83344569628198 52.5 0
74.73926849347453 49.5 1
46.21570476369629 49.5 0
46.6991 51.7907 0