46.6991 51.7907 0
46.6991 51.7907 1
39.87220000000001 53.1075 0
39.98296275315299 52.5 1
17.97192454056541 52.5 0
16.52821056093769 46.5 1
41.07691587071342 46.5 0
40.52993931193321 49.5 1
17.03787029996261 49.5 0
16.8892 49.02249999999999 1
15.21727301351184 49.7863 0
15.84397201355317 49.5 1
8.361070997671877 49.5 0
7.546799999999999 49.7863 1
15.8539 46.8655 1
23.5665 42.685 0
22.06290736753977 43.5 1
41.62389242949364 43.5 0
40.91090352628324 41.1888 1
42.88432397959781 36.58691645077992 0
43.16540000000001 35.0453 1
42.04528317037791 41.1888 1
39.2788 41.1888 1
34.7636 39.50360000000001 0
37.43328032281035 40.5 1
22.71053659548782 40.5 0
28.39507756908188 22.5 1
78.44311462901922 22.5 0
82.25480165900163 19.5 1
29.46272687507959 19.5 0
29.8295 18.4694 1
15.6789 12.709 0
15.39737939448928 13.5 1
0 13.5 0
0 16.5 1
14.32966534071916 16.5 0
13.443 18.9913 1
19.8142 21.6989 0
19.58603271332248 22.5 1
0 22.5 0
0 19.5 1
14.64001190722411 19.5 0
19.4467 22.9892 1
25.847 25.2029 0
35.52930116375236 37.5 1
21.53530079981891 37.5 0
20.9706 36.0585 1
13.4574 40.2242 1
4.62213 42.783 0
0 31.5 1
67.00805353907191 31.5 0
70.81974056905435 28.5 1
0 28.5 0
0 25.5 1
74.63142759903678 25.5 0
66.2089 19.3238 1
72.34389999999999 15.8642 0
71.21641907735 16.5 1
100 16.5 0
100 13.5 1
72.11151133551957 13.5 0
71.81662681075801 10.5 1
100 10.5 0
100 1.5 1
0 1.5 0
0 4.5 1
100 4.5 0
100 7.5 1
71.52174228599645 7.5 0
71.4282 6.548349999999999 1
61.8879 13.0431 0
65.62352291543169 10.5 1
0 10.5 0
0 7.5 1
70.03029761807613 7.5 0
61.8879 13.0431 0
62.20223835400513 13.5 1
17.62201586000972 13.5 0
24.99160824942712 16.5 1
64.26618027130735 16.5 0
44.94955405962234 43.5 1
74.10812668749176 43.5 0
76.79147852505599 40.5 1
59.9854224561992 40.5 0
63.96883228526555 37.5 1
79.4748303626202 37.5 0
81.0335 35.7574 1
94.01660000000001 35.7574 0
95.5 35.7574 1
95.5 58.6529 0
94.01660000000001 58.6529 1
94.01660000000001 48.67319999999999 0
94.01660000000001 46.55737061651472 1
83.16035427683363 35.7574 0
87.41406283050088 35.7574 1
94.01660000000001 42.32571184954416 0
94.01660000000001 38.09405308257361 1
91.66777138416813 35.7574 0
100 25.5 1
79.90247160153092 25.5 0
75.9190617724646 28.5 1
100 28.5 0
100 31.5 1
71.93565194339826 31.5 0
67.95224211433191 34.5 1
100 34.5 0
98.5 35.7574 1
98.5 58.6529 0
100 58.6529 1
84.17949999999999 58.6529 0
90.49815727726101 58.6529 1
94.01660000000001 55.08345343138545 0
94.01660000000001 50.80995114379515 1
86.28571909242035 58.6529 0
84.17949999999999 58.6529 1
71.52709999999999 46.3856 0
71.64509129066707 46.5 1
45.58262941165933 46.5 0
46.6991 51.7907 0