22.535 41.7379
5.79973 35.4418
2.01022 51.3397
17.4792 57.9209

40.9631 84.8664
36.1071 83.577
38.4084 71.8727
31.355 70.4268
27.5288 83.117
32.219 84.6174
29.8425 97.2862
37.2154 98.8466

46.4461 18.2034
39.5551 15.8893
38.0434 21.1689
36.1293 26.5834
33.6339 32.0435
40.3013 34.358
42.6187 29.4795
44.8455 23.8857

63.8049 86.964
59.8096 78.9756
55.8154 80.9732
57.4466 83.3769
56.5656 83.9149
59.3233 89.0467

76.973 11.03
66.8059 3.96468
60.121 13.4641
71.1802 20.175

90.2916 77.9933
80.6046 80.3096
88.8834 81.9082

98.954 32.4898
83.5586 18.6462
81.7222 20.9695
96.5812 35.2629