13.5777 79.9302
12.2942 77.6046
7.45052 80.4513
8.77765 83.0129

27.1413 73.1178
22.5287 61.1712
18.8483 62.4616
23.3948 74.2195

36.1477 10.4192
28.7482 6.14815
23.1586 19.5239
20.1713 23.7585
27.8213 30.1377

56.319 44.5023
56.2833 41.6025
54.7817 38.2891
43.6386 44.7058
46.0813 50.4378

66.1944 36.387
54.6917 22.5361
47.0113 28.9433
59.728 42.6668

89.447 39.9631
59.0309 15.6349
57.6534 17.2231
88.1419 41.6203

95.8317 13.7567
92.0886 11.3328
78.646 28.907
82.2197 31.7291

59.4419 64.3391
54.2896 61.8434
50.0325 69.882
56.0919 72.9513
58.5704 68.931
57.6825 67.9251

83.4272 50.3161
69.1167 36.6824
55.8191 50.5746
68.6565 63.3
72.6329 61.6073

74.9848 85.6558
72.2498 83.4027
70.1031 85.4461
72.5908 87.4114

95.6459 77.3802
90.9277 75.2367
89.0818 79.4339
94.7437 81.0387