49.1516 42.851 0
59.08999835702733 43.5 1
0 43.5 0
4.158759999999999 53.0917 1
6.34577 55.35850000000001 0
10.51669884317667 49.5 1
0 49.5 0
0 46.5 1
13.53839372929071 46.5 0
15.8263 44.86060000000001 1
10.2246 48.8745 0
12.6657 55.31180000000001 0
12.53813299379771 55.5 1
12.97751196303427 55.5 0
11.26577007201266 52.7148 1
12.31318139364664 53.34698488737024 0
12.01796081127315 52.7148 1
8.362960000000001 52.7148 1
14.31278557033036 56.30592960721492 1
12.4085 53.55110000000001 1
12.01796081127315 52.7148 0
11.91765252747723 52.5 1
0 52.5 0
0 55.5 1
2.251434352876106 55.5 0
2.1541 55.6229 0
0 58.5 1
8.158826834247154 58.5 0
5.89048 57.1328 1
5.291033261298988 57.8897 1
4.34112 57.8897 1
8.141021509165615 53.0917 1
8.152032496152106 53.0917 1
5.89048 57.1328 1
9.824249999999999 59.5038 0
10.50465255486641 58.5 1
15.82944437867448 58.5 0
17.90320483777113 61.5 1
0 61.5 0
0 64.5 1
5.48254475350171 64.5 0
5.20504 66.9863 1
9.369869999999999 69.8271 0
5.958163476133484 67.5 1
0 67.5 0
0 70.5 1
80.10176205081109 70.5 0
82.95006567849552 73.5 1
0 73.5 0
0 76.5 1
47.21150547371685 76.5 0
47.19759999999999 76.10839999999999 1
56.33580000000001 75.36930000000001 0
56.39474204579516 76.5 1
63.09116853986094 76.5 0
69.60294270334694 55.5 1
100 55.5 0
100 52.5 1
87.54737520759656 52.5 0
82.31620000000001 64.87569999999999 1
77.9812 68.26650000000001 0
78.96113909991743 67.5 1
13.92998426103647 67.5 0
15.93382303262956 64.5 1
100 64.5 0
100 67.5 1
84.8574672455843 67.5 0
87.76254735713894 70.5 1
100 70.5 0
100 73.5 1
90.66762746869361 73.5 0
91.1704 74.01920000000001 1
86.87180000000001 77.63059999999999 0
88.21753770836796 76.5 1
100 76.5 0
100 79.5 1
65.24947268068883 79.5 0
66.78367527251905 82.5 1
100 82.5 0
100 85.5 1
68.3178778643493 85.5 0
69.85208045617952 88.5 1
100 88.5 0
86.87180000000001 77.63059999999999 0
85.79836930617998 76.5 1
63.7152700888586 76.5 0
63.57980000000001 76.23509999999999 1
57.76990000000001 79.38480000000001 0
57.8303347460583 79.5 1
56.55112847666584 79.5 0
59.40415625799297 82.5 1
56.70751490753652 82.5 0
56.7358 83.04259999999999 1
49.252 84.55869999999999 0
47.3579 80.62270000000001 1
48.9624 80.80179999999999 0
49.09330545928825 82.5 1
19.52959294178259 82.5 0
18.9714 81.14850000000001 1
10.2744 84.61060000000001 0
15.57635205222264 82.5 1
0 82.5 0
0 79.5 1
47.31803361761513 79.5 0
45.79269339698118 85.5 1
60.97797776992765 85.5 0
62.55179928186233 88.5 1
50.01791874233292 88.5 0
54.24314408768468 91.5 1
65.33424593314763 91.5 0
63.63590000000001 90.56649999999999 1
66.9016 92.36150000000001 1
70.63570000000001 90.03229999999999 0
68.28272963678515 91.5 1
100 91.5 0
100 94.5 1
54.97873764757324 94.5 0
56.229 92.91 1
45.6665 85.41040000000001 0
45.59799437028438 85.5 1
19.40118303347379 85.5 0
18.8217 87.70189999999999 1
10.0935 86.37309999999999 0
10.18311349787234 85.5 1
0 85.5 0
0 88.5 1
43.30427908962773 88.5 0
41.01056380897106 91.5 1
0 91.5 0
0 94.5 1
38.7168485283144 94.5 0
38.2893 95.0592 1
50.834 99.77099999999999 0
52.61975207695671 97.5 1
100 97.5 0
100 100 1
0 100 0
0 97.5 1
44.78768782630841 97.5 0
38.2893 95.0592 0
23.3039 61.1369 1
19.2985 63.5185 0
22.69323459019147 61.5 1
100 61.5 0
100 58.5 1
22.09246475734657 58.5 0
49.1516 42.851 0