49.1516 42.851 0
78.78795376480014 49.5 1
17.95771668806793 49.5 0
16.57946733164171 46.5 1
100 46.5 0
100 49.5 1
89.25816020869564 49.5 0
89.2509 52.2152 1
58.6371 57.33329999999999 0
58.37383354300761 55.5 1
20.71421540092036 55.5 0
19.33596604449414 52.5 1
62.11470530045402 52.5 0
58.04810000000001 53.2317 1
89.26320000000001 47.6152 0
75.89095941506932 43.5 1
100 43.5 0
100 40.5 1
76.1817992288486 40.5 0
75.64169999999999 46.0711 1
58.9181 44.3242 0
53.16690464688291 40.5 1
61.14777281317109 40.5 0
59.4081 41.9748 1
64.3518 37.7838 0
63.51581894235224 22.5 1
68.67676363126927 22.5 0
67.5676 20.61 1
57.85039999999999 25.1427 0
56.57925455582327 22.5 1
0 22.5 0
0 25.5 1
72.74743276364097 25.5 0
72.863 25.6348 1
77.57599999999999 24.487 0
76.52968657886242 22.5 1
100 22.5 0
100 25.5 1
73.4165044432828 25.5 0
77.57599999999999 24.487 0
100 13.5 1
68.31692783683457 13.5 0
72.22264790770268 16.5 1
100 16.5 0
100 19.5 1
74.94994814735128 19.5 0
74.14959999999999 17.9801 1
67.977 13.2389 1
61.6504 11.1238 0
55.36879999999999 11.616 0
53.32510000000001 12.3111 0
53.56042760636012 13.5 1
38.11966786258537 13.5 0
38.1427 13.3852 1
29.7363 12.1293 0
29.63204304667266 13.5 1
0 13.5 0
0 10.5 1
100 10.5 0
100 7.5 1
42.03295545810816 7.5 0
41.7717 8.55153 1
38.5624 8.196950000000001 0
38.7355591029533 7.5 1
0 7.5 0
0 4.5 1
100 4.5 0
100 1.5 1
0 1.5 0
0 28.5 1
100 28.5 0
100 31.5 1
0 31.5 0
0 34.5 1
53.74057699259637 34.5 0
37.51778273850958 16.5 1
54.15423938117748 16.5 0
54.4766 18.1286 0
55.13624689981609 19.5 1
0 19.5 0
0 16.5 1
29.40385973888684 16.5 0
29.3046 17.805 1
37.0763 18.7005 0
48.23038880688321 40.5 1
0 40.5 0
0 37.5 1
47.73383714066888 37.5 0
47.166 37.78360000000001 1
55.00879999999999 33.86660000000001 0
55.22284259714495 34.5 1
100 34.5 0
100 37.5 1
56.23662187001337 37.5 0
56.5759 38.504 1
49.1516 42.851 0
49.1516 42.851 0