57.4575 61.6454 0
76.5 75.69038587486821 1
76.5 25.11800495635676 0
75.0351 28.2177 1
81.62260000000001 14.2787 0
79.49999999999997 18.77007326755221 1
79.49999999999997 76.3262312561431 0
82.49999999999997 76.96207663741802 1
82.49999999999997 35.96345415690584 0
80.74080000000001 33.13500000000001 1
84.92420000000001 39.86109999999999 0
85.49999999999997 39.33879922007462 1
85.49999999999997 77.59792201869291 0
88.49999999999997 78.23376739996783 1
88.49999999999997 36.61753777551714 0
91.41200000000001 33.9761 1
86.0752 28.5626 0
88.49999999999997 31.02224900314793 1
88.49999999999997 0 0
85.49999999999997 0 1
85.49999999999997 29.0556347330534 0
82.49999999999997 31.62709544091183 1
82.49999999999997 0 0
79.49999999999997 0 1
79.49999999999997 12.54073645851106 0
76.5 10.08436661752981 1
76.5 0 0
73.5 0 1
73.5 10.52045289842529 0
74.4725 8.42427 1
67.1951 24.1104 0
67.5 23.45320085786135 1
67.5 0 0
70.5 0 1
70.5 16.98682687814332 0
58.49999999999999 0 1
58.49999999999999 62.98583904674609 0
57.4575 61.6454 0
55.49999999999999 62.85504370613539 1
55.49999999999999 0 0
52.49999999999999 0 1
52.49999999999999 75.1008805273359 0
52.0844 74.91800000000001 1
50.26479999999999 78.84520000000001 0
49.49999999999999 78.56843163789236 1
49.49999999999999 0 0
46.49999999999999 0 1
46.49999999999999 77.48278168192618 0
43.49999999999999 76.39713172596001 1
43.49999999999999 0 0
40.49999999999999 0 1
40.49999999999999 75.31148176999386 0
55.49999999999999 64.24617344837515 1
55.49999999999999 76.42099982956825 0
58.49999999999999 77.74111913180056 1
58.49999999999999 68.41712818365093 0
58.9739 69.07599999999999 1
54.8073 63.2831 0
57.4575 61.6454 0