57.4575 61.6454 0
61.49999999999999 66.84321759853344 1
61.49999999999999 0 0
64.5 0 1
64.5 100 0
67.5 100 1
67.5 24.27013415433673 0
70.5 25.84180507270408 1
70.5 93.51137940590482 0
70.167 96.0599 0
70.167 97.56705517134853 1
89.71459999999999 99.47862480554429 0
91.49999999999997 100 1
91.49999999999997 0 0
94.49999999999997 0 1
94.49999999999997 100 0
97.49999999999997 100 1
97.49999999999997 0 0
100 0 1
100 100 0
89.71459999999999 78.49119999999999 1
88.43360000000001 97.84620000000001 0
88.49999999999997 97.85269328939157 1
88.49999999999997 96.84294316939915 0
89.71459999999999 97.97146963419576 1
89.71459999999999 100 1
70.167 100 1
70.167 96.0599 1
72.92750000000001 74.9332 0
73.5 75.05454049359329 1
73.5 27.41347599107142 0
1.5 0 1
1.5 100 0
4.5 100 1
4.5 0 0
7.499999999999998 0 1
7.499999999999998 100 0
10.5 100 1
10.5 0 0
13.5 0 1
13.5 100 0
16.5 100 1
16.5 0 0
19.49999999999999 0 1
19.49999999999999 100 0
22.49999999999999 100 1
22.49999999999999 0 0
25.49999999999999 0 1
25.49999999999999 100 0
28.49999999999999 100 1
28.49999999999999 0 0
31.49999999999999 0 1
31.49999999999999 100 0
34.5 100 1
34.5 0 0
37.5 0 1
37.5 100 0
40.49999999999999 100 1
40.49999999999999 81.29568105973797 0
38.2286 74.48949999999999 1
41.4577 84.16540000000001 0
43.49999999999999 84.97734398190045 1
43.49999999999999 100 0
46.49999999999999 100 1
46.49999999999999 86.17003454925165 0
49.49999999999999 100 1
49.49999999999999 85.16516657507145 0
48.64019999999999 87.02090000000001 1
50.4598 83.09360000000001 0
52.49999999999999 83.72657609809181 1
52.49999999999999 100 0
55.49999999999999 100 1
55.49999999999999 84.65733205058444 0
58.49999999999999 85.5880880030771 1
58.49999999999999 100 0
61.49999999999999 100 1
61.49999999999999 85.59420535641271 0
61.11920000000001 86.4007 1
64.054 80.18510000000001 0
61.49999999999999 79.06123843403287 1
61.49999999999999 67.46201406798707 0
61.8215 67.25659999999999 1
57.4575 61.6454 0
57.4575 61.6454 0