40.3013 34.358 0
38.5 33.73270245522993 1
38.5 84.21237999588138 0
36.1071 83.577 1
38.4084 71.87270000000001 0
40.9631 84.8664 1
40.9631 98.8466 1
40.9631 100 1
29.8425 100 1
29.8425 98.8466 1
40.9631 98.8466 0
38.76836195337019 98.8466 1
40.9631 90.6594780746874 0
56.5656 83.91489999999999 1
59.3233 89.04669999999999 0
59.5 88.96458354828633 1
59.5 100 0
62.5 100 1
62.5 87.57041628659408 0
63.8049 86.964 1
59.8096 78.97559999999999 0
59.5 79.1304387561965 1
59.5 0 0
56.5 0 1
56.5 80.63081430073606 0
55.8154 80.97319999999999 1
57.4466 83.37690000000001 0
56.5 81.98201131682197 1
56.5 100 0
53.5 100 1
53.5 0 0
50.5 0 1
50.5 100 0
47.5 100 1
47.5 0 0
44.5 0 1
44.5 17.54987075750979 0
41.5 16.54242626469308 1
41.5 0 0
38.5 0 1
38.5 19.57422820003969 0
23.5 0 1
23.5 100 0
26.5 100 1
26.5 0 0
29.5 0 1
29.5 76.57920212221003 0
27.5288 83.11699999999999 0
29.5 83.74758898980855 1
29.5 100 0
29.97089915361796 98.8466 1
29.8425 98.81942561281105 0
29.8425 97.28620000000001 1
32.21899999999999 84.6174 0
27.5288 83.11699999999999 1
31.355 70.42679999999999 0
32.5 70.66151737034622 1
32.5 0 0
35.5 0 1
35.5 27.96034995992626 0
33.6339 32.04349999999999 1
36.1293 26.5834 1
38.04340000000001 21.1689 1
39.5551 15.8893 0
46.4461 18.2034 1
44.8455 23.8857 1
42.6187 29.4795 1
40.3013 34.358 0
40.3013 34.358 0