51.0645 51.8998 0
51.0645 51.8998 1
51.0645 48.07444902099355 1
50.6947 47.0716 1
47.0415 40.43219999999999 0
46.5 46.21554567099432 1
46.5 31.32743539677045 0
43.5 28.83159960292411 1
43.5 47.38156559363578 0
40.5 48.54758551627727 1
40.5 0 0
37.5 0 1
37.5 49.71360543891873 0
32.7073 51.57640000000001 0
34.5 51.60798211382999 1
34.5 100 0
31.5 100 1
31.5 0 0
34.5 0 1
34.5 50.87962536156022 0
25.5 47.37157935772488 1
25.5 100 0
28.5 100 1
28.5 0 0
25.5 0 1
25.5 39.06579198083733 0
23.7779 38.5299 1
17.6769 60.9962 0
19.5 54.28282325356498 1
19.5 0 0
22.5 0 1
22.5 43.23563426815277 0
23.7779 38.5299 0
27.6187 39.7251 1
21.3597 62.3141 0
19.5 61.64860129521017 1
19.5 72.92974748302748 0
16.5 72.38424038273399 1
16.5 0 0
13.5 0 1
13.5 78.76553179093932 0
15.2327 72.15379999999999 1
11.4118 86.7338 0
13.5 87.17606489917085 1
13.5 100 0
16.5 100 1
16.5 87.81144211280582 0
1.5 100 1
1.5 0 0
4.5 0 1
4.5 100 0
7.5 100 1
7.5 0 0
10.5 0 1
10.5 100 0
18.2501 88.18209999999999 1
21.9789 73.38050000000001 0
19.5 83.22057891010513 1
19.5 100 0
22.5 100 1
22.5 58.19870829205944 0
37.5 72.1992791478354 1
37.5 100 0
43.6747 91.66719623873848 1
47.52457348866469 97.9357 0
51.04519116288823 97.9357 1
43.6747 85.93479874624617 0
43.6747 83.0686 1
43.6747 97.9357 0
44.00395581444114 97.9357 1
43.6747 97.39959373123079 0
40.5 100 1
40.5 75.18903427408199 0
39.6917 75.73869999999999 1
36.32850000000001 70.3074 0
37.5 69.16883385740687 1
37.5 51.66083331118035 0
40.5 51.71368450853072 1
40.5 67.01813668747704 0
40.17019999999999 66.5737 1
43.9824 71.71100000000001 1
42.2216 74.01830000000001 0
43.5 72.34312262607907 1
43.5 100 0
43.6747 99.4357 1
58.5008 99.4357 0
58.5008 100 1
58.5008 97.68520000000001 0
58.5008 97.9357 1
52.80549999999999 97.9357 1
58.5008 97.68520000000001 1
51.867 87.57380000000001 0
52.5 88.53863406192528 1
52.5 87.25513649393605 0
53.22750000000001 86.88890000000001 1
48.5869 79.86070000000001 0
49.5 81.24359217342584 1
49.5 73.90427199189602 0
52.5 74.84265218658891 1
52.5 85.7870994785157 0
53.22750000000001 86.88890000000001 0
55.5 93.11130734119209 1
55.5 45.5225054604233 0
56.63379999999999 45.157 0
55.5 42.49397301062498 1
55.5 19.50418959000842 0
58.5 16.01423520047244 1
58.5 97.68398062045887 0
61.5 100 1
61.5 0 0
58.5 0 1
58.5 13.09579051322881 0
59.9777 14.2952 1
52.01900000000001 23.5537 0
52.5 22.9941439795444 1
52.5 38.24753587308939 0
53.5185 37.8399 1
56.63379999999999 45.157 0
52.5 46.48962169015508 1
52.5 71.99467338939806 0
49.5 71.43968295733038 1
49.5 51.87223810058178 0
51.0645 51.8998 0