25.0956 21.5999
23.7917 10.6551
14.1787 10.6839
15.3443 20.9353

20.7262 32.1335
19.6821 25.5017
14.7719 26.0207
15.6312 32.458

27.536 57.3915
24.0917 49.548
16.0811 52.9628
19.7908 60.7668

32.7453 76.6125
30.2185 71.6633
20.3648 75.9181

37.6452 69.2059
36.7892 66.4916
20.9116 71.1338
20.8579 74.4334

39.1586 47.0914
33.3667 43.6899
31.6066 47.1738
32.2859 48.0873
29.759 53.4654
34.453 56.2172

46.0561 1.89479
40.6269 1.47822
37.4383 31.9691
39.6328 32.2222

52.2273 89.0341
41.2288 74.7387
34.5386 79.5233
45.5371 93.8187

52.5661 74.4741
48.2845 69.8562
44.3031 74.2493
46.9661 77.0002
48.9311 78.1812

58.0984 46.7329
51.0669 44.8894
49.9151 50.2591
48.371 55.7904
46.2501 61.4066
53.0585 63.2656
55.0412 58.2417
56.8852 52.5103

61.7932 37.7345
54.6154 31.2776
49.762 36.9025
53.7939 40.389
54.3301 39.3848
57.9316 41.8242

69.4454 27.8552
64.598 23.8263
50.7406 23.5538
50.4637 31.07
68.8726 31.8455

97.4884 81.1279
79.4014 57.5289
68.6403 64.9995
87.2154 89.4769

87.0856 40.2473
85.3325 30.0117
71.8071 33.4343
73.7901 43.3921