53.1289 56.5812 0
73.20160000000001 71.0676 1
79.4606 72.83750000000001 0
79.22481199878288 73.5 1
100 73.5 0
100 76.5 1
78.15709274798837 76.5 0
77.3552 78.75309999999999 1
71.09819999999999 76.8135 0
71.21296285699367 76.5 1
66.00924686199434 76.5 0
65.24630362909937 73.5 1
72.31117201482797 73.5 0
47.5688 62.33320000000001 1
30.4927 47.9128 0
31.63790502692998 46.5 1
0 46.5 0
0 49.5 1
32.37220305955452 49.5 0
26.81529559480011 57.1554 1
0.308453 60.68466264740891 0
0.308453 62.1979 1
0.8371690000000001 65.05629999999999 1
38.49930000000001 59.9372 0
27.00150188572207 61.5 1
46.58215562675099 61.5 0
35.92469120135364 52.5 1
0 52.5 0
0 55.5 1
39.47717934315276 55.5 0
43.02966748495187 58.5 1
38.33464558918686 58.5 0
38.1806 57.1554 1
0 57.1554 1
0 65.05629999999999 1
0.308453 65.05629999999999 1
0.308453 57.1554 0
0.308453 57.65818794222673 1
4.08468678440031 57.1554 0
0 43.5 1
34.06968240574506 43.5 0
30.0406198792719 28.5 1
0 28.5 0
0 25.5 1
29.20976825869077 25.5 0
28.37891663810964 22.5 1
0 22.5 0
0 19.5 1
27.54806501752851 19.5 0
30.5383 30.297 1
35.3771 28.9445 0
36.27520484551748 31.5 1
0 31.5 0
0 34.5 1
37.32952475807957 34.5 0
38.38384467064165 37.5 1
0 37.5 0
0 40.5 1
55.09293864913398 40.5 0
54.9381522945027 40.1982 1
39.3321 40.1982 0
42.81910773972898 40.1982 1
53.26642950728375 36.93870119996377 0
45.01272230504583 33.22856593964931 1
63.62081000453617 27.42295940460203 0
60.90100963530786 25.1289 1
44.3003914614502 30.30818864654977 0
43.94422603965241 28.848 1
43.0029 24.9888 1
38.1999 26.0753 0
37.99206973108967 25.5 1
40.74308076392084 25.5 0
43.0029 24.9888 1
46.21810607859157 24.9888 0
45.89920939496437 28.848 1
44.64031547355596 24.9888 0
45.4062447623599 22.5 1
36.90830333663284 22.5 0
35.82453694217602 19.5 1
52.0382492097234 19.5 0
45.361 22.3613 1
54.6923 18.3627 0
54.15787847105632 16.5 1
34.74077054771921 16.5 0
33.82040000000001 13.9523 1
26.6752 16.3483 0
26.71721339694739 16.5 1
0 16.5 0
0 13.5 1
54.91249412698149 13.5 0
53.4448 14.0146 1
65.45099999999999 9.805009999999999 0
63.46881433868856 10.5 1
0 10.5 0
0 7.5 1
19.60358254735332 7.5 0
20.938 8.07985 0
23.89538636690815 4.5 1
39.58750759300915 4.5 0
39.27800000000001 4.843719999999999 1
44.068 8.645379999999999 1
47.9686 4.81776 1
42.6486 1.10054 0
43.22029798935763 1.5 1
100 1.5 0
100 4.5 1
85.5867119415683 4.5 0
84.3869 2.09503 1
79.7885 4.312900000000001 0
79.90462511044507 4.5 1
47.51382917664276 4.5 0
42.6486 1.10054 0
42.28890052629048 1.5 1
22.37059091293212 1.5 0
25.0124 3.14788 1
20.467 0.312598 0
19.30538531045411 1.5 1
0 1.5 0
0 4.5 1
16.3705375767989 4.5 0
15.9997 4.87907 0
18.276 6.923120000000001 1
20.938 8.07985 0
21.41702579293872 7.5 1
42.62484879763051 7.5 0
44.068 8.645379999999999 0
45.23521859223224 7.5 1
81.76659908871989 7.5 0
83.37100000000001 10.085 1
86.93190000000001 7.19637 0
86.55760628048591 7.5 1
100 7.5 0
100 10.5 1
65.73326226902688 10.5 0
66.95167808375896 13.5 1
100 13.5 0
100 16.5 1
67.41257744955047 16.5 0
68.05670000000001 16.2208 1
57.4589 20.8145 0
60.49148987308705 19.5 1
100 19.5 0
100 22.5 1
57.86561143000787 22.5 0
58.49996543674041 25.1289 1
68.33439999999999 25.1289 1
51.42919999999999 33.3565 0
51.87698277517413 34.22957981294257 1
45.72505314864144 36.14894323274886 0
52.8918105715985 40.1982 1
54.65587623939335 39.64782258698496 0
55.8561 41.988 1
72.62710000000001 33.71559999999999 0
68.51992190830003 25.5 1
100 25.5 0
100 28.5 1
70.01969481290834 28.5 0
71.51946771751662 31.5 1
91.92281356656903 31.5 0
92.6027 29.6305 1
99.2217 29.6305 1
99.2217 36.2687 1
100 36.2687 1
100 29.6305 1
99.2217 29.6305 0
99.2217 30.35427398112655 1
97.15024240451567 29.6305 0
99.2217 31.9432 1
97.6439 36.2687 1
99.2217 36.2687 0
100 37.5 1
64.95481959769836 37.5 0
71.03685141434167 34.5 1
92.80428083575885 34.5 0
91.06319999999999 33.86369999999999 1
97.6439 36.2687 0
100 46.5 1
41.24026881959911 46.5 0
53.1289 56.5812 0