53.1289 56.5812 0
38.29229692199191 73.5 1
61.12683513587552 73.5 0
61.94304157900504 76.5 1
37.41804372603539 76.5 0
36.54379053007888 79.5 1
62.75924802213456 79.5 0
63.2336 81.24350000000001 1
66.93340000000001 80.13390000000001 0
66.77219009488931 79.5 1
100 79.5 0
100 82.5 1
35.66953733412235 82.5 0
35.45959999999999 83.22040000000001 1
39.5973 85.00049999999999 0
39.41374158872614 85.5 1
100 85.5 0
100 88.5 1
38.31128866816245 88.5 0
37.20883574759876 91.5 1
100 91.5 0
100 94.5 1
16.81839170267619 94.5 0
34.24537319804921 85.5 1
14.21701451398393 85.5 0
16.07717526647521 88.5 1
35.22864986384405 88.5 0
36.21192652963892 91.5 1
17.93733601896648 91.5 0
18.8397 92.95529999999999 1
15.2361 95.70920000000001 0
14.52707361458151 94.5 1
0 94.5 0
0 97.5 1
100 97.5 0
100 100 1
0 100 0
0 91.5 1
12.76799392862758 91.5 0
11.00891424267365 88.5 1
0 88.5 0
0 85.5 1
9.249834556719719 85.5 0
0 82.5 1
33.26209653225435 82.5 0
32.27881986645949 79.5 1
0 79.5 0
0 76.5 1
31.29554320066462 76.5 0
30.31226653486977 73.5 1
0 73.5 0
0 70.5 1
31.2660754229846 70.5 0
31.9941 68.3099 1
39.0545 70.8845 0
38.00007453585025 70.5 1
82.95883868677652 70.5 0
81.71720441477629 67.5 1
0 67.5 0
0.308453 65.05629999999999 1
0.8371690000000001 65.05629999999999 0
4.929967240960295 64.5 1
80.47557014277606 64.5 0
79.23393587077581 61.5 1
48.37420252433935 61.5 0
51.27411559805284 58.5 1
77.99230159877558 58.5 0
77.3296 56.89879999999999 1
85.84399999999999 53.5331 0
80.86822278872151 55.5 1
51.85385456570157 55.5 0
48.31599265033408 52.5 1
100 52.5 0
100 53.5331 1
100 70.81569999999999 1
93.31405127927849 70.81569999999999 0
93.17759639466229 70.5 1
83.89922446138061 70.5 0
83.08949999999999 70.81569999999999 1
91.83949999999999 67.4042 0
91.88090759564849 67.5 1
91.5937869705408 67.5 0
94.94817197872879 70.81569999999999 1
87.4781206994503 53.5331 0
90.74636209835091 53.5331 1
98.21641337762941 70.81569999999999 0
100 67.38082469840288 1
94.01460349725153 53.5331 0
97.28284489615211 53.5331 1
100 59.81946980418385 0
100 49.5 1
44.7781307349666 49.5 0
58.87278778105507 40.5 1
100 40.5 0
100 43.5 1
37.70240690423162 43.5 0
35.54949999999999 41.67440000000001 1
53.1289 56.5812 0
53.1289 56.5812 0