60.5 99.5 0
60.5 99.5 1
60.5 103.5 0
61 103.5 1
61 107.5 0
60.5 107.5 0
58 116.5 1
58 46.5 0
59 46.5 1
59 116.5 0
60 116.5 1
60 46.5 0
62.5 46.5 0
66.5 38 1
100.5 38 0
100.5 39 1
66.5 39 0
66.5 40 1
100.5 40 0
100.5 41 1
66.5 41 0
62.5 46.5 0
45 51.6403124237433 1
45 70.375 0
44 71.125 1
44 52.44031242374329 0
43 53.24031242374329 1
43 71.875 0
42 72.625 1
42 54.0403124237433 0
50 54.5 1
50 46.5 0
51 46.5 1
51 54.5 0
52 54.5 1
52 46.5 0
53 46.5 1
53 54.5 0
54 54.5 1
54 46.5 0
55 46.5 1
55 54.5 0
56 54.5 1
56 46.5 0
57 46.5 1
57 116.5 0
56.5 116.5 1
56.5 117.5 0
56.5 116.5 1
60.5 116.5 1
60.5 108.5 1
60.5 107.5 1
63.5 107.5 1
63.5 103.5 1
61.5 103.5 0
63 103.5 1
63 107.5 0
62 107.5 1
62 103.5 0
61.5 103.5 1
60.5 103.5 0
26 89.5 1
26 154.5 0
27 154.5 1
27 89.5 0
28 89.5 1
28 154.5 0
29 154.5 1
29 89.5 0
30 89.5 1
30 154.5 0
31 154.5 1
31 89.5 0
32 89.5 1
32 154.5 0
33 154.5 1
33 89.5 0
34 89.5 1
34 154.5 0
35 154.5 1
35 89.5 0
36 89.5 1
36 154.5 0
37 154.5 1
37 89.5 0
38 89.5 1
38 154.5 0
39 154.5 1
39 89.5 0
40 89.5 1
40 154.5 0
41 154.5 1
41 89.5 0
42 89.5 1
42 154.5 0
43 154.5 1
43 89.5 0
44 89.5 1
44 154.5 0
45 154.5 1
45 89.5 0
46 89.5 1
46 154.5 0
47 154.5 1
47 89.5 0
48 89.5 1
48 164.5 0
49 164.5 1
49 89.5 0
50 89.5 1
50 164.5 0
51 164.5 1
51 89.5 0
52 89.5 1
52 164.5 0
53 164.5 1
53 89.5 0
54 89.5 1
54 167.5 0
55 167.5 1
55 89.5 0
56.5 89.5 1
19.5 89.5 1
19.5 104.5 0
16.5 115.5 0
15 115.5 1
15 137.5 0
14 137.5 1
14 115.5 0
16 115.5 1
16 137.5 0
17 137.5 1
17 104.5 0
18 104.5 1
18 137.5 0
19 137.5 1
19 104.5 0
19.5 104.5 1
16.5 104.5 1
16.5 115.5 1
13.5 115.5 1
13.5 137.5 1
20.5 137.5 0
20 137.5 1
20 89.5 0
21 89.5 1
21 162.5 0
20.5 162.5 0
20 165.5 1
20 140.7071067811866 0
20.5 140.2071067811866 0
20.5 137.5 1
20.5 140.2071067811866 1
15.20710678118654 145.5 1
18.5 145.5 0
18.5 150.5 0
18 150.5 1
18 165.5 0
19 165.5 1
19 141.7071067811866 0
18.5 144.3284271247462 1
17.3284271247462 145.5 0
15.9142135623731 145.5 1
18.5 142.9142135623731 0
18.5 142.2071067811866 1
18.5 145.5 1
18.5 150.5 1
17.5 150.5 1
17.5 165.5 1
20.5 165.5 1
20.5 162.5 1
24.5 162.5 1
24.5 154.5 0
24 162.5 1
24 89.5 0
23 89.5 1
23 162.5 0
22 162.5 1
22 89.5 0
25 89.5 1
25 154.5 0
24.5 154.5 1
47.5 154.5 1
47.5 164.5 1
53.5 164.5 1
53.5 167.5 1
58.5 167.5 1
58.5 171.5 1
60.5 171.5 1
60.5 160.5 1
67.26759187924399 160.5 1
71.93425854591067 167.5 0
71 166.098612181134 1
71 109.5 0
70 109.5 1
70 164.598612181134 0
69 163.098612181134 1
69 109.5 0
68 109.5 1
68 161.598612181134 0
67.26759187924399 160.5 0
67 160.5 1
67 139.5 0
66 139.5 1
66 160.5 0
65 160.5 1
65 139.5 0
64 139.5 1
64 160.5 0
63 160.5 1
63 139.5 0
62.5 139.5 1
62.5 131.5 1
57.5 131.5 1
56.5 131.5 1
56.5 117.5 0
56.5 131.5 0
57 131.5 1
57 167.5 0
58 167.5 1
58 131.5 0
59 131.5 1
59 171.5 0
60 171.5 1
60 131.5 0
61 131.5 1
61 160.5 0
62 160.5 1
62 131.5 0
62.5 139.5 1
63.5 139.5 1
67.5 139.5 1
67.5 138.5 1
67.5 109.5 1
72.5 109.5 0
76 118.5 1
76 80.5 0
77 80.5 1
77 118.5 0
78 118.5 1
78 80.5 0
79 80.5 1
79 118.5 0
80 118.5 1
80 80.5 0
81 80.5 1
81 118.5 0
82 118.5 1
82 80.5 0
83 80.5 1
83 118.5 0
84 118.5 1
84 80.5 0
85 80.5 1
85 118.5 0
86 118.5 1
86 80.5 0
87 80.5 1
87 118.5 0
88 118.5 1
88 80.5 0
89 80.5 1
89 118.5 0
90 118.5 1
90 80.5 0
91 80.5 1
91 118.5 0
92 118.5 1
92 80.5 0
92.5 81 1
103.5 81 0
103.5 82 1
92.5 82 0
92.5 83 1
103.5 83 0
103.5 84 1
92.5 84 0
92.5 85 1
103.5 85 0
103.5 86 1
92.5 86 0
92.5 87 1
103.5 87 0
92.5 88 1
103.5 88 0
103.5 89 1
92.5 89 0
72.5 86.5 1
71.5 86.5 1
65.5 86.5 1
65.5 87.5 1
65.5 98.5 1
60.5 98.5 0
60.5 99.5 0