49.8691 45.3287 0
47.5 45.50870037019627 1
47.5 0 0
44.5 0 1
44.5 45.73663549770831 0
41.5 45.96457062522036 1
41.5 0 0
38.5 0 1
38.5 45.52365445905669 0
35.5 45.05002185081572 1
35.5 0 0
32.5 0 1
32.5 63.7319878077374 0
34.2621 64.5044 1
32.5941 71.89660000000001 0
29.5 70.78724321780973 1
29.5 100 0
32.5 100 1
32.5 71.86286144171032 0
26.0269 69.542 0
26.5 68.12598528629817 1
26.5 0 0
29.5 0 1
29.5 62.41694520130882 0
28.547 61.9992 1
26.0269 69.542 0
26.5 69.71162499390911 1
26.5 100 0
23.5 100 1
23.5 0 0
20.5 0 1
20.5 100 0
17.5 100 1
17.5 0 0
14.5 0 1
14.5 100 0
11.5 100 1
11.5 0 0
8.5 45.19221327801625 1
8.5 0 0
0 0 1
0 100 0
2.5 100 1
2.5 0 0
5.5 0 1
5.5 44.63381577026979 0
6.022500000000001 43.67529999999999 1
2.88717 49.42700000000001 0
5.5 50.99465335548408 1
5.5 100 0
8.5 100 1
8.5 52.21215556423667 0
8.27149 52.6575 1
11.2409 46.8704 0
33.84269999999999 57.2012 0
35.5 57.85401560267616 1
35.5 100 0
38.5 100 1
38.5 59.03572489370886 0
41.5 60.21743418474155 1
41.5 100 0
44.5 100 1
44.5 60.82433490895686 0
47.5 60.76571786721806 1
47.5 100 0
50.5 100 1
50.5 0 0
89.5 0 1
89.5 100 0
86.5 100 1
86.5 0 0
83.5 0 1
83.5 100 0
80.5 100 1
80.5 0 0
77.5 0 1
77.5 100 0
74.5 100 1
74.5 0 0
71.5 0 1
71.5 100 0
68.5 100 1
68.5 0 0
65.5 0 1
65.5 100 0
62.5 100 1
62.5 59.47864105119672 0
62.6835 59.3854 1
58.3291 46.5116 1
55.8673 59.9683 1
57.0347 62.2557 0
59.5 61.00301790999859 1
59.5 100 0
56.5 100 1
56.5 61.20801045057392 0
53.5 100 1
53.5 31.85815566885167 0
53.2135 31.9368 1
52.023 29.3755 1
51.0258 26.0328 0
53.5 25.43785902020977 1
53.5 0 0
56.5 0 1
56.5 24.7164852673318 0
58.8438 24.1529 1
59.5279 27.197 1
60.6277 29.9016 0
59.5 27.07285091360912 1
59.5 0 0
62.5 0 1
62.5 58.84288155888297 0
59.5 49.97337025996693 1
59.5 30.21115396941005 0
56.5 31.03465481913086 1
56.5 56.50983298805752 0
58.3291 46.5116 0
97.49979999999999 39.8122 0
98.5 37.01616917413418 1
98.5 100 0
100 100 1
100 0 0
98.5 0 1
98.5 31.7387076886202 0
99.2663 31.6793 1
99.79580000000001 37.0264 0
97.49979999999999 39.8122 0
95.5 39.99904545643297 1
95.5 100 0
92.5 100 1
92.5 0 0
95.5 0 1
95.5 35.78029157595836 0
94.11199999999999 36.03270000000001 1
94.61000000000001 40.0822 0
49.8691 45.3287 0