64.65430000000001 65.66970000000001 0
65.78890000000001 65.31049999999999 0
70.88200000000001 69.0052 0
68.5 71.85452869336837 1
68.5 100 0
71.5 100 1
71.5 6.520609463839943 0
71.45599999999999 6.47138 0
71.45599999999999 4.43704979243021 1
74.2796820810336 1.85013 0
71.45599999999999 0 1
71.45599999999999 6.47138 1
79.66810000000001 15.6595 0
80.5 14.96970745109751 1
80.5 100 0
83.5 100 1
83.5 13.33367618874773 0
86.5 16.13059088929219 1
86.5 100 0
77.5 100 1
77.5 13.23371816928679 0
74.5 9.877163816563364 1
74.5 100 0
59.5 100 1
59.5 0 0
59.62430000000001 1.0862 1
59.62430000000001 0 1
67.34110000000001 0 1
67.34110000000001 1.0862 1
59.62430000000001 1.0862 0
60.89646050070988 1.0862 1
59.62430000000001 2.131807774314367 0
56.5 0 1
56.5 100 0
0 100 1
0 0 0
2.5 0 1
2.5 100 0
5.5 100 1
5.5 0 0
8.5 0 1
8.5 100 0
11.5 100 1
11.5 0 0
14.5 0 1
14.5 100 0
17.5 100 1
17.5 0 0
20.5 0 1
20.5 100 0
23.5 100 1
23.5 0 0
26.5 0 1
26.5 100 0
29.5 100 1
29.5 0 0
32.5 0 1
32.5 100 0
35.5 100 1
35.5 0 0
38.5 0 1
38.5 100 0
41.5 100 1
41.5 0 0
44.5 0 1
44.5 100 0
47.5 100 1
47.5 0 0
50.5 0 1
50.5 100 0
53.5 100 1
53.5 0 0
59.62430000000001 4.073449999999999 1
63.5403 9.107810000000001 0
62.5 7.770413496424924 1
62.5 68.51281441881778 0
64.65430000000001 65.66970000000001 0