48.2047 50.1596 0
65.5 40.36142625632901 1
65.5 0 0
64.78960000000001 3.23878 1
63.75230000000001 1.11145 1
64.84180000000001 0.7896766351570705 0
64.84180000000001 0 1
55.37390000000001 0 1
55.37390000000001 3.58593 1
56.6131 6.2105 0
56.5 5.970959274531957 1
56.5 8.583259895348405 0
56.55500000000001 8.563929293136194 1
56.55500000000001 8.492920000000002 1
63.4747 6.119164294420042 1
63.4747 6.131893508994079 1
56.55500000000001 8.563929293136194 0
57.7043 8.159990000000001 1
63.4747 24.7685 0
62.5 21.96309401479967 1
62.5 6.474466926743883 0
59.5 7.528863411046144 1
59.5 13.32841877564814 0
98.5 0 1
98.5 100 0
95.5 100 1
95.5 0 0
92.5 0 1
92.5 100 0
89.5 100 1
89.5 0 0
86.5 0 1
86.5 100 0
83.5 100 1
83.5 0 0
80.5 0 1
80.5 100 0
65.5 80.63998097117329 1
65.5 100 0
62.5 100 1
62.5 83.37590635131227 0
59.5 81.05509194094333 1
59.5 100 0
56.5 100 1
56.5 78.67336276226305 0
56.681 78.87430000000001 1
51.15219999999999 72.73650000000001 0
53.5 75.34291130805963 1
53.5 100 0
50.5 100 1
50.5 57.61190140225766 0
47.5 56.02895758493912 1
47.5 100 0
33.2499 100 1
33.2499 18.6881251367175 0
33.2843 18.7358 1
31.73 16.5817 1
31.73 25.69494026866307 0
31.73 23.88607286916588 1
2.07681 3.90099343598657 0
7.024393796848173 0 1
31.73 16.65060327117713 0
31.73 20.2683380701715 1
2.07681 0.2832586369921917 0
0.2499000000000059 0 1
0.2499000000000059 100 0
3.249900000000006 100 1
3.249900000000006 9.010193216653029 0
2.07681 8.21895 1
3.09399 6.3954 1
2.07681 5.709860835483759 1
2.07681 0 1
31.73 0 0
32.5 0 1
32.5 15.94412808375057 0
31.73 13.03286847218275 1
12.3922672507855 0 0
17.76014070472283 0 1
31.73 9.415133673188368 0
31.73 5.797398874193988 1
23.12801415866016 0 0
28.49588761259749 0 1
31.73 2.179664075199609 0
35.5 13.46008165680473 1
35.5 0 0
38.5 0 1
38.5 100 0
36.2499 100 1
36.2499 16.47175406664278 0
44.5 21.20264782638898 1
44.5 0 0
41.5 0 1
41.5 100 0
44.5 100 1
44.5 28.31205056264066 0
41.584 26.9898 1
48.7817 12.7051 0
47.5 15.2487875654723 1
47.5 0 0
50.5 0 1
50.5 13.70976425794302 0
52.07389999999999 14.63 1
48.9076 24.8553 1
46.3828 29.1658 0
47.5 27.2584447243346 1
47.5 51.56293171626953 0
48.2047 50.1596 0