43.5033 37.3
40.0461 31.2024
27.6652 35.2985
21.4968 39.2305
25.9744 44.9951
35.1862 40.1831

68.9283 85.1835
41.607 51.6867
39.1987 53.6412
66.778 86.8165

61.5125 29.0487
57.2921 24.3212
53.9203 28.3577
57.6856 32.6266

73.3935 17.4752
61.2166 13.2442
60.6569 15.1003
61.0361 21.9333
67.7023 23.9981
71.8967 23.7502

92.3386 21.8553
80.5434 7.21453
73.1185 13.4572
84.9274 27.9572

63.99 64.9289
63.4421 64.4617
59.7827 68.7534
61.5551 69.6339

90.6475 39.3093
87.1006 33.0149
78.2282 38.7465
73.0152 40.2541
77.6295 46.8393