31.794 44.1889 0
31.794 44.1889 1
22.6135 47.1772 0
22.41100225834586 46.5 1
0 46.5 0
0 49.5 1
14.90746932889836 49.5 0
13.8317508253292 52.5 1
0 52.5 0
0 55.5 1
12.75603232176004 55.5 0
12.4918 56.23690000000001 1
16.9203 57.1593 0
18.07184896473041 55.5 1
100 55.5 0
100 58.5 1
0 58.5 0
0 61.5 1
100 61.5 0
100 64.5 1
0 64.5 0
0 67.5 1
100 67.5 0
100 70.5 1
0 70.5 0
0 73.5 1
100 73.5 0
100 76.5 1
0 76.5 0
0 79.5 1
100 79.5 0
100 82.5 1
0 82.5 0
0 85.5 1
100 85.5 0
100 88.5 1
0 88.5 0
0 91.5 1
100 91.5 0
100 94.5 1
0 94.5 0
0 97.5 1
100 97.5 0
100 100 1
0 100 0
0 1.5 1
100 1.5 0
100 4.5 1
0 4.5 0
0 7.5 1
100 7.5 0
100 10.5 1
0 10.5 0
0 13.5 1
100 13.5 0
100 16.5 1
0 16.5 0
0 19.5 1
100 19.5 0
100 22.5 1
0 22.5 0
0 25.5 1
100 25.5 0
100 28.5 1
0 28.5 0
0 31.5 1
100 31.5 0
100 34.5 1
0 34.5 0
0 37.5 1
28.40883092406222 37.5 0
29.3489 37.1735 1
24.3137 38.92230000000001 0
21.0021 41.78830000000001 1
24.9153 39.8887 0
23.65601427668983 40.5 1
0 40.5 0
0 43.5 1
21.51393606672976 43.5 0
15.3701 48.2098 1
21.8474 50.05970000000001 0
19.88764822422834 49.5 1
100 49.5 0
100 52.5 1
20.15383949940842 52.5 0
24.69395865542282 46.5 1
100 46.5 0
100 43.5 1
31.55389545998803 43.5 0
30.50829577928558 40.5 1
100 40.5 0
100 37.5 1
29.46269609858312 37.5 0
31.794 44.1889 0