52.12350000000001 42.431 0
52.12350000000001 42.431 1
57.084 53.4952 0
57.084 55.17116133851812 1
41.2188 63.07795716250803 0
40.97750000000001 61.5222533582365 1
40.97750000000001 100 0
43.97750000000001 100 1
43.97750000000001 69.51808967652474 0
41.2188 65.9058 0
39.4691 62.274 1
34.9325 52.36 0
34.97750000000001 52.45834016664462 1
34.97750000000001 100 0
37.97750000000001 100 1
37.97750000000001 59.01435127628621 0
19.9775 51.58805791320167 1
19.9775 100 0
16.9775 100 1
16.9775 52.31749528326404 0
21.0195 51.3347 1
19.7365 37.8051 1
14.2515 50.3374 0
16.9775 44.10894971741112 1
16.9775 30.05892682726846 0
13.9775 30.07942503123536 1
13.9775 100 0
10.9775 100 1
10.9775 30.09992323520225 0
10.2784 30.1047 1
10.5735 26.2107 0
10.9775 26.2077387434555 1
10.9775 13.60692036215816 0
10.8025 14.4465 1
11.8849 9.253579999999999 0
10.9775 8.900760967356966 1
10.9775 0 0
13.9775 0 1
13.9775 26.18574921465969 0
2.99853 24.9021 1
0.707633 19.9478 0
1.9775 19.45472740573317 1
1.9775 0 0
0 0 1
0 100 0
1.9775 100 1
1.9775 22.69401778198671 0
2.99853 24.9021 0
4.977500000000001 24.09211036973152 1
4.977500000000001 100 0
7.977500000000001 100 1
7.977500000000001 22.86421460031337 0
9.074290000000001 22.4153 1
7.02075 17.4965 0
4.977500000000001 18.28986700476167 1
4.977500000000001 0 0
7.977500000000001 0 1
7.977500000000001 19.78818260662077 0
16.9775 26.16375968586387 1
16.9775 0 0
31.033 14.1754 0
28.9775 9.669191649465191 1
28.9775 100 0
31.9775 100 1
31.9775 36.85423062899685 0
19.9775 40.34651356196414 1
19.9775 30.03842862330158 0
23.0844 30.0172 0
23.1795 26.1183 0
22.9775 26.11978062827225 1
22.9775 0 0
19.9775 0 1
19.9775 26.14177015706807 0
23.1795 26.1183 1
23.0844 30.0172 0
22.9775 30.01793041933469 1
22.9775 100 0
25.9775 100 1
25.9775 0 0
27.8356 1.938001252229306 1
31.11308565459354 0 0
27.8356 5.423227084076435 1
37.00718796941818 0 0
36.1794 2.23209 1
38.9815 7.94281 0
37.6794 5.289111519574604 1
37.6794 1.345129022987128 0
38.9815 0 1
27.8356 0 1
27.8356 7.165839999999999 1
31.033 14.1754 0
31.9775 13.63776990889889 1
31.9775 34.01383882002447 0
31.5131 34.0917 1
33.60850000000001 46.5564 0
34.97750000000001 46.35954079968617 1
34.97750000000001 52.3340093653656 0
37.97750000000001 50.60130038973881 1
37.97750000000001 8.481931582412969 0
38.9815 7.94281 1
38.9815 50.02142045256238 0
40.6794 49.04076492932349 1
40.6794 0 0
43.6794 0 1
43.6794 11.84668884677343 0
46.6794 11.54378919738463 1
46.6794 0 0
49.6794 0 1
49.6794 11.24088954799583 0
49.89619999999999 11.219 1
50.31999999999999 12.89102106324011 0
50.31999999999999 10.107 1
51.35599999999999 13.7279 1
51.35599999999999 16.97835900924473 0
55.6374 14.27948766060857 1
59.4843 12.9889 0
59.4843 14.72071140965255 1
55.6374 16.02564785196466 0
55.6374 17.6096 0
55.6794 17.68508968871595 1
55.6794 50.3622949863925 0
57.084 53.4952 1
57.084 58.0229985038246 1
41.2188 65.9058 1
45.4015 71.3827 0
46.97750000000001 70.58736364287418 1
46.97750000000001 100 0
49.97750000000001 100 1
49.97750000000001 69.07339849606112 0
50.0094 69.0573 0
52.97750000000001 66.86893187289803 1
52.97750000000001 100 0
55.97750000000001 100 1
55.97750000000001 64.65704400479862 0
57.4336 64.25040000000001 1
56.502 76.1155 1
56.502 64.93726491264047 1
57.4336 64.25040000000001 1
59.76220000000001 64.58875379804431 1
59.76220000000001 61.86660000000001 1
57.2597 57.9357 0
58.6794 60.16574944255744 1
58.6794 23.07721031128404 0
52.6794 22.19957815764482 1
52.6794 13.3492165953216 0
54.9769 12.6918 1
55.61620000000001 14.2866 1
55.6374 14.27948766060857 1
55.6374 17.6096 1
71.0574 45.32510000000001 0
73.67939999999999 43.98553512195122 1
73.67939999999999 66.55788990254567 0
96.84620000000001 86.9487 1
94.7696 89.2526 1
96.84620000000001 91.11510741348448 0
96.84620000000001 86.9487 1
95.7311 85.96721820969356 1
88.52770000000001 79.62697434968689 1
88.52770000000001 75.55260000000001 1
90.93299999999999 71.5077 0
91.67939999999999 71.9055642879473 1
91.67939999999999 25.23987142094857 0
92.11850000000001 24.3151 0
91.67939999999999 24.08657878054263 1
91.67939999999999 0 0
94.67939999999999 0 1
94.67939999999999 73.50469727808925 0
95.7311 74.06530000000001 1
92.92580000000001 77.81899999999999 0
94.67939999999999 75.47255280362171 1
94.67939999999999 79.36247275354799 0
95.7311 80.28815152573461 1
95.7311 85.96721820969356 0
95.7311 82.28642284514444 1
88.52770000000001 75.94617898513778 0
88.52770000000001 75.55260000000001 0
88.67939999999999 75.2974919760529 1
88.67939999999999 30.89667677541226 0
88.93260000000001 31.0248 1
92.11850000000001 24.3151 0
88.67939999999999 22.52528600356222 1
88.67939999999999 0 0
85.67939999999999 0 1
85.67939999999999 22.65546175170017 0
86.3356 21.3055 1
83.0565 28.0514 0
85.67939999999999 29.37862909072344 1
85.67939999999999 77.11997535109498 0
82.67939999999999 74.47945398895763 1
82.67939999999999 0 0
79.67939999999999 0 1
79.67939999999999 71.83893262682031 0
76.67939999999999 69.19841126468299 1
76.67939999999999 0 0
73.67939999999999 0 1
73.67939999999999 41.46312493188195 0
74.7474 43.43989999999999 1
59.9936 16.1319 0
59.4843 16.3046635576879 1
59.4843 12.9889 1
58.6418 10.2114 0
58.6794 10.33535727002967 1
58.6794 0 0
61.6794 0 1
61.6794 19.2521691103309 0
64.67939999999999 24.80490806571866 1
64.67939999999999 0 0
67.67939999999999 0 1
67.67939999999999 30.35764702110642 0
70.67939999999999 35.91038597649418 1
70.67939999999999 0 0
55.4532 8.518899999999999 1
55.84999999999999 10.545 0
55.6794 9.673899546370958 1
55.6794 0 0
52.6794 0 1
52.6794 9.377053155926127 0
50.31999999999999 10.107 1
50.31999999999999 12.89102106324011 1
51.35599999999999 16.97835900924473 1
55.05589999999999 31.5756 0
52.6794 31.35941656021897 1
52.6794 43.67091306924705 0
70.67939999999999 44.64569280155642 1
70.67939999999999 63.91736854040835 0
67.67939999999999 61.27684717827101 1
67.67939999999999 39.25357217898832 0
64.67939999999999 33.86145155642023 1
64.67939999999999 58.63632581613369 0
64.46180000000001 58.4448 0
62.5904 60.39100000000001 1
63.47750000000001 61.18664207189738 1
63.47750000000001 65.12860000000001 1
62.12869999999999 77.1549 0
61.97750000000001 77.1269693692573 1
61.97750000000001 100 0
58.97750000000001 100 1
58.97750000000001 76.57279018785434 0
63.47750000000001 87.38083913877543 1
77.5472155107658 100 0
73.05411045206398 100 1
63.47750000000001 91.41071561060284 0
63.47750000000001 95.44059208243021 1
68.56100539336217 100 0
64.06790033466038 100 1
63.47750000000001 99.47046855425759 0
82.04032056946758 100 1
63.47750000000001 83.35096266694805 0
63.47750000000001 79.32108619512064 1
86.5334256281694 100 0
91.02653068687121 100 1
63.47750000000001 75.29120972329326 0
63.47750000000001 71.26133325146586 1
95.519635745573 100 0
100 100 1
100 0 0
97.67939999999999 0 1
97.67939999999999 100 0
96.84620000000001 100 1
63.47750000000001 100 1
63.47750000000001 65.12860000000001 0
63.47750000000001 67.23145677963848 1
96.84620000000001 97.15992212122558 0
96.84620000000001 93.13004564939817 1
63.47750000000001 63.20158030781107 0
59.76220000000001 63.73022871443358 1
58.7894767002519 64.44741366967708 0
61.6794 64.86732972418471 1
61.6794 28.46933093385213 0
37.17740000000001 46.0432 1
35.27249999999999 33.4614 0
34.97750000000001 33.51085962121616 1
34.97750000000001 11.93010418809072 0
35.7201 11.5074 1
35.1696 9.989699999999999 0
41.4538 12.0714 1
44.5086 24.4192 0
43.6794 21.06749260180699 1
43.6794 47.30805595369671 0
46.6794 45.57534697806992 1
46.6794 32.44717024079836 0
49.6794 31.75698438595016 1
49.6794 43.84263800244314 0
52.12350000000001 42.431 0