48.1537 43.98909999999999 0
48.1537 43.98909999999999 1
53.4169 42.1618 0
52.9341449373882 58.5 1
32.85002069892049 58.5 0
33.34742068943717 55.5 1
54.18781220035778 55.5 0
54.2805 55.2782 1
57.41200000000001 55.8783 0
55.43791826362273 55.5 1
78.70987499136442 55.5 0
78.8229 56.3242 1
62.53019999999999 59.4319 0
55.92464203838924 58.5 1
67.41586049811758 58.5 0
64.64860588493971 52.5 1
78.29847602763385 52.5 0
76.23428026023075 49.5 1
77.88707706390329 49.5 0
77.8304 49.08669999999999 1
62.9011 52.9525 0
62.9523031824346 52.5 1
33.84482067995384 52.5 0
34.34222067047052 49.5 1
63.2917717952607 49.5 0
63.6312404080868 46.5 1
34.83962066098721 46.5 0
34.8914 46.18770000000001 1
27.9381 45.1384 0
18.0603 32.7944 1
20.1199 32.65179999999999 0
19.91536052358 31.5 1
100 31.5 0
100 28.5 1
19.38261314620546 28.5 0
19.1804 27.3613 1
15.459 27.9405 0
65.63866347120216 19.5 1
14.96622499401402 19.5 0
16.94106337266975 16.5 1
56.66382273601749 16.5 0
57.09494479661181 13.5 1
18.91590175132546 13.5 0
20.89074012998119 10.5 1
100 10.5 0
100 13.5 1
77.99829904957954 13.5 0
78.0899 13.0276 1
57.45440000000001 10.9987 0
56.4161 18.2238 1
67.63319999999999 19.776 1
76.31899999999999 22.1604 0
76.83486614838822 19.5 1
100 19.5 0
100 16.5 1
77.41658259898389 16.5 0
100 1.5 1
0 1.5 0
0 4.5 1
100 4.5 0
100 7.5 1
16.29164620186869 7.5 0
21.0247 10.2965 1
14.1576 6.23911 1
0 6.23911 0
0.2643499999999996 6.23911 1
0.2643499999999996 24.914 0
0 25.5 1
100 25.5 0
100 22.5 1
12.9913866153583 22.5 0
11.4023 24.914 1
4.76435 24.914 0
3.26435 24.914 1
3.26435 6.23911 0
4.76435 6.799104830819813 1
5.138396262510637 6.23911 0
4.76435 6.23911 1
4.76435 20.302 0
4.76435 17.60142096616396 1
12.35375925250213 6.23911 0
8.746077757506381 6.23911 1
4.76435 12.20026289849189 0
4.76435 22.12851536849668 1
8.773436667321658 24.914 0
0 28.5 1
15.54608077605202 28.5 0
16.01300182726931 31.5 1
0 31.5 0
0 34.5 1
14.86182013902781 34.5 0
15.1847 36.0977 1
18.0452 35.60599999999999 0
18.05113989187651 34.5 1
100 34.5 0
80.73987564925054 39.604 1
80.86940000000001 40.37309999999999 1
74.0728 39.604 0
69.92652347086585 40.5 1
53.000876438104 40.5 0
52.0025 36.512 1
45.1874 39.889 1
37.05549999999999 40.72110000000001 0
39.21625362336256 40.5 1
0 40.5 0
0 37.5 1
50.00862413384661 37.5 0
52.0025 36.512 0
52.24984100322135 37.5 1
100 37.5 0
100 54.61361538481546 1
97.47222638445268 39.604 0
94.4299807962341 39.604 1
99.81176725090879 71.56039999999999 0
100 73.5 1
60.12029444220701 73.5 0
60.1789 72.26679999999999 1
51.5928 72.54929999999999 1
43.9002 76.83449999999999 0
44.50067948753851 76.5 1
0 76.5 0
0 73.5 1
49.88614574348921 73.5 0
35.74547264591921 64.5 1
63.1678232666859 64.5 0
62.79038994846849 61.5 1
36.56429577212707 61.5 0
48.1537 43.98909999999999 0