48.1537 43.98909999999999 0
49.56246217369889 43.5 1
63.97070902091289 43.5 0
64.1694 41.7441 1
74.0728 39.604 1
100 39.604 1
100 71.56039999999999 1
86.12166210392522 71.56039999999999 0
87.64278489803451 71.56039999999999 1
82.26099844335982 39.604 0
85.3032440315784 39.604 1
90.68503048625305 71.56039999999999 0
93.72727607447163 71.56039999999999 1
88.34548961979695 39.604 0
91.38773520801553 39.604 1
96.76952166269021 71.56039999999999 0
100 76.5 1
69.13568155476591 76.5 0
82.87023215816848 67.5 1
85.43784897977602 67.5 0
85.34780000000001 66.96530000000001 1
64.05609999999999 71.56039999999999 0
68.96953358795238 70.5 1
85.94307983694466 70.5 0
96.33420000000001 83.51613012684061 1
92.13932813434056 80.86009999999999 0
86.53130937811352 80.86009999999999 1
96.33420000000001 87.0669100422802 0
96.33420000000001 91.49318609004612 1
90.65346408946834 99.77070000000001 0
88.83420000000001 99.77070000000001 1
100 99.77070000000001 1
100 100 1
0 100 0
0 97.5 1
85.34553459565927 97.5 0
88.83420000000001 99.77070000000001 1
76.43190000000001 91.69829999999999 0
76.56537952796589 91.5 1
25.66145667884694 91.5 0
24.44952001624036 88.5 1
38.66691691939576 88.5 0
38.6739 88.5437 1
42.2136 89.9297 1
51.6234 90.4727 0
51.83238928584042 88.5 1
78.58473698584635 88.5 0
80.60409444372681 85.5 1
52.15021148765585 85.5 0
57.5043 78.90960000000001 1
57.82089999999999 77.69730000000001 1
59.9311 77.4811 1
60.83365079081383 77.4811 1
60.7355 74.7484 1
60.06096653242047 74.7484 1
59.9311 77.4811 0
60.90616392126138 79.5 1
52.78585589128669 79.5 0
52.46803368947127 82.5 1
61.013915365782 82.5 0
61.02889999999999 82.91720000000001 1
69.21789999999999 82.79230000000001 0
69.21408065706626 82.5 1
82.62345190160727 82.5 0
83.72730000000001 80.86009999999999 1
96.33420000000001 80.86009999999999 1
96.33420000000001 99.77070000000001 0
94.29199226840504 99.77070000000001 1
96.33420000000001 96.79495827013835 0
98.5 99.77070000000001 1
98.5 80.86009999999999 0
100 79.5 1
69.17488110591609 79.5 0
76.43190000000001 91.69829999999999 0
80.73638490040136 94.5 1
0 94.5 0
0 91.5 1
20.73213929618768 91.5 0
19.9095 88.69479999999999 1
24.1896 87.85659999999999 0
20.90420708661416 88.5 1
0 88.5 0
0 85.5 1
38.18752923489392 85.5 0
38.11960000000001 85.07490000000001 0
39.41761132667013 82.5 1
0 82.5 0
0 79.5 1
41.47210296883597 79.5 0
34.92664951971135 67.5 1
63.54525658490333 67.5 0
63.92268990312076 70.5 1
0 70.5 0
0 67.5 1
27.90712875424725 67.5 0
28.36116324029088 64.5 1
0 64.5 0
0 61.5 1
28.81519772633451 61.5 0
28.9882 60.3569 1
24.575 59.4237 0
24.79246098926869 58.5 1
0 58.5 0
0 55.5 1
25.49873247114166 55.5 0
26.20500395301464 52.5 1
0 52.5 0
0 49.5 1
26.91127543488761 49.5 0
27.61754691676059 46.5 1
0 46.5 0
0 43.5 1
37.76381744565218 43.5 0
37.8528 43.84910000000001 1
48.1537 43.98909999999999 0
48.1537 43.98909999999999 0