20.5658 46.0887
7.98757 43.8441
6.3933 52.444
18.8638 56.1163

39.1002 10.6689
34.604 4.3575
19.8366 14.5831
24.429 20.8672

54.7024 54.5998
50.581 52.7902
49.5974 54.4281
33.0996 46.7429
27.4909 60.6779
44.7673 67.4019
41.3234 75.5056
24.3487 68.3705
18.5947 81.9068
39.8659 90.7123

60.6295 24.567
52.2983 19.0361
50.1323 22.8266
58.399 28.2812

37.9591 33.3317
37.5164 27.6467
31.0223 27.7826
30.6367 34.1501

34.7106 94.9601
34.5699 90.1025
26.5619 90.5775
27.1211 94.9427

71.5382 91.0536
70.3836 90.0538
68.0453 79.2736
58.3502 79.97
61.8267 93.1949
64.776 92.3815
68.9321 94.9704

90.0173 51.7287
83.0089 41.5244
79.1975 44.9211
69.9927 33.7953
64.2373 38.966
73.8123 51.991
77.6985 48.8224
84.7161 57.1293

84.2773 17.0754
81.5706 17.1368
80.4519 20.8278
83.4394 21.191