39.8991 50.2137 0
33.6849 58.2841 1
20.4648 54.4791 0
20.90940854568134 52.5 1
0 52.5 0
0 49.5 1
30.76971079887494 49.5 0
31.12645609756098 50.5508 1
21.3473 50.5508 0
9.796296186439498 47.1477 1
3.40156 28.45032234979796 0
3.40156 37.7207670493939 1
6.625688559318494 47.1477 0
11.3816 47.1477 0
13.31086134335285 46.5 1
29.75121451408421 46.5 0
22.24676381372269 43.5 1
28.73271822929348 43.5 0
28.0691 41.5453 1
11.3816 47.1477 1
0 47.1477 1
0 14.3646 0
0 13.5 1
73.77738376022981 13.5 0
74.23519999999999 12.2239 1
81.584 15.4409 0
77.150277301834 13.5 1
100 13.5 0
100 16.5 1
81.08159867902611 16.5 0
79.65849985651491 19.5 1
100 19.5 0
100 22.5 1
66.51544694119877 22.5 0
66.1831 25.2032 1
48.9376 22.2279 0
49.4788928723686 19.5 1
33.16787587470814 19.5 0
32.51039493376403 16.5 1
50.07417811636795 16.5 0
50.5108 14.2996 1
67.15639999999999 17.2867 0
66.88428417987748 19.5 1
78.85509959023489 19.5 0
79.50120000000001 19.8316 1
72.7491 16.3662 0
73.00980034628037 16.5 1
62.77251813464564 16.5 0
55.14860907421961 7.5 1
100 7.5 0
100 10.5 1
54.87587399705473 10.5 0
54.83150000000001 10.9881 1
43.5351 10.7693 0
43.70710851549151 10.5 1
0 10.5 0
0 7.5 1
45.62328210061787 7.5 0
47.53945568574424 4.5 1
0 4.5 0
0 1.5 1
100 1.5 0
100 4.5 1
52.26328268430797 4.5 0
55.2445 6.44523 1
51.0224 3.69033 1
48.12179999999999 3.58827 0
8.107368115233715 14.3646 1
3.40156 15.91735612003755 0
3.40156 19.07645367202253 1
17.68138086914023 14.3646 0
27.25539362304674 14.3646 1
3.40156 22.23555122400751 0
3.40156 23.8151 1
3.40156 47.1477 0
3.45508093219749 47.1477 1
3.40156 46.99121174898984 0
1.90156 47.1477 1
1.90156 14.3646 0
3.40156 14.3646 1
32.0424 14.3646 0
33.82535681565227 22.5 1
50.51475206869895 22.5 0
57.97819480725988 31.5 1
100 31.5 0
76.78829999999999 35.51860000000001 1
77.2586 37.0282 1
78.76419999999999 36.75790000000001 0
78.81397401779901 37.5 1
100 37.5 0
100 34.5 1
60.56508044812078 34.5 0
57.63 31.0962 0
57.28489272326351 31.5 1
35.79779963848465 31.5 0
35.14031869754052 28.5 1
100 28.5 0
100 25.5 1
34.4828377565964 25.5 0
36.45528057942877 34.5 1
58.62627782133032 34.5 0
63.52276825897518 76.81710000000001 1
68.81140833323377 81.27293193692989 0
68.75200000000001 83.18430000000001 0
68.09685745748988 83.9537 1
68.13841055870446 83.9049 0
68.75200000000001 83.18430000000001 1
68.13841055870446 83.9049 1
69.09950000000001 83.9049 1
74.5736 83.88 0
73.11108526070865 85.5 1
100 85.5 0
100 88.5 1
75.37012670294237 88.5 0
74.81673105579685 82.5 1
100 82.5 0
100 79.5 1
75.3452768292683 79.5 0
75.41730000000001 79.09119999999999 1
73.37129999999999 78.63749999999999 1
73.4563 77.07980000000001 0
69.31979999999999 76.81710000000001 1
68.94990261576228 76.81710000000001 1
68.7296026157623 83.9049 0
69.09950000000001 83.9049 1
69.31979999999999 76.81710000000001 0
68.17880171372914 76.81710000000001 1
68.93022499970132 77.45019581078972 0
68.94990261576228 76.81710000000001 1
61.1947515315982 76.81710000000001 1
60.092 75.88800000000001 0
60.81838460589614 76.5 1
100 76.5 0
100 73.5 1
57.91040938345864 73.5 0
55.16971765413534 70.5 1
100 70.5 0
100 67.5 1
0 67.5 0
0 70.5 1
52.831297256799 70.5 0
50.01314493540204 73.5 1
0 73.5 0
0 76.5 1
48.26712018800006 76.5 0
52.12750341889746 79.5 1
0 79.5 0
0 82.5 1
13.2723474275205 82.5 0
13.07457949898334 85.5 1
0 85.5 0
0 100 1
100 100 0
100 97.5 1
0 97.5 0
0 94.5 1
72.07097108148761 94.5 0
73.09110000000001 95.97710000000001 0
75.87928823632282 94.5 1
100 94.5 0
100 91.5 1
78.8764201983237 91.5 0
79.56729999999999 92.5462 1
73.09110000000001 95.97710000000001 0
69.99908241075633 91.5 1
0 91.5 0
0 88.5 1
12.87681157044619 88.5 0
12.8548 88.8339 1
17.7029 89.3246 0
17.85480606359792 88.5 1
63.70865311158967 88.5 0
64.0198 88.74180000000001 0
66.46659518298441 85.86828150343692 1
69.28032114553517 83.9537 0
71.94669999999999 83.9537 1
68.09685745748988 83.9537 1
65.27490801619433 87.26779999999999 0
67.92719374002502 88.5 1
64.22569221052632 88.5 0
64.0198 88.74180000000001 1
47.6474 76.01840000000001 0
18.4074597026881 85.5 1
59.84826988069227 85.5 0
55.98788664979486 82.5 1
16.94265393022278 82.5 0
24.0118171064389 55.5 1
0 55.5 0
0 58.5 1
100 58.5 0
100 61.5 1
0 61.5 0
0 64.5 1
100 64.5 0
86.43260000000001 53.6127 1
83.2048196389247 53.6127 1
83.23621796845552 53.6918 1
77.1140777288789 53.6918 0
79.09473275429929 53.6918 1
63.16641556830508 35.21980000000001 0
72.78416200632049 41.7795446185818 1
67.12772561914588 35.21980000000001 0
71.08903566998669 35.21980000000001 1
71.87866950283779 36.1355349134943 0
71.79329999999999 35.21980000000001 1
72.2884 40.53060000000001 1
74.28919999999999 45.5711 1
77.9134 49.4435 1
82.6591 52.2379 0
80.91864966134918 51.21307448925852 1
83.05604280514009 53.6918 0
83.2048196389247 53.6127 1
82.6591 52.2379 1
86.43260000000001 53.6127 1
90.43180000000001 53.6918 1
90.43459999999999 48.49079999999999 1
91.1404 48.2047 1
91.1404 40.4785 0
91.1404 48.2047 1
89.8929 40.4785 1
79.07320000000001 41.36490000000001 0
79.01518955936618 40.5 1
89.63046368456679 40.5 0
89.8929 40.4785 1
100 40.4785 0
98.5 40.4785 1
98.5 53.6918 0
95.5 53.6918 1
95.5 40.4785 0
92.5 40.4785 1
92.5 53.6918 0
90.43180000000001 53.6918 1
100 53.6918 0
100 55.5 1
78.67327993414713 55.5 0
79.1046 56.00020000000001 0
77.6293 57.3394 0
76.09886754575666 55.5 1
34.57017437255847 55.5 0
39.8991 50.2137 0
39.8991 50.2137 1
32.1127 53.4558 0
31.62640285051293 52.02340258211353 1
26.64168788625765 50.5508 0
32.1127 53.4558 0
34.40820017581197 52.5 1
73.60278329941005 52.5 0
71.10669905306344 49.5 1
39.74268528414939 49.5 0
39.08520434320526 46.5 1
68.6106148067168 46.5 0
66.11453056037018 43.5 1
38.42772340226115 43.5 0
37.77024246131703 40.5 1
63.61844631402357 40.5 0
61.12236206767695 37.5 1
37.1127615203729 37.5 0
39.8991 50.2137 0