75.73859999999999 35.83969999999999 0
100 100 1
0 100 0
0 97.5 1
100 97.5 0
100 94.5 1
0 94.5 0
0 91.5 1
100 91.5 0
100 88.5 1
0 88.5 0
0 85.5 1
100 85.5 0
100 82.5 1
0 82.5 0
0 79.5 1
100 79.5 0
100 76.5 1
0 76.5 0
0 73.5 1
100 73.5 0
100 70.5 1
0 70.5 0
0 67.5 1
100 67.5 0
100 64.5 1
0 64.5 0
0 61.5 1
100 61.5 0
100 58.5 1
0 58.5 0
0 55.5 1
100 55.5 0
100 52.5 1
0 52.5 0
0 49.5 1
100 49.5 0
100 46.5 1
0 46.5 0
0 43.5 1
100 43.5 0
100 40.5 1
0 40.5 0
0 37.5 1
100 37.5 0
100 32.12554748844759 1
98.26931935436536 35.83969999999999 0
94.95961459517846 35.83969999999999 1
100 25.02270718406368 0
100 1.5 1
0 1.5 0
0 4.5 1
100 4.5 0
100 7.5 1
0 7.5 0
0 10.5 1
100 10.5 0
100 13.5 1
0 13.5 0
0 16.5 1
100 16.5 0
99.03845713878033 19.9834 1
91.64990983599156 35.83969999999999 0
75.73859999999999 35.83969999999999 0