54.3385 57.2719 0
54.3385 57.2719 1
52.46939999999999 60.0667 0
55.5 63.38098716020924 1
55.5 100 0
49.5 89.16191190363722 1
49.5 100 0
52.5 100 1
52.5 60.10016439223335 0
52.46939999999999 60.0667 1
58.10890000000001 66.23410000000001 1
60.1041 63.23520000000001 0
61.5 62.40090379213483 1
61.5 100 0
58.5 100 1
58.5 65.64625427526062 0
70.5 67.46868135375684 1
70.5 100 0
73.5 100 1
73.5 81.67306294867544 0
73.3194 81.5693 1
68.5667 57.7997 0
70.5 58.6627038999622 1
70.5 0 0
73.5 0 1
73.5 60.00187097174958 0
64.71209999999999 55.2217 1
65.4177 43.56699999999999 0
64.5 43.50979172100004 1
64.5 0 0
67.5 0 1
67.5 100 0
64.5 100 1
64.5 55.24655380092176 0
61.5 55.59809271070615 1
61.5 59.55337071650541 0
63.23690000000001 61.36279999999999 1
57.5733 55.4627 0
60.9367 55.6641 1
61.15389999999999 43.30119999999999 0
61.5 43.32277544443923 1
61.5 0 0
58.5 0 1
58.5 32.66900215023738 0
55.5 28.28261101182166 1
55.5 0 0
52.5 0 1
52.5 27.66328589300308 0
54.2988 26.5263 1
60.74460000000001 35.9509 0
58.5 38.07109805796235 1
58.5 56.42809703898581 0
57.5733 55.4627 0
37.5 39.08246040709126 1
37.5 48.48452180344739 0
34.7415 46.6965 1
38.54900000000001 36.187 0
34.5 28.33321714983217 1
34.5 34.47308173209227 0
37.5 35.74296437070012 1
37.5 0 0
34.5 0 1
34.5 26.77517232870105 0
36.55370000000001 29.1097 1
31.164 22.983 1
30.3274 26.7556 0
31.5 27.19894800122063 1
31.5 35.7255328734726 0
32.3715 33.57210000000001 1
28.566 42.9753 1
28.566 54.37958638693145 1
38.6285 60.07479378603459 1
38.6285 54.94070097860825 1
37.13939999999999 53.17 1
38.6285 49.21599999999999 0
37.5 52.21250057081458 1
37.5 53.59879240674645 0
35.6474772202719 58.38758454459335 1
28.566 49.96694211364344 0
25.5 56.72237607041291 1
25.5 0 0
25.0048 0 1
12.9492 0 1
12.9492 3.1153 1
16.7948 7.1267 0
16.5 6.819189931350115 1
16.5 77.53484050242554 0
13.5 76.10095198068214 1
13.5 3.689847306012067 0
12.9492 3.1153 0
12.9492 1.572452384865997 1
19.48148814475363 0 0
4.5 0 1
4.5 8.083806300643136 0
5.97274 8.289560000000002 1
5.291219999999999 13.6397 0
4.5 13.48143598795942 1
4.5 39.95036369570994 0
4.20007 39.79349999999999 1
1.49108 45.9725 0
1.5 45.95215415893009 1
1.5 12.88136011004714 0
0.325348 12.6464 1
0.7313829999999999 7.5573 0
1.5 7.66468201660753 1
1.5 0 0
0 0 1
0 100 0
1.5 100 1
1.5 74.91334881082676 0
0.131352 72.51300000000001 1
11.841 93.04949999999999 0
10.5 90.69764053334481 1
10.5 100 0
13.5 100 1
13.5 89.69687080803953 0
16.5 83.6342502077494 1
16.5 100 0
19.5 100 1
19.5 4.848722581632154 0
22.5 2.322501875176613 1
22.5 62.50122359912937 0
1.5 45.97707647670366 1
1.5 70.36539789370863 0
4.5 71.799286415452 1
4.5 47.51625025596041 0
5.80034 48.18340000000001 1
9.242889999999999 42.43089999999999 0
7.5 41.51936675352283 1
7.5 0 0
10.5 0 1
10.5 74.66706345893877 0
7.5 73.2331749371954 1
7.5 45.34326865840728 0
28.566 45.30584737121448 1
38.6285 57.27124834982274 0
54.3385 57.2719 0