15.0465 69.4044
11.326 63.8071
10.5717 66.5157
3.9839 66.6909
0.490498 68.8123
0.0538813 72.6141
11.3913 73.8252
12.3592 69.948

18.9362 52.4263
15.2254 47.2486
10.6501 51.7068
14.9577 56.0953

15.5025 89.7723
11.2465 83.4737
4.91158 88.9111
9.3853 94.4728

38.1356 84.2667
32.9579 72.5656
20.622 79.4405
24.7854 88.2098

37.6828 45.634
35.0874 39.1482
26.8792 42.2662
29.819 48.6475

49.7202 14.5343
34.2129 7.71415
30.3515 15.5396
45.9228 22.4613

49.5699 66.9227
45.1716 65.9506
43.6486 72.7895
48.1435 73.7875

62.7544 76.0922
53.9362 72.8701
47.2348 90.9775
55.9244 94.4352

97.0768 48.8854
90.8492 38.6278
61.9523 53.9258
67.8649 62.9707

86.6233 29.5559
81.1669 23.6132
68.1264 35.4268
74.1916 41.4308

57.2364 35.2075
52.3038 34.8209
51.1708 39.368
56.585 39.8683

69.4982 65.125
67.0888 66.0377
64.8112 65.8785
65.8003 84.3776
67.169 84.0623

96.5426 66.962
91.3165 63.9327
78.6077 89.1386
82.772 91.2501
92.0751 73.1111
93.1765 73.8089