15.6622 48.6742
14.9627 43.8817
8.28006 44.4153
9.05776 50.0527

40.3328 67.1693
29.0853 58.9918
26.3336 63.2415
14.6881 56.4531
10.8807 62.9401
23.0932 71.1868
25.8926 67.3136
36.6898 73.4443

40.015 15.796
39.8851 11.618
31.3724 11.9827
31.6303 16.4168

35.7637 98.1848
34.0498 76.5615
25.626 77.3324
27.4487 99.5458

48.4812 62.3074
43.891 60.261
45.3791 70.11

56.9717 43.5911
53.1113 28.989
46.1808 31.6082
45.0729 46.6876

60.7333 18.6868
59.4336 7.14386
46.7064 9.4589
48.4385 20.1447

77.4622 72.9262
60.5886 64.1442
54.196 78.7488
57.2701 83.4773
68.1218 89.161
70.8793 87.6784

73.4815 40.4138
68.0364 38.3473
66.915 45.8701
62.9527 53.0199
65.9755 54.1524
71.9748 45.7776

78.1848 24.3487
76.2481 18.2011
74.6139 18.5308
58.468 33.0596
60.0248 36.9751
69.9383 33.1329
68.6505 28.978

74.6834 14.7888
74.6281 13.1888
65.5621 11.4039
66.6437 16.5248

86.3231 37.9099
81.9209 36.5408
79.373 43.9129
83.9741 45.1476

97.5035 12.8364
91.9252 3.91989
85.7295 7.86764
87.6176 11.8011

89.8915 88.2152
87.6065 84.2178
81.5674 87.7798
83.8065 91.6883