53.0996 41.52800000000001 0
40.65489852447497 55.5 1
100 55.5 0
97.54346468696906 53.77379999999999 1
96.47467242916318 44.27849999999999 0
94.96520000000001 44.27849999999999 1
77.83410000000001 45.72280000000001 0
77.88421110669481 46.5 1
0 46.5 0
0 43.5 1
100 43.5 0
99.49361728748957 44.27849999999999 1
100 48.77727488818198 0
100 44.27849999999999 1
100 53.77379999999999 1
96.03399225780586 53.77379999999999 1
95.91980000000001 52.7593 1
78.35319999999999 53.77379999999999 0
78.27106988200222 52.5 1
39.10754900460614 52.5 0
38.8968 52.09139999999999 1
14.375 64.53139999999999 0
15.80261862627133 67.5 1
0 67.5 0
0 70.5 1
17.24533771230985 70.5 0
18.1719 72.42670000000001 1
42.8608 59.77679999999999 0
42.20224804434382 58.5 1
100 58.5 0
100 61.5 1
64.4332088174184 61.5 0
63.9041 59.5611 1
53.1053 62.4098 0
56.55415324533998 61.5 1
39.49761827682433 61.5 0
33.64249689246556 64.5 1
53.62267623762376 64.5 0
53.02460000000001 67.26410000000001 0
53.17687425742574 67.5 1
27.78737550810678 67.5 0
21.93225412374802 70.5 1
55.11338452566325 70.5 0
50.77095855155245 76.5 1
100 76.5 0
100 73.5 1
57.31490546218487 73.5 0
57.4188 74.07149999999999 0
57.04989479390076 73.5 1
0 73.5 0
0 76.5 1
45.30603865701036 76.5 0
46.617 75.45910000000001 1
44.6345 77.03319999999999 0
45.88081661655804 79.5 1
0 79.5 0
0 82.5 1
100 82.5 0
100 79.5 1
51.06625197158081 79.5 0
48.5223 80.37459999999999 1
51.7975 79.24860000000001 0
52.232 87.05930000000001 1
79.68790000000001 88.55699999999999 0
79.54721685884968 91.5 1
100 91.5 0
100 100 1
0 100 0
0 97.5 1
100 97.5 0
100 94.5 1
79.40380896776881 94.5 0
79.27500000000001 97.19460000000001 1
51.5693 95.79499999999999 0
51.66754015247777 94.5 1
0 94.5 0
0 91.5 1
51.89512351729111 91.5 0
52.12270688210447 88.5 1
0 88.5 0
0 85.5 1
100 85.5 0
100 88.5 1
78.64297357948854 88.5 0
62.63192222335647 67.5 1
100 67.5 0
100 70.5 1
56.76952731092437 70.5 0
56.57510000000001 69.43049999999999 1
65.7954 66.49170000000001 0
65.25188252532249 64.5 1
100 64.5 0
100 40.5 1
53.01909697409828 40.5 0
53.0996 41.52800000000001 0