48.36369999999999 38.8826 0
48.36369999999999 38.8826 1
29.7205 88.4419 0
25.5 85.97859506574557 1
25.5 100 0
28.5 100 1
28.5 87.72955225156792 0
29.7205 88.4419 0
31.5 83.71144737652335 1
31.5 100 0
34.5 100 1
34.5 75.73653427147701 0
37.5 67.76162116643064 1
37.5 100 0
40.5 100 1
40.5 59.78670806138432 0
43.5 51.81179495633796 1
43.5 100 0
46.5 100 1
46.5 43.83688185129162 0
100 0 1
100 100 0
97.5 100 1
97.5 0 0
94.5 0 1
94.5 100 0
91.5 100 1
91.5 0 0
88.5 0 1
88.5 100 0
85.5 100 1
85.5 0 0
82.5 0 1
82.5 100 0
79.5 100 1
79.5 0 0
76.5 0 1
76.5 100 0
73.5 100 1
73.5 0 0
70.5 0 1
70.5 100 0
67.5 100 1
67.5 0 0
64.5 0 1
64.5 100 0
61.5 100 1
61.5 0 0
58.5 0 1
58.5 100 0
55.5 100 1
55.5 0 0
52.5 0 1
52.5 100 0
49.5 100 1
49.5 0 0
46.5 0 1
46.5 38.15340980678283 0
48.36369999999999 38.8826 0