48.36369999999999 38.8826 0
43.5 36.97963152720378 1
43.5 0 0
40.5 0 1
40.5 35.80585324762473 0
38.9753 35.2093 1
19.9784 82.7559 0
22.5 84.22763787992321 1
22.5 100 0
19.5 100 1
19.5 44.14529757936508 0
16.5 43.19470234126985 1
16.5 100 0
13.5 100 1
13.5 0 0
10.5 0 1
10.5 100 0
7.5 100 1
7.5 0 0
4.5 0 1
4.5 100 0
1.5 100 1
1.5 0 0
19.5 29.99321970170349 1
19.5 0 0
16.5 0 1
16.5 42.31111481875388 0
16.3706 43.1537 1
17.4989 35.8068 1
20.1875 27.9959 0
22.5 28.60706706388868 1
22.5 0 0
25.5 0 1
25.5 29.39993244406858 0
26.691 29.7147 1
24.1798 37.3896 1
22.9226 45.2298 0
22.5 45.09589281746032 1
22.5 76.44468571977532 0
25.5 68.93610274044713 1
25.5 33.35471509238612 0
28.5 61.42751976111892 1
28.5 0 0
31.5 0 1
31.5 53.91893678179072 0
34.5 46.41035380246251 1
34.5 0 0
37.5 0 1
37.5 38.9017708231343 0
38.9753 35.2093 0
48.36369999999999 38.8826 0