30.6796 43.67059999999999 0
29.58310317947716 44.37847559063498 1
30.45628920802707 81.94929424354945 0
15.63170012319161 89.67103308031287 1
15.87175636702661 100 0
18.87256647865282 100 1
18.3782739551142 78.7319378045913 0
33.4053571947681 79.72297141288564 1
32.15360183636757 25.86334467746681 0
32.2645 25.8763 1
32.18470000000001 22.707 0
32.07963625557632 22.68080701469565 1
31.55251003071476 0 0
34.55332014234097 0 1
36.38177959329551 78.6736344832556 0
35.7792 77.93090000000001 1
47.1429 91.93770000000001 1
47.33027647915031 100 1
29.61243372837663 100 1
29.2147 82.88659999999999 0
29.27166505930318 85.33765148577186 1
38.64682993572995 96.89340000000001 0
40.5784 96.89340000000001 1
47.25807577089977 96.89340000000001 0
43.06797583772138 96.89340000000001 1
47.18582705606643 93.78473440738023 0
51.88147770654111 100 1
51.50538067765044 83.81756830005924 0
54.52901410200926 84.79959333905319 1
54.88228781816731 100 0
57.88309792979352 100 1
57.55264752636808 85.78161837804711 0
51.3075 83.7533 1
52.39239999999999 80.2159 0
54.43777966242509 80.87402367526764 1
53.0925160778248 22.99099242553078 0
56.12711106256462 24.44466357859707 1
57.46119912553139 81.8468425438077 0
60.48461858863772 82.81966141234778 1
59.16170604730445 25.89833473166335 0
61.4573 26.998 1
62.5913 25.1101 0
62.13730745173729 24.81367266027269 1
61.56061114697684 0 0
67.56223137022926 0 1
69.88633837629834 100 0
66.88552826467213 100 1
64.56142125860305 0 0
58.55980103535063 0 1
59.09025869980566 22.82414979473032 0
56.04320994787403 20.83462692918795 1
55.55899092372442 0 0
52.55818081209821 0 1
52.99616119594241 18.84510406364558 0
37.55413025396717 0 1
39.47108834606782 82.48149018503679 0
42.56039709884011 86.28934588681801 1
40.55494036559338 0 0
43.55575047721959 0 1
45.64970585161242 90.09720158859921 0
51.49005325586866 83.15807105050254 1
49.55737070047201 0 0
46.5565605888458 0 1
48.8806675949149 100 0
47.2929373759908 98.39340000000001 1
29.57509462521713 98.39340000000001 0
30.92054967864975 96.89340000000001 1
29.49952529651592 95.14185742885925 0
34.78368980718984 96.89340000000001 1
29.38559517790955 90.23975445731554 0
27.87499681353145 100 1
26.62665152795758 46.28709941865965 0
23.8414 48.0852 0
23.66863190901609 48.12825787534715 1
24.87418670190524 100 0
21.87337659027903 100 1
20.68510305814869 48.87182349920552 0
17.7015742072813 49.61538912306388 1
17.96158483957748 60.80293907739885 0
74.7867 60.9278 1
72.0985 52.1759 0
74.75535610076926 51.2671965695268 1
73.56385159348167 0 0
70.56304148185546 0 1
72.88714848792455 100 0
75.88795859955076 100 1
74.97843184376572 60.86553874628187 0
83.91342891992011 57.96406912598766 1
84.89038893442938 100 0
81.88957882280317 100 1
80.93509656120196 58.93122566608574 0
77.95676420248384 59.8983822061838 1
78.88876871117697 100 0
63.54116734507846 85.21794362005119 1
63.88471815304594 100 0
60.88390804141973 100 1
60.5762809507269 86.76364341704107 0
62.7068 87.4556 1
64.01220000000001 83.9547 0
63.50803805174402 83.79248028088784 1
62.16085168016582 25.82671673987208 0
77.32308713144184 32.63298223160271 1
76.56466170510788 0 0
79.56547181673409 0 1
80.31220083740334 32.12971772466938 0
94.24979999999999 16.6304 1
96.40260000000001 13.4593 0
94.93265360178782 15.62454852441966 1
96.89362938093421 100 0
93.89281926930801 100 1
91.91903579536316 15.07346827015323 0
88.87090390014842 13.03734069664042 1
90.8920091576818 100 0
87.89119904605559 100 1
86.89176127863823 56.99691258588959 0
89.1121 56.27589999999999 1
86.39670000000001 47.2856 0
86.68851447925562 48.25175589336814 1
85.82277200493371 11.0012131231276 0
84.11109999999999 9.85783 1
86.26429999999999 6.46316 0
85.73663698367793 7.295057553231498 1
85.56709203998651 0 0
88.56790215161271 0 1
88.75810853957529 8.184063275308905 0
100 0 1
100 100 0
99.89443949256042 100 1
97.57033248649134 0 0
94.56952237486513 0 1
94.85755146267769 12.39310785004368 0
91.80783000112649 10.28858556267629 1
91.56871226323892 0 0
82.5662819283603 0 1
83.68679082760289 48.21244875199491 0
77.5761250506277 43.5205153152809 1
77.73250100971379 50.24894729701617 0
80.70964591865834 49.23069802450554 1
80.44997286452937 38.05767314007151 0
82.3818 34.38549999999999 1
76.0127 46.4924 0
29.51302291421817 41.3631124823104 1
28.55169991908856 0 0
25.55088980746235 0 1
26.46143509953614 39.17828609853261 0
23.50383595302227 41.03753633957153 1
22.55007969583614 0 0
19.43130029670537 0.9122480100990396 1
5.402380296705376 2.533858010099039 0
1.5 0 1
1.5 100 0
6.86932603214799 100 1
5.773771328123127 52.86126236167406 0
4.25384 52.0211 1
6.92353 46.0996 0
7.5 46.32103807103928 1
7.5 13.90329964065731 0
13.88659486431395 14.58390265471094 1
14.58330612289001 44.5614921872365 0
13.7996 44.8168 1
16.3072 49.9629 0
11.70231094427008 49.71680270836973 1
12.32305473637872 76.42571888510568 0
15.34080222782999 77.15448824817 1
14.62878817343171 46.51846105411425 0
10.5 47.47342104520597 1
10.5 14.22300193672274 0
11.46051167395338 14.32536119924293 1
12.2465 48.1443 1
9.836880000000001 55.10720000000001 0
8.813633984369378 54.5415870850222 1
9.523255689413169 85.07467799652954 0
11.4654 76.21860000000001 1
10.4182 81.6097 1
8.98207 87.16999999999999 1
6.97077 92.82640000000001 0
9.719528721800341 93.51977247258557 1
9.8701361437742 100 0
12.8709462554004 100 1
12.73803495824107 94.2811885678131 0
13.814 94.55260000000001 1
15.6987 89.49109999999999 1
17.4308 83.72489999999999 1
18.5314 77.92500000000001 0
18.35854971928126 77.88325761123428 1
18.06250274096843 65.14516175163095 0
4.5 62.61269493763349 1
4.5 100 0
5.368920976334888 100 1
4.25384 52.0211 0
4.5 51.47510535642715 1
4.5 0 0
5.34349072516882 0 1
19.41009867678994 0 0
19.54926958420993 0 1
20.53982809165796 42.62103702029718 0
17.56156710727399 43.59126460376683 1
16.89485565925236 14.90448528247942 0
27.9389 38.2495 1
30.6796 43.67059999999999 0
30.6796 43.67059999999999 0