48.9883 41.15179999999999 0
48.59191503089684 40.5 1
100 40.5 0
100 1.5 1
0 1.5 0
0 4.5 1
100 4.5 0
100 7.5 1
0 7.5 0
0 10.5 1
100 10.5 0
100 13.5 1
0 13.5 0
0 16.5 1
100 16.5 0
100 19.5 1
0 19.5 0
0 22.5 1
100 22.5 0
100 25.5 1
0 25.5 0
0 28.5 1
40.88547685722173 28.5 0
42.6861 28.3791 1
10.3285 30.5517 0
10.48484671965 31.5 1
0 31.5 0
0 34.5 1
10.97945829715714 34.5 0
11.47406987466428 37.5 1
0 37.5 0
0 40.5 1
11.96868145217142 40.5 0
12.2806 42.39190000000001 1
0 42.39190000000001 0
0 43.90015018866552 1
43.27158496572673 39.35550000000001 0
43.36629225197508 42.36205363083083 1
0 46.91665056599656 0
0 64.5 1
18.16658296305948 64.5 0
17.01009068343215 67.5 1
0 67.5 0
0 70.5 1
15.85359840380481 70.5 0
15.7568 70.75110000000001 0
17.125 71.58250000000001 0
18.18523079137126 70.5 1
100 70.5 0
100 67.5 1
21.12351473974429 67.5 0
23.5904 64.9813 0
27.38202814272321 55.5 1
100 55.5 0
100 58.5 1
22.86447084830089 58.5 0
18.34691355387857 61.5 1
100 61.5 0
100 64.5 1
22.35850750774401 64.5 0
23.5904 64.9813 1
18.7153 63.0766 0
16.5423 62.69840000000001 1
0 62.69840000000001 0
0 61.99915245265177 1
16.37201697183295 60.27966170418928 0
21.77087202786138 56.6961400895176 1
0 58.98265207532073 0
0 55.96615169798969 1
27.1697270838898 53.1126184748459 0
32.56858213991823 49.52909686017421 1
0 52.94965132065865 0
0 49.9331509433276 1
37.96743719594666 45.94557524550252 0
47.8959 39.35550000000001 1
41.19148095572734 39.35550000000001 1
44.79819999999999 38.97669999999999 0
44.50389392409602 37.5 1
100 37.5 0
100 34.5 1
43.90599439967539 34.5 0
43.30809487525478 31.5 1
100 31.5 0
100 28.5 1
42.71019535083416 28.5 0
47.8959 39.35550000000001 1
15.3621 60.95 1
16.5423 62.69840000000001 1
48.9883 41.15179999999999 0
48.9883 41.15179999999999 0