54.965 51.43089999999999 0
58.70376997516369 49.5 1
0 49.5 0
0 46.5 1
64.51262073154211 46.5 0
70.32147148792052 43.5 1
0 43.5 0
0 40.5 1
76.13032224429895 40.5 0
100 19.5 1
15.19627006523123 19.5 0
19.28462900076668 25.5 1
0 25.5 0
5.036153779121442 20.0895 1
0 6.891104540253808 0
2.943993814807052 6.191409999999999 1
8.247132267472864 20.0895 0
11.45811075582429 20.0895 1
6.154972303158475 6.191409999999999 0
0 15.306209749649 1
1.825175290770017 20.0895 0
0 22.5 1
100 22.5 0
100 25.5 1
24.8678690268391 25.5 0
21.4116 22.6836 1
33.3776 32.43429999999999 0
32.2310326971397 31.5 1
100 31.5 0
100 28.5 1
28.54945086198939 28.5 0
26.04955283994485 16.5 1
100 16.5 0
100 13.5 1
26.34807971795856 13.5 0
25.96612575772567 10.5 1
100 10.5 0
100 7.5 1
25.58417179749279 7.5 0
25.20221783725991 4.5 1
100 4.5 0
100 1.5 1
0 1.5 0
0 4.5 1
23.68180623424865 4.5 0
23.6829 4.50764 1
11.0747 7.88823 0
10.88045000884006 7.5 1
12.5226370423506 7.5 0
10.2257 6.191409999999999 1
8.01971 6.87083 1
7.760461547334188 6.191409999999999 1
0 6.191409999999999 1
0 20.0895 1
13.0636 20.0895 1
26.7069 16.3183 0
33.3776 32.43429999999999 0
26.0266 50.5292 1
13.685 51.73139999999999 0
14.2397484231785 52.5 1
0 52.5 0
0 55.5 1
16.40504281497592 55.5 0
16.9372 56.2373 1
26.0266 50.5292 0
30.1833 65.11449999999999 0
28.47194036238675 67.5 1
61.45090854681141 67.5 0
60.24003017525143 64.5 1
29.16093150873569 64.5 0
30.1833 65.11449999999999 1
26.3171 62.7907 0
24.99043468277289 64.5 1
0 64.5 0
0 67.5 1
22.93198212422949 67.5 0
22.7511 67.3852 1
26.7387 69.916 0
0 100 1
100 100 0
100 97.5 1
0 97.5 0
0 94.5 1
100 94.5 0
100 91.5 1
0 91.5 0
0 88.5 1
100 88.5 0
100 85.5 1
0 85.5 0
0 82.5 1
100 82.5 0
100 79.5 1
0 79.5 0
0 76.5 1
100 76.5 0
100 73.5 1
0 73.5 0
0 70.5 1
62.66178691837136 70.5 0
63.36450000000001 72.24100000000001 1
71.70699999999999 68.20400000000001 0
84.69579723740182 61.5 1
93.44897291432866 61.5 0
91.81044085020039 58.5 1
90.78952483311295 58.5 0
91.5941 58.1039 1
78.84460000000001 64.38059999999999 0
77.16342380531921 64.38059999999999 1
69.57178212683007 49.38090143027441 0
66.92194638049023 50.78870429082322 1
73.80107141595764 64.38059999999999 0
64.27211063415038 52.19650715137203 1
70.43871902659609 64.38059999999999 0
69.76882902370616 64.5 1
100 64.5 0
100 64.38059999999999 1
100 38.1439 0
99.49306000401546 38.1439 1
100 39.07206004108089 0
100 37.5 1
29.89176775249798 37.5 0
29.3006 38.3591 1
16.9789 28.5531 0
17.01900160490672 28.5 1
0 28.5 0
0 31.5 1
20.68181838976137 31.5 0
24.45145942586171 34.5 1
0 34.5 0
0 37.5 1
28.22110046196206 37.5 0
29.3006 38.3591 0
31.95614123345936 34.5 1
100 34.5 0
96.07475818510355 38.1439 1
100 45.33065313256952 0
92.65645636619166 38.1439 1
100 51.58924622405814 0
100 57.84783931554676 1
89.23815454727975 38.1439 0
85.81985272836786 38.1439 1
100 64.10643240703538 0
100 67.5 1
71.33862193107157 67.5 0
71.70699999999999 68.20400000000001 0
66.96229353480308 70.5 1
100 70.5 0
96.73144231176056 64.38059999999999 1
82.40155090945595 38.1439 0
80.69239999999999 38.1439 1
54.965 51.43089999999999 0
54.965 51.43089999999999 0
55.39651668901159 52.5 1
22.8883596888632 52.5 0
18.11125347138277 55.5 1
56.60739506057155 55.5 0
57.81827343213151 58.5 1
0 58.5 0
0 61.5 1
59.02915180369148 61.5 0
54.965 51.43089999999999 0