55.76949999999999 51.06399999999999 0
65.50479999999999 39.21550000000001 0
67.5 39.47855989813407 1
67.5 14.02242370767943 0
65.31469999999999 14.7948 1
63.4811 9.541360000000001 0
65.38890000000001 8.665769999999998 1
64.45949999999999 5.06176 0
64.5 5.046815435646185 1
64.5 0 0
66.26009999999999 0.3378744480921017 1
67.66874313455997 0 0
70.9151 0 1
66.26009999999999 0 1
66.26009999999999 1.88042 1
66.7251 4.22575 0
64.45949999999999 5.06176 0
64.5 5.218810145255027 1
64.5 9.073733073173287 0
63.4811 9.541360000000001 0
64.5 12.46060630017454 1
64.5 53.27807599009904 0
72.84559999999999 47.1163 0
73.5 45.38745908848409 1
73.5 100 0
75.03450000000001 97.92953444313156 1
88.06219999999999 96.20912294639294 0
88.06219999999999 94.6961 1
86.21770000000001 81.50219999999999 0
85.5 81.5971428946992 1
85.5 32.00487299782452 0
85.4066 31.9576 1
93.02010000000001 21.7922 0
94.5 22.81619927664274 1
94.5 0 0
91.5 0 1
91.5 23.8218085295856 0
88.5 27.82735131542653 1
88.5 0 0
94.83109999999999 23.0453 0
91.5 28.98476777982264 1
91.5 44.03564023744876 0
94.5 44.31826998685644 1
94.5 23.63566287769783 0
94.83109999999999 23.0453 1
88.85409999999999 33.7025 0
88.5 33.52327763886875 1
88.5 43.75301048804108 0
87.31530000000001 43.6414 1
86.97739999999999 56.5731 0
94.5 56.91451148489948 1
94.5 100 0
97.5 100 1
97.5 57.05066580052154 0
97.79159999999999 57.0639 1
98.87989999999999 44.73090000000001 0
97.5 44.60089973626411 1
97.5 0 0
100 0 1
100 100 0
82.27056763023336 100 1
88.06219999999999 99.23516883917884 0
91.5 100 1
91.5 56.77835716927743 0
88.5 56.64220285365538 1
88.5 100 0
88.06219999999999 100 1
75.03450000000001 100 1
75.03450000000001 96.41651149673859 0
76.5 95.04610840493095 1
76.5 96.22298055509347 0
76.64070000000001 96.20439999999999 1
75.03450000000001 82.98159999999999 0
76.5 82.78773235031119 1
76.5 0 0
79.5 0 1
79.5 82.39086919844053 0
82.5 81.99400604656987 1
82.5 0 0
85.5 0 1
85.5 31.83289410126748 0
70.5 39.8740990392739 1
70.5 9.18408050391389 0
70.9151 8.914750000000002 1
69.36060000000001 1.13674 0
70.5 0.8634456952104483 1
70.5 6.837778658089452 0
73.5 0 1
73.5 40.26963818041374 0
73.7902 40.3079 1
74.15770000000001 43.6499 1
72.84559999999999 47.1163 0
70.5 46.86469005890382 1
70.5 100 0
58.5 76.19396760688761 1
58.5 100 0
61.5 100 1
61.5 58.26237773294666 0
58.5 59.0108079435128 1
58.5 70.27510053903066 0
61.4285 72.6722 1
53.5651 82.12860000000001 0
55.5 79.80171997863519 1
55.5 100 0
52.5 100 1
52.5 81.16883875852147 0
49.5 78.46553979651262 1
49.5 100 0
46.5 100 1
46.5 75.76224083450379 0
31.5 100 1
31.5 79.39225417274793 0
34.5 74.0454414827658 1
34.5 100 0
37.5 100 1
37.5 68.69862879278369 0
38.10980000000001 67.61179999999999 0
34.5 65.23849769246675 1
34.5 43.48897232519793 0
32.4877 43.3907 1
33.33620000000001 34.87909999999999 0
34.998 34.28655818060156 1
40.50960000000001 32.63147166605039 0
34.998 32.72038651455117 1
36.1182 32.384 1
34.998 25.6835 0
37.5 25.53424997056631 1
37.5 0 0
40.5 0 1
40.5 30.93389971112186 0
41.7334 35.51649999999999 1
41.03879999999999 43.8083 0
40.5 43.78198725894914 1
40.5 100 0
43.5 100 1
43.5 0 0
46.5 0 1
46.5 72.39637486992584 0
44.8078 74.23740000000001 1
52.76479999999999 65.5806 0
52.5 65.86868855598843 1
52.5 36.64314303031925 0
51.8289 36.43729999999999 1
52.4051 32.8878 0
52.5 32.87898765726361 1
52.5 0 0
55.5 0 1
55.5 32.60040991006487 0
56.4747 32.5099 0
58.5 33.92439850579386 1
58.5 0 0
61.5 0 1
61.5 36.01964144134988 0
63.3613 37.31959999999999 1
62.2542 40.7911 0
61.5 40.63662707523561 1
61.5 49.77260527795526 0
63.5945 49.3006 1
65.41249999999999 57.2863 0
64.5 57.51394752238053 1
64.5 100 0
67.5 100 1
67.5 46.54288334706526 0
58.5 50.44866917571885 1
58.5 40.02217630051648 0
56.6199 39.6371 0
55.5 37.56331750648934 1
55.5 67.81947534425245 0
52.76479999999999 65.5806 0
49.5 69.13253171295713 1
49.5 0 0
40.0942 25.3795 1
40.50960000000001 31.0653 1
40.50960000000001 35.42360592578478 1
34.998 35.00524101367122 0
34.5 34.96743969894727 1
34.5 0 0
31.5 0 1
31.5 63.26611503342752 0
28.5 61.29373237438831 1
28.5 0 0
25.5 0 1
25.5 59.3213497153491 0
23.6008 58.0727 1
13.9229 74.1123 0
16.5 69.84116130668843 1
16.5 19.37038309774133 0
15.6244 21.2968 1
17.6123 16.9232 1
20.6166 5.44345 0
19.5 5.200123550067882 1
19.5 0 0
22.5 0 1
22.5 59.89710319490798 0
19.5 64.8691322507982 1
19.5 9.710097422028419 0
20.6166 5.44345 0
17.8913 4.84956 0
13.5 13.97211624672311 1
13.5 0 0
16.5 0 1
16.5 7.739868679904779 0
17.8913 4.84956 1
11.2539 18.6382 0
13.5 20.00451540098387 1
13.5 100 0
10.5 100 1
10.5 0 0
7.5 0 1
7.5 100 0
4.5 100 1
4.5 0 0
1.5 0 1
1.5 100 0
16.5 100 1
16.5 75.77759671093656 0
19.5 77.71616724867656 1
19.5 100 0
22.5 100 1
22.5 79.65473778641652 0
25.5 81.59330832415651 1
25.5 100 0
28.5 100 1
28.5 83.53187886189647 0
28.9971 83.85310000000001 1
38.10980000000001 67.61179999999999 0
37.5 67.21088035150598 1
37.5 43.63547979207354 0
57.4815 59.2649 1
55.76949999999999 51.06399999999999 0
55.76949999999999 51.06399999999999 0