11.832 58.1898
7.34446 55.1126
2.00476 63.8825
7.5413 67.6853
9.54358 64.3348
8.93069 63.3755

36.6601 85.4481
17.3546 76.2044
12.7406 83.395
25.8389 89.6069
29.9285 92.7899

45.5348 62.1916
42.8221 51.5248
27.3848 55.3747
29.2544 66.7959

27.7208 45.4411
23.3604 29.0983
14.6552 31.0783
18.8123 48.1129
23.0427 46.8991
23.6999 45.6468
26.5937 44.8496

61.6515 62.2701
55.8931 57.2958
52.9226 60.8215
58.7277 66.0311

69.2098 32.8228
67.5974 28.3401
60.3137 30.5425
61.7023 34.9386

83.3062 6.78464
68.5701 0.786516
63.3421 11.1116
79.204 16.998

76.7653 66.5357
75.5642 62.3206
70.2679 61.2675
66.464 61.9386
62.0137 63.2968
62.7455 68.8461
67.4895 67.0365
72.3717 66.07

81.124 30.6362
77.1034 25.2396
74.1063 26.3278
71.8767 28.3385
76.2198 33.9351
78.5572 31.6786

98.1483 74.1852
97.3661 70.1202
83.8403 71.9535
84.1675 76.2678