22.8452 61.1251
3.08818 57.1143
1.74596 65.5356
21.3675 68.9066

21.4522 46.9984
16.6561 43.8724
15.5743 45.3111
15.088 50.3505
17.7279 50.4737
20.4901 48.6772

32.309 13.846
31.6988 8.99651
29.4497 5.29766
26.7622 1.68697
22.9682 5.27808
18.9226 11.4743
26.5502 17.1936
24.2131 21.6778
25.5737 22.7727
24.7247 24.4488
28.2798 27.3832
31.6933 20.5386

39.5023 37.0734
32.0807 33.8715
25.5527 50.1086
33.0887 52.7215

52.9292 10.9437
39.5292 11.0447
36.954 19.3843
49.5036 22.5964

47.4209 82.9725
42.3809 71.8661
31.032 76.6687
35.5894 87.5402

48.826 43.248
47.6605 38.2457
43.724 40.5504
44.6281 44.3815

79.026 78.8014
60.3282 54.0266
56.2441 56.1434
75.662 81.2208

88.8569 77.0361
83.4784 68.9674
75.7005 74.102
80.6618 80.7873
86.51 78.6076

96.1451 46.4144
88.6406 47.5536
89.4261 60.8434
96.1302 64.8304
95.4483 53.2515

80.7844 23.0313
77.6369 15.6764
57.0819 26.1044
60.8729 33.1838

83.6485 59.7069
62.6415 36.9097
59.1582 41.095
82.1715 61.3496

93.2125 19.7602
87.877 17.3205
80.1844 32.9802
83.4379 37.6615
88.4435 26.6527
89.7492 27.4371