51.0898 51.7312 0
64.5 66.99087967542744 1
64.5 100 0
67.5 100 1
67.5 70.68013211794971 0
67.23560000000001 70.48509999999999 1
64.0129 66.36869999999999 1
68.18709999999999 60.512 0
70.5 62.96598826960933 1
70.5 28.17629845721361 0
73.5 27.84625595528932 1
73.5 66.14899004609254 0
76.5 69.33199182257573 1
76.5 27.51621345336501 0
79.5 27.18617095144072 1
79.5 72.51499359905893 0
80.68369999999999 73.77090000000001 0
79.5 74.98104122141456 1
79.5 78.21369257027305 0
79.1447 77.58860000000001 1
86.61199999999999 90.7261 1
86.61199999999999 100 0
86.61199999999999 99.56809999999999 1
71.04640000000001 99.56809999999999 0
70.5 100 1
70.5 72.89305327471664 0
73.5 80.56551481298544 1
73.5 75.10597443148356 0
76.5 78.98336794265464 1
76.5 77.31889558825048 0
76.9143 77.62450000000001 1
80.68369999999999 73.77090000000001 1
68.18709999999999 60.512 0
67.5 61.47605025394088 1
67.5 56.04545478465383 0
64.5 56.21699675143319 1
64.5 65.68526399549614 0
61.5 56.38853871821256 1
61.5 100 0
58.5 100 1
58.5 56.56008068499192 0
56.6284 56.6671 1
53.6277 37.0429 0
55.5 36.95026361864812 1
55.5 0 0
58.5 0 1
58.5 36.801831666474 0
61.5 36.65339971429987 1
61.5 0 0
64.5 0 1
64.5 36.50496776212574 0
65.73830000000001 36.44370000000001 1
67.51320000000001 56.04470000000001 0
67.5 55.89892660431569 1
67.5 28.50634095913792 0
66.15600000000001 28.6542 1
65.5428 20.4521 0
67.5 20.2367693551086 1
67.5 0 0
70.5 0 1
70.5 19.90671012014324 0
73.5 19.57665088517787 1
73.5 0 0
76.5 0 1
76.5 19.24659165021251 0
79.5 18.91653241524715 1
79.5 0 0
82.5 0 1
82.5 18.58647318028179 0
83.47139999999999 18.4796 1
84.08459999999999 26.6818 0
82.5 26.85612844951642 1
82.5 83.4917047031725 0
85.5 88.76971683607192 1
85.5 0 0
88.5 0 1
88.5 100 0
91.5 100 1
91.5 0 0
94.5 0 1
94.5 100 0
97.5 100 1
97.5 0 0
100 0 1
100 100 0
86.61199999999999 92.41775800148065 1
81.52898342734454 95.06809999999999 0
78.28460000000001 95.06809999999999 1
86.61199999999999 95.06809999999999 0
86.61199999999999 96.56809999999999 1
71.04640000000001 96.56809999999999 0
71.04640000000001 95.06809999999999 1
71.04640000000001 81.8595 0
71.04640000000001 84.98082042867992 1
76.57414306081864 95.06809999999999 0
73.1532291824559 95.06809999999999 1
71.04640000000001 91.22346128603974 0
37.5 71.77196162619575 1
37.5 100 0
34.5 100 1
34.5 73.66449379187137 0
37.1985 72.1404 1
39.6447 69.15110000000001 1
42.1328 65.2192 0
40.5 67.79948468309152 1
40.5 100 0
43.5 100 1
43.5 0 0
46.5 0 1
46.5 52.32110386470767 0
51.0898 51.7312 0