51.0898 51.7312 0
52.0223 58.12130000000001 0
49.5 58.56662559005873 1
49.5 100 0
46.5 100 1
46.5 59.09629167663694 0
40.5 63.76006300555875 1
40.5 45.08901839130816 0
37.5 49.72866178042584 1
37.5 62.33811923522596 0
37.9592 61.48950000000001 1
35.5428 65.95509999999999 1
32.4718 69.8716 0
31.5 70.54326366762967 1
31.5 37.84440723857902 0
34.5 39.2394378170638 1
34.5 46.41053154104856 0
32.30200000000001 49.5886 1
37.14870000000001 42.5808 0
37.5 42.82991525060855 1
37.5 40.63446839554858 0
22.5 54.51558213798383 1
22.5 41.03084820219244 0
23.6274 40.761 1
21.1171 30.3242 0
22.5 36.07373221527307 1
22.5 0 0
19.5 0 1
19.5 30.56656154371662 0
16.5 31.01618409714553 1
16.5 0 0
13.5 0 1
13.5 31.46580665057442 0
12.3344 31.6405 1
15.4174 42.7261 0
13.5 35.83166943237106 1
13.5 45.93786916108984 0
10.5 48.57454524596895 1
10.5 0 0
7.5 0 1
7.5 100 0
4.5 100 1
4.5 0 0
1.5 0 1
1.5 100 0
31.5 74.13898968655207 1
31.5 100 0
28.5 100 1
28.5 36.44937666009425 0
26.7674 35.6437 1
27.7054 27.0808 0
28.5 27.14495358459886 1
28.5 0 0
25.5 0 1
25.5 58.09467489266815 0
19.5 50.9364893832995 1
19.5 41.74891153958588 0
16.5 47.35739662861516 1
16.5 42.46697487697929 0
14.5423 45.0218 1
26.5611 59.36060000000001 0
25.5 60.1597918216637 1
25.5 100 0
22.5 100 1
22.5 62.41931068415651 0
19.5 64.67882954664933 1
19.5 100 0
16.5 100 1
16.5 62.6146514425503 0
13.5 58.61308477153177 1
13.5 100 0
10.5 100 1
10.5 54.61151810051324 0
7.77173 50.97239999999999 1
18.5717 65.37799999999999 0
34.5 67.28500107456856 1
34.5 51.05964984828782 0
35.9932 52.059 1
40.55840000000001 44.9987 0
40.5 44.95728716016072 1
40.5 0 0
37.5 0 1
37.5 38.11202246413697 0
34.76609999999999 37.5104 1
34.5932 27.6369 0
34.5 27.62937531577572 1
34.5 0 0
31.5 0 1
31.5 27.38716445018729 0
34.5932 27.6369 0
55.5 49.28750614523275 1
55.5 100 0
52.5 100 1
52.5 0 0
49.5 0 1
49.5 51.93552898255093 0
51.0898 51.7312 0