50.5 65.5 0
50.5 65.5 1
50.5 39.5 1
55.5 39.5 1
55.5 37.5 1
72.5 37.5 1
72.5 45.5 1
69.5 45.5 1
69.50000000000001 43.93247919367445 0
69.41897503240935 44 1
55.5 44 0
55.5 45 1
68.21897503240936 45 0
69.50000000000001 43 1
55.5 43 0
55.5 42 1
69.50000000000001 42 0
69.50000000000001 41 1
55.5 41 0
55.5 40 1
69.50000000000001 40 0
69.50000000000001 39 1
55.5 39 0
55.5 38 1
69.50000000000001 38 0
70 37.5 1
70 45.5 0
71 45.5 1
71 37.5 0
72 37.5 1
72 45.5 0
69.50000000000001 43.93247919367445 1
62.81897503240933 49.5 1
62.5 49.5 1
62.5 47.5 1
65.21897503240933 47.5 0
64.43795006481866 47.5 1
62.5 49.11495838734889 0
62.5 47.81325010803111 1
62.87590012963736 47.5 0
62.5 47.5 1
55.5 47.5 0
55.5 47 1
65.81897503240936 47 0
67.01897503240934 46 1
55.5 46 0
53.99999999999984 70.5 1
53.99999999999967 39.5 0
52.99999999999967 39.5 1
52.99999999999984 70.5 0
51.99999999999984 70.5 1
51.99999999999967 39.5 0
50.99999999999967 39.5 1
50.99999999999984 70.5 0
49.99999999999982 65.5 1
49.99999999999984 70.5 0
48.99999999999984 70.5 1
48.99999999999982 65.5 0
48.75 65.5 1
39.00000000000001 52.5 0
41.99999999999974 52.5 1
41.99999999999967 38.5 0
42.99999999999967 38.5 1
42.99999999999974 52.5 0
40.99999999999974 52.5 1
40.99999999999967 38.5 0
39.99999999999967 38.5 1
39.99999999999974 52.5 0
39.00000000000001 52.5 1
43.5 52.5 1
43.5 38.5 1
35.5 38.5 0
35.5 34.5 1
40.5 34.5 1
40.5 25.5 0
42.9999999999996 25.5 1
42.99999999999955 14.5 0
43.99999999999955 14.5 1
43.9999999999996 25.5 0
41.9999999999996 25.5 1
41.99999999999955 14.5 0
40.99999999999955 14.5 1
40.9999999999996 25.5 0
40.5 25.5 1
44.5 25.5 1
44.5 14.5 1
35.5 14.5 1
35.5 15.5 0
35.99999999999955 14.5 1
35.99999999999966 34.5 0
38.99999999999966 34.5 1
38.99999999999955 14.5 0
39.99999999999955 14.5 1
39.99999999999966 34.5 0
37.99999999999966 34.5 1
37.99999999999955 14.5 0
36.99999999999955 14.5 1
36.99999999999966 34.5 0
35.5 34.5 1
35.5 38.5 0
35.99999999999967 38.5 1
35.99999999999991 83.5 0
34.99999999999991 83.5 1
34.99999999999956 15.5 0
35.5 15.5 1
14.5 15.5 1
14.5 39.5 1
10.5 39.5 1
10.5 55.5 1
15.5 55.5 0
13.99999999999977 55.5 1
13.99999999999968 39.5 0
12.99999999999968 39.5 1
12.99999999999977 55.5 0
10.99999999999977 55.5 1
10.99999999999968 39.5 0
11.99999999999968 39.5 1
11.99999999999977 55.5 0
14.99999999999977 55.5 1
14.99999999999955 15.5 0
15.99999999999955 15.5 1
15.99999999999991 83.5 0
16.99999999999991 83.5 1
16.99999999999955 15.5 0
17.99999999999956 15.5 1
17.99999999999991 83.5 0
18.99999999999991 83.5 1
18.99999999999955 15.5 0
19.99999999999956 15.5 1
19.99999999999991 83.5 0
20.99999999999991 83.5 1
20.99999999999955 15.5 0
21.99999999999956 15.5 1
21.99999999999991 83.5 0
22.99999999999991 83.5 1
22.99999999999955 15.5 0
23.99999999999956 15.5 1
23.99999999999991 83.5 0
24.99999999999991 83.5 1
24.99999999999955 15.5 0
25.99999999999956 15.5 1
25.99999999999991 83.5 0
26.99999999999991 83.5 1
26.99999999999955 15.5 0
27.99999999999956 15.5 1
27.99999999999991 83.5 0
28.99999999999991 83.5 1
28.99999999999955 15.5 0
29.99999999999955 15.5 1
29.99999999999991 83.5 0
30.99999999999991 83.5 1
30.99999999999955 15.5 0
31.99999999999955 15.5 1
31.99999999999991 83.5 0
32.99999999999991 83.5 1
32.99999999999956 15.5 0
33.99999999999956 15.5 1
33.99999999999991 83.5 0
36.99999999999991 83.5 1
36.99999999999967 38.5 0
37.99999999999967 38.5 1
38.00000000000007 114.5 0
39.00000000000007 114.5 1
38.99999999999967 38.5 0
15.5 55.5 1
15.5 83.5 1
37.5 83.5 1
37.5 93.5 0
35.00000000000004 107.5 1
34.99999999999996 93.5 0
32.99999999999996 93.5 1
33.00000000000004 107.5 0
34.00000000000004 107.5 1
33.99999999999996 93.5 0
35.99999999999996 93.5 1
36.00000000000007 114.5 0
37.00000000000007 114.5 1
36.99999999999996 93.5 0
37.5 93.5 1
32.5 93.5 1
32.5 107.5 1
35.5 107.5 1
35.5 114.5 1
44.5 114.5 1
44.5 109.5 1
63.5 109.5 1
63.5 112.5 1
76.5 112.5 1
76.5 100.5 1
72.73240812075601 100.5 1
68.06574145408933 93.5 1
69.5 93.5 1
69.5 69.5 1
70.5 69.5 1
70.5 58.5 1
70.20710678118655 58.5 1
65.50000000000001 63.20710678118654 1
65.5 60.5 1
63.5 60.5 1
63.5 63.5 1
55.5 63.5 1
55.5 39.5 0
54.99999999999967 39.5 1
54.99999999999984 70.5 0
55.99999999999984 70.5 1
55.9999999999998 63.5 0
56.9999999999998 63.5 1
56.99999999999984 70.5 0
57.99999999999984 70.5 1
57.9999999999998 63.5 0
58.9999999999998 63.5 1
58.99999999999984 70.5 0
59.99999999999984 70.5 1
59.9999999999998 63.5 0
60.9999999999998 63.5 1
61.00000000000004 109.5 0
62.00000000000004 109.5 1
61.9999999999998 63.5 0
62.9999999999998 63.5 1
63.00000000000004 109.5 0
63.5 109.5 0
64.00000000000006 112.5 1
63.99999999999979 60.5 0
64.9999999999998 60.5 1
65.00000000000006 112.5 0
66.00000000000006 112.5 1
65.9999999999998 62.70710678118675 0
66.9999999999998 61.70710678118675 1
67.00000000000006 112.5 0
68.00000000000006 112.5 1
67.9999999999998 60.70710678118677 0
69.99999999999983 69.5 1
69.99999999999977 58.70710678118677 0
68.99999999999977 59.70710678118677 1
68.99999999999997 93.5 0
68.06574145408933 93.5 0
68.99999999999997 94.90138781886594 1
69.00000000000006 112.5 0
70.00000000000006 112.5 1
69.99999999999997 96.40138781886597 0
71 97.90138781886597 1
71.00000000000006 112.5 0
72.00000000000006 112.5 1
72 99.40138781886597 0
72.73240812075601 100.5 0
75 100.5 1
75.00000000000006 112.5 0
76.00000000000006 112.5 1
76 100.5 0
74 100.5 1
74.00000000000006 112.5 0
73.00000000000006 112.5 1
73 100.5 0
60.00000000000004 109.5 1
59.99999999999996 93.5 0
58.99999999999996 93.5 1
59.00000000000004 109.5 0
58.00000000000004 109.5 1
57.99999999999996 93.5 0
56.99999999999996 93.5 1
57.00000000000004 109.5 0
56.00000000000004 109.5 1
55.99999999999996 93.5 0
54.99999999999996 93.5 1
55.00000000000004 109.5 0
54.00000000000004 109.5 1
53.99999999999996 93.5 0
52.99999999999996 93.5 1
53.00000000000004 109.5 0
52.00000000000004 109.5 1
51.99999999999996 93.5 0
50.99999999999996 93.5 1
51.00000000000004 109.5 0
50.00000000000004 109.5 1
49.99999999999996 93.5 0
48.99999999999996 93.5 1
49.00000000000004 109.5 0
48.00000000000004 109.5 1
47.99999999999996 93.5 0
46.99999999999996 93.5 1
47.00000000000004 109.5 0
46.00000000000004 109.5 1
45.99999999999996 93.5 0
44.99999999999996 93.5 1
45.00000000000004 109.5 0
44.5 109.5 0
42.00000000000007 114.5 1
41.99999999999996 93.5 0
43.99999999999996 93.5 1
44.00000000000007 114.5 0
43.00000000000007 114.5 1
42.99999999999996 93.5 0
41.5 93.5 1
42.5 93.5 1
60.5 93.5 1
60.5 92.5 1
60.5 70.5 1
59.5 70.5 1
46.5 70.5 1
46.5 71.5 1
44.5 71.5 1
44.5 87.5 0
44.5 86.79289321881345 1
44.79289321881345 86.5 0
44.5 86.5 1
45.5 86.5 1
41.5 90.5 1
41.5 93.5 0
41.5 90.5 0
41.99999999999994 90.00000000000006 1
41.99999999999977 56.49999999999969 0
40.99999999999976 55.16666666666634 1
41.00000000000007 114.5 0
40.00000000000007 114.5 1
39.99999999999976 53.833333333333 0
42.99999999999977 57.83333333333303 1
42.99999999999994 89.00000000000006 0
43.99999999999993 88.00000000000006 1
43.99999999999979 59.16666666666637 0
44.99999999999979 60.49999999999972 1
44.99999999999984 71.5 0
45.99999999999984 71.5 1
45.9999999999998 61.83333333333306 0
46.9999999999998 63.1666666666664 1
46.99999999999984 70.5 0
46.5 70.5 0
47.99999999999984 70.5 1
47.99999999999982 64.49999999999974 0
48.75 65.5 1
50.5 65.5 0
50.5 65.5 0