46.7462 49.193 0
46.7462 49.193 1
49.48739999999999 42.4046 0
53.5 40.18620372169768 1
53.5 45.12187675409929 0
50.5 43.09031859672056 1
50.5 38.20728723072692 0
48.748 37.05159999999999 0
50.5 13.04698095092494 1
50.5 34.40429291183978 0
48.748 37.05159999999999 1
52.8224 30.8951 0
53.5 31.31416713984868 1
53.5 0 0
56.5 0 1
56.5 33.16954113563685 0
57.9508 34.0668 1
54.2025 40.64960000000001 0
56.5 36.61470871595124 1
56.5 47.15343491147802 0
59.5 48.31539404946425 1
59.5 0 0
62.5 0 1
62.5 49.4699866769998 0
65.5 50.62457930453535 1
65.5 0 0
68.5 0 1
68.5 45.90196727260873 0
71.5 52.49926791810654 1
71.5 0 0
74.5 0 1
74.5 59.09656856360435 0
76.10990000000001 62.6369 1
68.44139999999999 45.7731 0
67.28190000000001 46.5659 1
72.0206 65.048 0
71.5 63.01753146221537 1
71.5 100 0
68.5 100 1
68.5 51.31679075273809 0
68.3964 51.7393 1
64.2594 59.1477 0
65.5 56.92607538312787 1
65.5 100 0
62.5 100 1
62.5 58.48209147532303 0
77.5 74.41415545361875 1
77.5 0 0
80.5 0 1
80.5 75.74448944128602 0
74.5 63.14119445107399 1
74.5 77.19091386340469 0
72.1266 79.3877 1
76.94659999999999 84.4443 0
89.5 100 1
89.5 0 0
98.5 0 1
98.5 100 0
95.5 100 1
95.5 0 0
92.5 0 1
92.5 100 0
86.5 100 1
86.5 0 0
83.5 0 1
83.5 100 0
80.5 100 1
80.5 81.17450985869718 0
77.5 83.9350688793277 1
77.5 100 0
74.5 100 1
74.5 81.8776034107884 0
72.1266 79.3877 0
59.5 57.34714457636265 1
59.5 100 0
56.5 100 1
56.5 56.21219767740227 0
53.5 55.07725077844189 1
53.5 100 0
50.5 100 1
50.5 53.94230387948151 0
47.5 52.80735698052113 1
47.5 100 0
44.5 100 1
44.5 17.49714952545046 0
43.99169999999999 17.2508 0
42.6216 8.431361335064128 1
25.2148 7.573936114181604 0
25.2148 4.570298784309857 1
42.6216 5.427724005192381 0
25.22754666721195 9.076382655231967 1
25.2148 9.17285264458312 0
25.2148 20.6239 1
25.2148 0 1
42.6216 0 1
42.6216 9.93318 1
42.1309 20.9286 0
41.5 20.91723596041641 1
41.5 71.84800979242107 0
42.8974 71.80520000000001 1
42.4054 76.3639 0
41.5 76.2550802534401 1
41.5 100 0
38.5 100 1
38.5 75.89451117935164 0
37.2602 75.74549999999999 1
37.0153 71.9854 0
38.5 71.939915744377 1
38.5 20.86319868232039 0
35.5 20.80916140422438 1
35.5 100 0
32.5 100 1
32.5 20.75512412612836 0
29.5 20.70108684803235 1
29.5 100 0
26.5 100 1
26.5 20.64704956993634 0
17.885 42.2811 1
13.7117 46.7509 1
13.7117 51.63188151443158 1
11.7802 50.09829999999999 1
3.06958 61.90949999999999 0
5.5 58.61396228810349 1
5.5 0 0
2.5 0 1
2.5 100 0
0 100 1
0 0 0
8.5 0 1
8.5 54.54610029894542 0
11.5 50.47823830978736 1
11.5 0 0
14.5 0 1
14.5 45.90659373397551 0
13.7117 46.7509 0
13.7117 49.09127166290386 1
17.2143 53.28617166290385 0
17.5 50.59971971101484 1
17.5 54.63973388363746 0
17.2143 54.41289244502856 1
17.2143 50.94580000000001 1
21.346 45.9409 1
17.885 42.2811 0
17.5 42.69345305393813 1
17.5 0 0
20.5 0 1
20.5 45.04630572088992 0
21.346 45.9409 0
20.5 46.96569497543383 1
20.5 57.02168808674114 0
21.6717 57.952 1
12.5489 69.58959999999999 0
11.5 71.80621425612537 1
11.5 68.73978620639454 0
8.5 66.30920046817704 1
8.5 100 0
5.5 100 1
5.5 63.87861472995954 0
12.5489 69.58959999999999 1
10.6376 73.62870270543655 1
10.6376 82.0341 1
21.6717 58.71601117979513 0
21.6717 57.952 0
20.5 61.19213561863781 1
20.5 70.65390533510123 0
17.5 69.18312331834275 1
17.5 67.53196092932149 0
16.73567253848827 64.24869763516563 1
10.6376 77.13560251046326 0
10.6376 82.0341 0
11.5 82.45948467178772 1
11.5 93.73194160693137 0
14.5 86.12102095618027 1
14.5 83.93925509776537 0
15.22 84.2944 1
10.4071 96.50460000000001 1
10.4071 100 1
23.6757 100 1
23.6757 86.59549999999999 0
23.5 86.50965492208124 1
23.5 74.00985103786277 0
23.6757 86.59549999999999 0
23.6757 96.44640815568849 1
22.04665827698246 99.61869999999999 0
23.6757 99.61869999999999 1
10.4071 99.61869999999999 0
10.4071 98.16406434223683 1
13.48112196466832 99.61869999999999 0
18.67421942566082 99.61869999999999 1
23.6757 89.87913605189615 0
23.6757 86.59549999999999 0
20.5 80.83766191620219 1
20.5 85.04388808226176 0
18.9785 84.3005 1
24.1815 72.4588 0
23.5 72.12468735185971 1
23.5 0 0
25.2148 1.566661454438111 1
42.6216 2.424086675320634 0
44.5 0 1
44.5 16.42233372013652 0
43.99169999999999 17.2508 1
47.80070000000001 11.0426 0
47.5 11.53270389603571 1
47.5 0 0
50.5 0 1
50.5 12.58577871647377 0
50.6865 12.6924 1
47.416 18.9104 0
47.5 18.75069597920807 1
47.5 47.32626429301035 0
46.7462 49.193 0