56.5 46.5 0
55.5 46.5 0
55.5 39 1
46.5 39 0
46.5 38 1
55.5 38 0
55.5 37.5 0
75.5 37 1
46.5 37 0
46.5 36 1
75.5 36 0
75.5 35 1
46.5 35 0
46.5 34 1
75.5 34 0
75.5 33 1
46.5 33 0
46.5 32 1
75.5 32 0
75.5 31 1
46.5 31 0
46.5 30 1
75.5 30 0
75.5 29 1
46.5 29 0
46.5 28 1
75.5 28 0
75.5 27 1
46.5 27 0
56.5 26.5 0
56.5 26 1
75.5 26 0
75.5 25 1
56.5 25 0
56.5 24 1
75.5 24 0
75.5 23 1
56.5 23 0
59.5 20.5 1
59.5 15.5 1
90.5 15.5 0
90.5 15 1
98.5 15 0
98.5 14 1
90.5 14 0
90.5 15.5 1
90.5 13.5 1
98.5 13.5 1
98.5 26.5 1
103.5 26.5 1
103.5 32.5 1
101.0978761792465 32.5 1
106.7228761792465 41.5 1
113.5 41.5 1
113.5 51.5 1
97.5 51.5 1
97.5 49.5 0
97.5 50 1
113.5 50 0
113.5 51 1
97.5 51 0
97.5 49.5 1
87.5 49.5 1
87.5 58.5 0
87.5 58 1
46.5 58 0
46.5 57 1
87.5 57 0
87.5 56 1
46.5 56 0
46.5 55 1
87.5 55 0
87.5 54 1
46.5 54 0
46.5 53 1
87.5 53 0
87.5 52 1
46.5 52 0
46.5 51 1
87.5 51 0
87.5 50 1
46.5 50 0
56.5 46.5 0