14.4927 38.946
11.6782 31.4492
3.21368 34.8633
5.52118 42.4064

42.0901 15.0864
34.6067 15.0654
19.9668 18.8573
19.6276 20.7595
33.8556 23.5011
41.6392 22.8149

48.0238 16.4392
47.3981 8.06257
44.533 5.1479
41.4182 6.94493
42.892 10.5652
41.967 12.68
44.634 17.7755

37.0037 44.0152
27.5886 37.159
25.6963 40.5234
28.9689 47.6043
31.226 49.2246

44.677 38.2431
42.043 35.9406
41.2767 36.6921
36.2701 32.507
32.6303 36.0769
40.4662 41.9971

37.2879 83.2693
32.2448 79.5925
29.6397 78.5012
25.8742 87.4372
34.4465 91.0945

57.7715 63.6589
56.4652 62.8346
55.3175 64.3738
43.9952 57.8778
44.5901 56.0761
42.547 55.0018
36.7995 67.9301
49.1312 74.8793

64.1696 34.9361
55.8632 31.4471
48.9826 29.0747
46.0999 35.6397
61.8822 41.8692

80.461 15.554
74.1142 2.32156
62.8855 7.09214
68.8858 20.6072

61.5142 19.5501
59.3209 13.411
52.3293 16.1271
54.6156 22.3031

87.8467 71.9733
83.4764 73.9058
83.9657 79.0635
86.3985 82.3124