46.77079999999999 55.43210000000001 0
21.4497 20.8426 0
19.5 22.05801957123589 1
19.5 0 0
22.5 0 1
22.5 29.87258439100679 0
21.3559 29.81463823837468 1
18.8733 29.6889 1
14.8703 30.9658 1
14.8703 30.22035686973584 1
18.8733 29.6889 0
19.8660776464249 29.7391820077174 1
21.3559 29.54138627339477 0
21.3559 26.51506209113159 1
14.8703 27.37612046594017 0
13.5 26.04488576641462 1
13.5 100 0
10.5 100 1
10.5 0 0
7.500000000000002 0 1
7.500000000000002 100 0
4.5 100 1
4.5 23.66736876214581 0
16.5 23.92818355221126 1
16.5 0 0
13.5 0 1
13.5 25.79834753318662 0
5.28143 19.2491 0
4.5 19.42760238071163 1
4.5 0 0
1.5 0 1
1.5 20.1128936315401 0
0.395916 20.3651 1
1.55999 24.5322 0
1.5 24.3174504832167 1
1.5 100 0
31.50000000000001 89.05072322786444 1
31.50000000000001 100 0
28.5 100 1
28.5 81.03575673733729 0
26.865 76.66759999999999 1
33.0722 93.25110000000001 0
34.5 92.71865464375307 1
34.5 100 0
37.5 100 1
37.5 91.59991527637612 0
40.00839999999999 90.6645 1
33.89579999999999 74.0487 0
34.5 75.69108889506921 1
34.5 0 0
31.50000000000001 0 1
31.50000000000001 74.94111062467996 0
28.5 76.05857947601979 1
28.5 0 0
25.5 0 1
25.5 30.0245278032053 0
25.843 30.0419 1
27.8994 36.5692 0
27.8158 38.506 0
25.5 38.30950099495516 1
25.5 100 0
22.5 100 1
22.5 50.229008639656 0
24.0178 47.7123 1
19.2271 55.6559 0
19.5 55.20339651616673 1
19.5 100 0
16.5 100 1
16.5 53.99209995874439 0
13.6521 52.2546 1
18.1784 44.74720000000001 0
16.5 47.53102346729116 1
16.5 37.54583787836323 0
19.5 37.80039225056053 1
19.5 45.22571984818785 0
22.5 46.31194831713725 1
22.5 38.05494662275785 0
43.5 53.17468051104102 1
43.5 0 0
46.5 0 1
46.5 55.24520101577288 0
46.77079999999999 55.43210000000001 0