11.0544 93.5998
9.49956 89.8777
5.2974 91.4318
7.33206 95.2747

17.5124 66.0677
10.2649 64.8656
9.04179 69.0538
15.7058 76.429

20.1828 25.6638
13.6375 24.7502
10.6297 37.7882
17.7482 35.2331

37.2814 67.6602
28.9801 55.41
17.829 62.5747
26.3539 74.8212

29.7402 9.93105
26.0575 5.04897
21.3211 7.7752
25.538 12.7086

26.1963 83.1003
24.9814 77.9368
22.6938 78.0873
23.4022 83.3031

50.4872 19.0996
42.4425 12.3244
37.7566 17.9825
40.7603 21.147

66.196 53.8103
51.2084 43.4501
48.3477 50.0486
52.3583 53.4022
63.3134 58.3655

88.9767 8.18264
66.0731 7.17025
65.293 29.9395
74.7948 29.879

54.455 34.137
54.1904 31.6773
48.9493 32.8617
49.0645 35.4019

63.0162 76.5024
61.059 59.3215
52.2271 59.8984
53.8633 75.2286

73.315 88.1256
69.4398 83.5167
64.044 88.8585

87.4978 86.0628
85.078 67.3881
83.5741 66.6326
76.757 68.5125
79.5384 87.8652

94.8218 62.9545
93.9288 60.1929
87.5349 60.3988
88.4145 65.6833
94.7942 66.0138

98.1154 19.0079
89.7608 16.3712
88.3701 18.3419
87.9406 20.6694
96.1501 23.6567
96.7127 20.8094