18.4888 77.396
1.84524 70.2237
0.440031 74.2947
17.1466 80.9958

18.5357 47.305
16.6868 45.1413
3.8871 55.6207
5.12746 58.6787

33.3276 12.5872
29.7265 5.43492
21.6762 9.73577
24.7782 16.9884

48.1016 26.667
45.4582 22.1612
40.3334 16.8229
33.0419 22.9649
29.2 19.6771
27.8266 20.7559
26.385 19.5509
22.7247 22.353
28.6236 27.2215
35.0051 29.3301
39.8674 29.8288
43.978 28.4714

54.014 13.2664
49.034 11.1647
47.4351 11.7333
48.4798 15.6845

33.7319 43.1675
26.6479 38.6392
24.2478 42.0615
31.2808 46.8716

41.3459 60.0914
38.822 56.0036
30.964 47.112
28.9522 49.044
36.7028 62.239

47.6313 75.3616
45.5051 75.3886
42.4966 73.6728
39.8834 78.5484
43.0723 80.0655
45.5635 80.5147

60.1906 86.9547
57.3355 83.9017
51.181 89.7943
54.3014 92.9552

72.8956 68.1384
66.4087 66.3222
63.5722 74.3642
68.0054 75.2636

88.581 17.8692
87.9679 7.60318
71.6235 9.00572
68.3168 19.9183

92.7606 25.6981
85.2424 24.8735
78.8589 32.4067
84.341 36.0974

99.8435 54.1742
95.9166 48.3751
91.0017 50.3686
85.5536 53.3698
81.1542 56.9955
85.1131 63.1092
89.5626 59.3512
94.7873 56.3409