46.0813 50.4378 0
47.5 49.61528187092804 1
47.5 100 0
50.5 100 1
50.5 70.11880525299534 0
53.5 71.63841115456975 1
53.5 100 0
56.5 100 1
56.5 72.28933331450474 0
56.0919 72.9513 1
58.57040000000001 68.93100000000001 0
65.5 60.17103890974808 1
65.5 100 0
68.5 100 1
68.5 63.14486538551419 0
68.65649999999999 63.3 0
71.5 62.08956029323005 1
71.5 84.1164193459729 0
70.10310000000001 85.4461 0
71.5 86.54966054588576 1
71.5 100 0
74.5 100 1
74.5 86.01132000000001 0
74.98480000000001 85.6558 0
74.5 85.25642051919561 1
74.5 59.65425074993283 0
77.5 56.51615008569337 1
77.5 100 0
80.5 100 1
80.5 53.37804942145391 0
72.63290000000001 61.6073 1
83.4272 50.31610000000001 0
83.4272 48.24433508542776 1
66.1944 31.82654218091709 0
66.1944 34.03914718259759 1
57.6534 23.75455861643486 0
56.5 24.71355246507342 1
56.5 0 0
57.6534 1.5 1
95.83170000000001 1.5 0
95.83170000000001 4.5 1
57.6534 4.5 0
53.5 0 1
53.5 23.53024877350138 0
54.6917 22.5361 1
57.6534 26.10241143383728 1
57.6534 17.2231 1
66.1944 24.0576928858422 0
66.1944 24.64773591298796 1
64.73365686817564 22.88879174817569 0
66.1944 27.6830123517726 1
83.4272 44.10080525628328 0
83.4272 39.9572754271388 1
69.59258676039582 26.77695562525966 0
66.1944 29.34344154779278 1
57.6534 19.05885298163005 0
57.6534 16.5 1
58.2805692796877 16.5 0
57.6534 7.500000000000002 1
95.83170000000001 7.500000000000002 0
95.83170000000001 10.5 1
57.6534 10.5 0
57.6534 13.5 1
90.43089707639609 13.5 0
92.08860000000001 11.3328 1
95.83170000000001 13.7567 0
95.83170000000001 13.5 1
95.4352918272206 13.5 0
95.83170000000001 13.7567 1
95.83170000000001 0 0
98.5 0 1
98.5 100 0
95.5 100 1
95.5 77.97183727554867 0
95.64590000000001 77.3802 1
94.74369999999999 81.03870000000001 0
92.5 80.40274921316166 1
92.5 100 0
89.5 100 1
89.5 79.55243394796798 0
89.08179999999999 79.43389999999999 1
90.92769999999999 75.23670000000001 0
89.5 78.48299852104665 1
89.5 22.11666511019688 0
92.5 18.15566011460476 1
92.5 75.95100313467 0
95.5 77.31391695773812 1
95.5 14.19465511901264 0
95.83170000000001 13.7567 1
82.21969999999999 31.7291 0
82.21969999999999 32.26157893407149 1
78.64599999999999 29.40316880456771 0
78.64599999999999 31.32396190537249 1
59.0309 15.6349 0
60.11248302340495 16.5 1
88.13618095845047 16.5 0
85.84146484050484 19.50000000000001 1
63.86320440846426 19.50000000000001 0
67.61392579352358 22.50000000000001 1
83.54674872255922 22.50000000000001 0
81.25203260461359 25.50000000000001 1
71.36464717858289 25.50000000000001 0
75.11536856364219 28.50000000000001 1
78.95731648666796 28.50000000000001 0
78.64599999999999 28.907 0
83.5 35.2064150403898 1
83.5 30.03867510138114 0
86.5 26.07767010578901 1
86.5 37.60595344274907 0
89.447 39.9631 0
88.14189999999999 41.6203 0
86.5 40.30643534021024 1
86.5 100 0
83.5 100 1
83.5 37.90580559456845 0
83.4272 37.84755031274086 1
66.1944 24.0576928858422 1
66.1944 36.387 1
66.1944 39.73537016454097 1
69.11670000000001 36.6824 0
67.6944 35.3273661779812 1
67.6944 38.16829791090122 0
66.1944 37.56610405635425 1
59.72799999999999 44.32164807031165 0
59.72799999999999 42.66679999999999 1
56.319 38.98790441388095 0
56.5 39.18323445233433 1
56.5 49.86325366833113 0
59.5 46.72910916105162 1
59.5 42.42074890183774 0
59.72799999999999 42.66679999999999 1
59.72799999999999 46.49091417849837 1
55.81910000000001 50.5746 0
56.5 51.24955948244971 1
56.5 62.91408596160937 0
62.5 57.19721243398196 1
62.5 100 0
59.5 100 1
59.5 54.22338595821584 0
50.5 47.87597519071666 1
50.5 68.99922874726926 0
50.0325 69.88200000000001 1
54.28959999999999 61.8434 0
53.5 63.33438648375655 1
53.5 46.13666851050529 0
46.0813 50.4378 0