46.0813 50.4378 0
23.5 63.68685984043707 1
23.5 26.53424418823529 0
26.5 29.03589124705882 1
26.5 71.45683772709535 0
27.1413 73.11779999999999 1
22.5287 61.1712 0
20.5 61.88249075100532 1
20.5 24.03259712941176 0
20.1713 23.7585 0
23.5 18.70693974345212 1
23.5 0 0
20.5 0 1
20.5 23.29255649917986 0
20.1713 23.7585 1
23.1586 19.5239 1
28.7482 6.148149999999999 0
29.5 6.58209491384553 1
29.5 0 0
26.5 0 1
26.5 11.52802712000859 0
17.5 0 1
17.5 100 0
20.5 100 1
20.5 66.73313270207854 0
7.450519999999999 80.4513 1
8.777650000000001 83.0129 0
8.5 82.47698547768493 1
8.5 100 0
0 100 1
0 0 0
2.5 0 1
2.5 100 0
5.5 100 1
5.5 0 0
8.5 0 1
8.5 79.8345055965712 0
11.5 78.07136269695769 1
11.5 0 0
14.5 0 1
14.5 100 0
11.5 100 1
11.5 81.26454564014958 0
26.5 73.30638139863873 1
26.5 100 0
23.5 100 1
23.5 74.18856476978513 0
23.3948 74.21950000000001 1
18.8483 62.4616 0
44.5 46.72714719777295 1
44.5 100 0
41.5 100 1
41.5 0 0
38.5 0 1
38.5 100 0
35.5 100 1
35.5 11.9530768795638 0
32.5 19.05764788263836 1
32.5 100 0
29.5 100 1
29.5 26.16221888571291 0
27.8213 30.1377 1
36.1477 10.4192 0
35.5 10.04534243056963 1
35.5 0 0
32.5 0 1
32.5 8.313718672207582 0
44.5 0 1
44.5 44.2097669948219 0
47.5 42.48223156931195 1
47.5 29.47069110382411 0
47.01130000000001 28.9433 0
47.5 28.53561307744388 1
47.5 0 0
50.5 0 1
50.5 26.03293092547263 0
47.01130000000001 28.9433 1
53.93000676517552 36.40977104137758 1
56.319 38.98790441388095 1
56.319 41.681274893447 1
53.93000676517552 36.40977104137758 0
53.5 35.94572000283092 1
53.5 39.02716071829204 0
50.5 32.70820555332752 1
50.5 40.75469614380199 0
43.6386 44.7058 1
46.0813 50.4378 0
46.0813 50.4378 0