66.5 55.5 0
66.5 55.5 1
66.5 70.5 1
63.5 70.5 1
63.5 76.5 1
73.5 76.5 1
73.5 54.5 1
89.5 54.5 0
95.5 51 1
34.5 51 0
34.5 52 1
106.8141196237827 52 0
89.5 61 1
103.5 61 0
103.5 62 1
89.5 62 0
89.5 64 1
103.5 64 0
103.5 63 1
89.5 63 0
89.5 60 1
103.5 60 0
103.5 59 1
89.5 59 0
89.5 58 1
103.5 58 0
103.5 57 1
89.5 57 0
89.5 56 1
109.6712624809255 56 0
108.9569767666398 55 1
89.5 55 0
89.5 54.5 1
89.5 64.5 1
103.5 64.5 1
103.5 56.5 1
110.0284053380684 56.5 1
106.4569767666398 51.5 1
95.5 51.5 1
95.5 42.5 1
109.5 42.5 1
109.5 37.5 1
107.5 37.5 0
107.5 37 1
80.30000000000001 37 0
81.5 36 1
107.5 36 0
107.5 35 1
82.69999999999999 35 0
83.90000000000001 34 1
107.5 34 0
107.5 33 1
84.5 33 0
84.5 32 1
107.5 32 0
107.5 31 1
82.5 31 0
82.5 30 1
107.5 30 0
107.5 29 1
82.5 29 0
82.5 28 1
107.5 28 0
107.5 27 1
82.5 27 0
82.5 26 1
107.5 26 0
107.5 25 1
82.5 25 0
82.5 24 1
107.5 24 0
107.5 23 1
82.5 23 0
82.5 22 1
107.5 22 0
107.5 21 1
82.5 21 0
82.5 20 1
107.5 20 0
107.5 19 1
82.5 19 0
87.5 42.5 0
79.09999999999999 38 1
109.5 38 0
109.5 39 1
78.5 39 0
78.5 40 1
109.5 40 0
109.5 41 1
78.5 41 0
78.5 42 1
109.5 42 0
107.5 37.5 1
107.5 12.5 1
48.5 12.5 1
48.5 13.5 0
45.5 18.5 0
45.5 19 1
10.5 19 0
10.5 18 1
107.5 18 0
107.5 17 1
10.5 17 0
10.5 16 1
107.5 16 0
107.5 15 1
10.5 15 0
10.5 14 1
107.5 14 0
107.5 13 1
48.5 13 0
48.5 13.5 1
10.5 13.5 1
10.5 38.7426910523541 1
17.16023252670426 43.5 1
30.5 43.5 1
30.5 40.5 0
30.5 43 1
16.46023252670426 43 0
15.06023252670426 42 1
30.5 42 0
30.5 41 1
13.66023252670426 41 0
12.26023252670426 40 1
45.5 40 0
45.5 39 1
10.86023252670426 39 0
10.5 38 1
45.5 38 0
45.5 37 1
10.5 37 0
10.5 36 1
45.5 36 0
45.5 35 1
10.5 35 0
10.5 34 1
45.5 34 0
45.5 33 1
10.5 33 0
10.5 32 1
45.5 32 0
45.5 31 1
10.5 31 0
10.5 30 1
45.5 30 0
45.5 29 1
10.5 29 0
10.5 28 1
45.5 28 0
45.5 27 1
10.5 27 0
10.5 26 1
45.5 26 0
45.5 25 1
10.5 25 0
10.5 24 1
45.5 24 0
45.5 23 1
10.5 23 0
10.5 22 1
45.5 22 0
45.5 21 1
10.5 21 0
10.5 20 1
45.5 20 0
45.5 41 1
41.5 41 0
41.5 41.5 1
45.5 41.5 1
45.5 19.5 1
45.5 18.5 1
58.5 18.5 1
81.5 18.5 1
82.5 18.5 1
82.5 31.5 1
83.5 31.5 1
84.5 31.5 1
84.5 32.5 1
84.5 33.5 1
78.5 38.5 1
78.5 42.5 1
86.5 42.5 1
87.5 42.5 1
87.5 46.5 1
87.5 47.5 0
73.5 54.5 0
66.5 70.5 0
65 70.5 1
65 76.5 0
64 76.5 1
64 70.5 0
66 70.5 1
66 76.5 0
67 76.5 1
67 55.5 0
66.5 55.5 0