66.5 55.5 0
66.5 55.5 1
47.5 55.5 1
47.5 64.5 1
44.5 64.5 0
47.5 62 1
17.5 62 0
17.5 63 1
47.5 63 0
47.5 64 1
17.5 64 0
17.5 65 1
44.5 65 0
44.5 67 1
17.5 67 0
17.5 66 1
44.5 66 0
44.5 64.5 1
44.5 73.5 0
47.5 74 1
12.5 74 0
12.5 75 1
47.5 75 0
47.5 76 1
12.5 76 0
12.5 77 1
47.5 77 0
44.5 73.5 1
47.5 73.5 1
47.5 77.5 1
12.5 77.5 1
12.5 68.5 1
17.5 68.5 0
17.5 68 1
44.5 68 0
44.5 70 1
12.5 70 0
12.5 71 1
44.5 71 0
44.5 73 1
12.5 73 0
12.5 72 1
44.5 72 0
44.5 69 1
12.5 69 0
17.5 68.5 1
17.5 54.5 1
34.5 54.5 1
34.5 40.5 0
30.5 40.5 1
34.5 40.5 0
35 40.5 1
35 49.5 0
34.5 50 1
95.5 50 0
95.5 49 1
48.5 49 0
48.5 48 1
95.5 48 0
95.5 47 1
87.5 47 0
87.5 44 1
95.5 44 0
95.5 43 1
87.5 43 0
87.5 45 1
95.5 45 0
95.5 46 1
87.5 46 0
87.5 47.5 1
48.5 47.5 1
48.5 48.5 1
48.5 49.5 1
42.5 49.5 1
41.5 49.5 1
41.5 42.5 1
41.5 41.5 0
41 49.5 1
41 40.5 0
40 40.5 1
40 49.5 0
39 49.5 1
39 40.5 0
38 40.5 1
38 49.5 0
37 49.5 1
37 40.5 0
36 40.5 1
36 49.5 0
34.5 53 1
107.5284053380684 53 0
108.2426910523541 54 1
34.5 54 0
34.5 54.5 0
17.5 55 1
73.5 55 0
73 55.5 1
73 76.5 0
72 76.5 1
72 55.5 0
71 55.5 1
71 76.5 0
70 76.5 1
70 55.5 0
69 55.5 1
69 76.5 0
68 76.5 1
68 55.5 0
47.5 55.5 0
47.5 56 1
17.5 56 0
17.5 57 1
47.5 57 0
47.5 60 1
17.5 60 0
17.5 61 1
47.5 61 0
47.5 59 1
17.5 59 0
17.5 58 1
47.5 58 0
47.5 55.5 0
66.5 55.5 0