51.4044 50.6978 0
52.5 50.45482445185056 1
52.5 0 0
55.5 0 1
55.5 49.789502578495 0
56.53530000000001 49.5599 0
58.5 51.43142410362556 1
58.5 0 0
61.5 0 1
61.5 55.42412241450528 0
60.0585 55.7443 1
58.7543 51.4455 0
64.5 47.09774494086493 1
64.5 54.75777988485964 0
67.5 49.17486208377319 1
67.5 54.09143735521401 0
70.5 53.42509482556839 1
70.5 49.24792970946581 0
69.63200000000001 50.651 1
72.93969999999999 45.3043 0
80.0677 38.69499999999999 1
81.68600000000001 33.4376 1
82.77010000000001 27.5059 0
82.5 28.98376382252563 1
82.5 0 0
85.5 0 1
85.5 22.03385212648134 0
88.5 22.42251643039096 1
88.5 14.78164752457546 0
88.2559 12.8302 0
100 0 1
100 100 0
97.5 100 1
97.5 21.36330212020114 0
97.64769999999999 21.3558 0
97.60849999999999 19.5562 0
97.5 19.47817132348224 1
97.5 0 0
94.5 0 1
94.5 17.3206963967239 0
91.5 15.16322146996557 1
91.5 0 0
88.5 0 1
88.5 13.00574654320723 0
88.2559 12.8302 1
89.3749 21.776 0
94.5 21.51568100038681 1
94.5 100 0
91.5 100 1
91.5 21.66805988057248 0
90.00579999999999 22.6176 1
89.92490000000001 28.3179 1
88.68940000000001 34.4141 1
87.03030000000001 39.4517 0
88.5 34.98918374419868 1
88.5 76.70208806107843 0
90.1104 76.91300000000001 0
89.3151 79.7681 0
88.5 79.64430177256381 1
88.5 100 0
85.5 100 1
85.5 39.28538597793927 0
82.5 38.95934398213311 1
82.5 100 0
79.5 100 1
79.5 0 0
76.5 0 1
76.5 100 0
73.5 100 1
73.5 66.45204705058637 0
73.983 66.17060000000001 1
73.816 62.3155 1
71.67910000000001 53.1632 0
73.5 60.96207831438062 1
73.5 0 0
70.5 0 1
70.5 43.49151701227881 0
67.54830000000001 41.2983 1
64.04310000000001 46.7814 0
64.5 46.06668232625815 1
64.5 0 0
67.5 0 1
67.5 41.37385452755906 0
37.5 36.51103313906123 1
37.5 85.40262846935005 0
40.5 85.65036250197997 1
40.5 72.44352957557135 0
43.5 74.46440806332134 1
43.5 85.89809653460989 0
45.1724 86.03620000000001 1
48.816 91.30950000000001 0
48.816 93.12802956531533 1
44.06406283476171 96.38509999999999 0
48.816 97.88509999999999 1
33.8086 97.88509999999999 0
35.98538814482319 96.38509999999999 1
33.8086 93.15317534205928 0
33.8086 87.78292511401975 1
39.6023960482744 96.38509999999999 0
41.4109 96.38509999999999 1
48.816 96.38509999999999 0
56.3441 97.22399999999999 1
59.11424416307162 97.22399999999999 0
56.3441 100 1
63.021 100 1
63.021 98.0761 1
59.3158 98.0761 1
63.021 97.98240000000001 1
63.021 98.0761 0
63.021 97.98240000000001 1
61.1371 89.41390000000001 0
61.5 91.0644699081692 1
61.5 65.31275337294147 0
61.52979999999999 65.34039999999999 0
64.5 66.49901829053817 1
64.5 100 0
67.5 100 1
67.5 67.57850845628658 0
70.5 67.79077224537807 1
70.5 100 0
58.5 62.52953588382891 1
58.5 89.89757924264552 0
56.3441 90.29300000000001 1
56.3441 95.72399999999999 1
56.8895 95.72399999999999 1
56.3441 90.29300000000001 0
46.5 87.95760550005488 1
46.5 74.84995478866358 0
45.7787 75.99940000000001 1
54.7833 61.6499 1
51.4044 59.31613850921296 1
51.4044 50.6978 0
51.4044 54.52875380177255 1
53.94810261198563 61.07304022274887 0
55.5 59.74631839471634 1
55.5 100 0
52.5 100 1
52.5 65.28850841680918 0
49.5 70.06923160273638 1
49.5 100 0
48.816 100 1
33.8086 100 1
33.8086 85.09780000000001 0
34.5 85.1548944367201 1
34.5 36.88459959892211 0
33.9515 36.9529 1
33.9218 33.4709 0
34.5 33.45123621427264 1
34.5 0 0
31.5 0 1
31.5 100 0
28.5 100 1
28.5 0 0
25.5 0 1
25.5 70.00201852944409 0
19.5302 63.22029999999999 1
17.5928 32.5539 0
16.5 32.65956114717744 1
16.5 0 0
13.5 0 1
13.5 32.9496265219325 0
10.5 33.23969189668755 1
10.5 0 0
7.5 0 1
7.5 33.52975727144261 0
4.5 33.81982264619765 1
4.5 0 0
1.5 0 1
1.5 100 0
4.5 100 1
4.5 35.05679250169841 0
4.416460000000001 33.8279 1
6.43305 63.4924 0
7.5 63.47023356722646 1
7.5 100 0
10.5 100 1
10.5 63.40790703053717 0
13.5 63.3455804938479 1
13.5 100 0
16.5 100 1
16.5 63.28325395715862 0
19.5 63.22092742046934 1
19.5 74.10006080386825 0
19.3487 75.78800000000001 0
22.5 75.46628771612222 1
22.5 100 0
25.5 100 1
25.5 75.16002146040768 0
19.5 100 1
19.5 75.7725539718368 0
19.3487 75.78800000000001 1
19.6796 72.09639999999999 1
22.0451 71.8169 1
22.2939 69.95519999999999 0
22.5 69.958209668731 1
22.5 0 0
19.5 0 1
19.5 62.74227518323524 0
43.5 63.17263321703258 1
43.5 0 0
46.5 0 1
46.5 58.4334541248368 0
47.6032 56.69070000000001 1
38.4889 71.08879999999999 0
40.5 67.91181230922837 1
40.5 0 0
37.5 0 1
37.5 33.34921034574602 0
49.5 0 1
49.5 58.00079464492137 0
51.4044 50.6978 0