53.5141 47.1772 0
53.5141 47.1772 1
51.2152 59.7645 0
53.5 59.96793875962379 1
53.5 100 0
56.5 100 1
56.5 60.23505897971806 0
59.5 60.50217919981232 1
59.5 100 0
62.5 100 1
62.5 60.76929941990659 0
44.5 68.85911405045951 1
44.5 100 0
47.5 100 1
47.5 0 0
44.5 0 1
44.5 66.62683865095897 0
45.07550000000001 66.8107 1
41.57170000000001 79.28200000000001 0
35.5 77.25091134427893 1
35.5 100 0
38.5 100 1
38.5 78.2544632271393 0
41.5 79.25801510999963 1
41.5 100 0
50.5 100 1
50.5 0 0
53.5 0 1
53.5 47.2544025446953 0
41.5 65.66839547611434 1
41.5 0 0
38.5 0 1
38.5 64.70995230126971 0
35.5 63.75150912642506 1
35.5 0 0
32.5 0 1
32.5 100 0
29.5 100 1
29.5 0 0
26.5 0 1
26.5 100 0
23.5 100 1
23.5 60.35757376516365 0
25.3702 49.1743 1
23.1857 62.23699999999999 0
20.5 61.79607728925748 1
20.5 100 0
17.5 100 1
17.5 61.3035546202224 0
14.5 60.81103195118732 1
14.5 100 0
11.5 100 1
11.5 60.31850928215222 0
9.85474 60.0484 1
11.9921 46.5556 0
11.5 49.66214586967099 1
11.5 0 0
8.5 0 1
8.5 100 0
5.5 100 1
5.5 0 0
2.5 0 1
2.5 100 0
0 100 1
0 0 0
14.5 47.04650960076543 1
14.5 0 0
17.5 0 1
17.5 47.6337454563802 0
20.5 48.22098131199498 1
20.5 0 0
23.5 0 1
23.5 48.80821716760975 0
53.5141 47.1772 0