66.04140000000001 52.6199 0
66.5209842469018 49.5 1
0 49.5 0
0 46.5 1
66.98213772640611 46.5 0
67.07339999999999 45.9063 1
76.03749999999999 47.4515 0
75.75978074211176 49.5 1
100 49.5 0
100 46.5 1
70.51760539088792 46.5 0
76.34644755784061 37.5 1
0 37.5 0
0 34.5 1
68.82026568755182 34.5 0
68.5249 34.88249999999999 1
80.73009999999999 38.967 0
100 43.5 1
0 43.5 0
0 40.5 1
100 40.5 0
100 37.5 1
81.26055962124511 37.5 0
82.34534412276884 34.5 1
100 34.5 0
100 31.5 1
83.43012862429256 31.5 0
83.72020000000001 30.6978 1
80.26319581722319 29.4325 1
81.13310000000001 29.4325 0
81.60550388393312 28.5 1
100 28.5 0
100 25.5 1
83.12530190194852 25.5 0
81.13310000000001 29.4325 1
76.83661423432483 27.2838 1
74.39259999999999 27.2838 1
80.26319581722319 29.4325 0
76.83661423432483 27.2838 1
75.96360000000001 26.8472 0
76.64398635034124 25.5 1
0 25.5 0
0 22.5 1
78.15909847253818 22.5 0
79.38239999999999 20.0778 1
84.61439999999999 22.5606 0
84.48669772837118 22.5 1
100 22.5 0
100 13.5 1
0 13.5 0
0 16.5 1
100 16.5 0
100 19.5 1
0 19.5 0
6.34933 31.6204 1
14.1352 32.3237 0
14.35024547468939 31.5 1
71.13685931540923 31.5 0
76.7525 4.40231 1
78.96969999999999 3.18085 1
83.61600000000001 1.90062 0
84.94996975361531 4.5 1
100 4.5 0
100 1.5 1
0 1.5 0
0 4.5 1
76.80539724388987 4.5 0
78.42983916905769 7.5 1
0 7.5 0
0 10.5 1
100 10.5 0
100 7.5 1
81.07084876317791 7.5 0
85.38290000000001 5.34361 1
78.99260000000001 8.539300000000001 0
73.4534529432666 28.5 1
0 28.5 0
0 31.5 1
6.335871824242986 31.5 0
6.228619999999999 30.5405 1
15.1249 28.5328 0
14.1352 32.3237 0
0 52.5 1
66.05983076739753 52.5 0
66.04140000000001 52.6199 1
70.63329999999999 53.7247 0
71.31299999999999 52.56789999999999 1
75.26840000000001 53.1245 0
75.35306471884365 52.5 1
100 52.5 0
100 55.5 1
0 55.5 0
0 58.5 1
100 58.5 0
100 61.5 1
0 61.5 0
0 64.5 1
100 64.5 0
100 67.5 1
0 67.5 0
0 70.5 1
100 70.5 0
100 73.5 1
0 73.5 0
0 76.5 1
100 76.5 0
100 79.5 1
0 79.5 0
0 82.5 1
100 82.5 0
100 85.5 1
0 85.5 0
0 88.5 1
100 88.5 0
100 91.5 1
0 91.5 0
0 94.5 1
100 94.5 0
100 97.5 1
0 97.5 0
0 100 1
100 100 0
66.04140000000001 52.6199 0