38.4653 84.57689999999999 0
35.48293566958408 88.5 1
0 88.5 0
0 91.5 1
33.2023175381962 91.5 0
31.9422 93.1576 1
35.8486 95.79839999999999 0
33.92794347167523 94.5 1
0 94.5 0
0 97.49999999999997 1
100 97.49999999999997 0
100 100 1
0 100 0
0 85.5 1
37.76355380097196 85.5 0
38.4653 84.57689999999999 0
38.4653 84.57689999999999 1
43.97499999999999 88.6849 0
40.7590544542068 91.5 1
100 91.5 0
100 94.5 1
37.33188077036623 94.5 0
35.8486 95.79839999999999 1
43.97499999999999 88.6849 0
43.72700985150924 88.5 1
100 88.5 0
100 85.5 1
39.70337304527749 85.5 0
38.4653 84.57689999999999 0