38.4653 84.57689999999999 0
0 13.5 1
80.18674889871838 13.5 0
80.64104065288524 16.5 1
0 16.5 0
0 19.5 1
81.0953324070521 19.5 0
81.54962416121899 22.5 1
0 22.5 0
0 25.49999999999999 1
81.95077218289427 25.49999999999999 0
81.74571241731462 28.49999999999999 1
0 28.49999999999999 0
0 31.49999999999999 1
88.75536255327782 31.49999999999999 0
81.6139 30.4284 1
91.46440000000001 31.9065 1
100 31.9065 1
100 10.7316 0
100 10.5 1
0 10.5 0
0 1.5 1
100 1.5 0
100 4.5 1
0 4.5 0
0 7.499999999999998 1
100 7.499999999999998 0
98.95201582498771 10.7316 1
100 17.82998145591053 0
89.85445940356968 10.7316 1
92.98065940356966 31.9065 0
96.01317821070901 31.9065 1
92.88697821070903 10.7316 0
95.91949701784839 10.7316 1
99.04569701784837 31.9065 0
100 34.5 1
0 34.5 0
0 37.5 1
100 37.5 0
100 40.5 1
0 40.5 0
0 43.5 1
100 43.5 0
100 46.5 1
0 46.5 0
0 49.49999999999999 1
100 49.49999999999999 0
100 52.49999999999999 1
0 52.49999999999999 0
0 55.49999999999999 1
100 55.49999999999999 0
100 58.49999999999999 1
0 58.49999999999999 0
0 61.49999999999999 1
100 61.49999999999999 0
100 64.5 1
0 64.5 0
0 67.5 1
100 67.5 0
100 70.5 1
0 70.5 0
0 73.5 1
100 73.5 0
100 76.5 1
0 76.5 0
0 79.5 1
100 79.5 0
100 82.5 1
0 82.5 0
38.4653 84.57689999999999 0