76.5 55.5 0
76.5 55.5 1
76.5 62.5 0
72.5 68 1
91.5 68 0
91.5 67 1
72.5 67 0
72.5 66 1
91.5 66 0
91.5 65 1
72.5 65 0
72.5 64 1
91.5 64 0
91.5 63 1
72.5 63 0
76.5 62.5 1
72.5 62.5 1
72.5 68.5 1
91.5 68.5 1
91.5 54.5 1
99.5 54.5 1
99.5 71.5 1
104.5 71.5 0
104.5 73 1
109.5 73 0
109.5 74 1
104.5 74 0
104.5 72 1
109.5 72 0
109.5 71 1
99.5 71 0
99.5 70 1
109.5 70 0
109.5 69 1
99.5 69 0
99.5 68 1
109.5 68 0
109.5 67 1
99.5 67 0
99.5 66 1
138.5 66 0
138.5 67 1
114.5 67 0
114.5 69 1
138.5 69 0
138.5 68 1
114.5 68 0
114.5 66.5 0
109.5 66.5 0
104.5 71.5 1
104.5 74.5 1
109.5 74.5 1
109.5 66.5 1
114.5 66.5 1
114.5 70.5 1
117.5 70.5 0
114.5 70 1
138.5 70 0
138.5 71 1
117.5 71 0
117.5 73 1
138.5 73 0
138.5 72 1
117.5 72 0
117.5 70.5 1
117.5 73.5 1
138.5 73.5 1
138.5 50.5 1
131.5 50.5 1
131.5 44.5 1
128.5 44.5 1
128.5 29.5 1
124.5 29.5 1
124.5 15.5 1
129.5 15.5 1
129.5 13.5 1
133.5 13.5 1
133.5 11.5 1
117.5 11.5 1
117.5 13.5 0
117.5 12 1
133.5 12 0
133.5 13 1
117.5 13 0
117.5 13.5 1
114.5 13.5 1
114.5 19.5 1
104.5 19.5 1
104.5 38.5 1
100.5 38.5 1
100.5 47.5 1
57.5 47.5 1
57.5 35.5 1
49.5 35.5 1
49.5 33.5 1
47.5 33.5 1
47.5 45.5 1
50.5 45.5 1
50.5 50.5 1
46.5 50.5 0
46.5 50 1
25.5 50 0
25.5 49 1
46.5 49 0
46.5 48 1
25.5 48 0
25.5 47 1
42.5 47 0
42.5 45 1
35.5 45 0
35.5 44 1
42.5 44 0
42.5 46 1
35.5 46 0
35.5 46.5 0
25.5 51 1
138.5 51 0
138.5 52 1
25.5 52 0
25.5 53 1
138.5 53 0
138.5 54 1
25.5 54 0
25.5 55 1
91.5 55 0
91.5 56 1
76.5 56 0
76.5 55.5 0