56.086 42.6677 0
56.086 42.6677 0
56.086 42.6677 0
52.81867913574219 40.5 1
0 40.5 0
0 37.5 1
50.79426778627656 37.5 0
53.26343206623335 34.5 1
0 34.5 0
0 31.5 1
55.73259634619012 31.5 0
58.20176062614691 28.5 1
0 28.5 0
0 25.5 1
52.28591361300852 25.5 0
52.5839 26.3768 1
82.45529999999999 16.592 0
82.4261831535421 16.5 1
100 16.5 0
100 13.5 1
81.4767207690451 13.5 0
80.52725838454813 10.5 1
100 10.5 0
100 7.5 1
79.57779600005114 7.5 0
78.62833361555417 4.5 1
100 4.5 0
100 1.5 1
0 1.5 0
0 4.5 1
77.08376809885402 4.5 0
78.49520000000001 4.07934 1
48.0861 13.1424 0
48.20763276914707 13.5 1
23.57347834091576 13.5 0
22.02224992115152 10.5 1
56.95209071836665 10.5 0
67.01792940861034 7.5 1
20.47102150138727 7.5 0
19.6319 5.877179999999999 1
15.6781 7.6342 0
15.98008857155866 7.5 1
0 7.5 0
0 10.5 1
17.20800981442571 10.5 0
18.80956241519239 13.5 1
0 13.5 0
0 16.5 1
20.41111501595907 16.5 0
22.01266761672574 19.5 1
0 19.5 0
0 22.5 1
51.26634340204316 22.5 0
50.24677319107779 19.5 1
23.35902992054807 19.5 0
22.3349 20.1036 1
25.9012 18.0017 0
25.12470676068001 16.5 1
49.22720298011244 16.5 0
49.9122 38.57170000000001 1
56.086 42.6677 1
68.97329999999999 34.76000000000001 1
59.51049999999999 26.9099 0
61.42726517241819 28.5 1
100 28.5 0
100 25.5 1
55.26062752841142 25.5 0
64.41913868857822 22.5 1
100 22.5 0
100 19.5 1
73.57764984874498 19.5 0
65.04357579266505 31.5 1
100 31.5 0
100 34.5 1
68.65988641291193 34.5 0
68.97329999999999 34.76000000000001 0
64.50787996636191 37.5 1
100 37.5 0
100 52.5 1
74.30241604483413 52.5 0
69.75839030096694 49.5 1
100 49.5 0
98.66918204830893 49.1713 1
98.98740000000001 49.09306635857125 0
98.98740000000001 49.1713 1
98.98740000000001 41.5286 1
100 41.5286 1
100 49.1713 1
98.98740000000001 49.1713 1
92.3862 49.1713 0
91.62422150333168 46.5 1
0 46.5 0
0 49.5 1
62.52998556544053 49.5 0
63.63209999999999 46.8535 0
67.75190000000001 48.17529999999999 1
77.49520000000001 54.6079 0
77.12043740589374 55.5 1
100 55.5 0
100 58.5 1
75.86016637986663 58.5 0
74.56569999999999 61.5814 0
74.44361058117275 61.5 1
0 61.5 0
0 58.5 1
69.94400055068422 58.5 0
64.1205775388502 55.5 1
0 55.5 0
0 52.5 1
61.28065879284334 52.5 0
60.6784 53.9462 1
68.21960000000001 57.3503 1
74.56569999999999 61.5814 0
74.59989535383954 61.5 1
100 61.5 0
100 64.5 1
62.61549669746044 64.5 0
56.82559999999999 63.161 1
68.38679999999999 65.8347 1
72.81559999999999 67.69630000000001 0
72.34859664804469 67.5 1
100 67.5 0
100 70.5 1
71.21846866816648 70.5 0
70.2835 72.1413 1
56.31010000000001 65.9023 0
56.57380176558567 64.5 1
0 64.5 0
0 67.5 1
59.8884460778971 67.5 0
66.60750361916973 70.5 1
0 70.5 0
0 73.5 1
100 73.5 0
100 76.5 1
0 76.5 0
0 79.5 1
100 79.5 0
100 82.5 1
0 82.5 0
0 85.5 1
100 85.5 0
100 88.5 1
0 88.5 0
0 91.5 1
100 91.5 0
100 94.5 1
0 94.5 0
0 97.5 1
100 97.5 0
100 100 1
0 100 0
0 43.5 1
90.76848254102683 43.5 0
90.6011 42.9132 1
97.17359999999999 41.5286 0
98.98740000000001 42.3489964487855 1
98.74020988092508 41.5286 0
100 40.5 1
59.6187339441304 40.5 0
56.086 42.6677 0