43.3509 50.5707 0
44.5 47.6519942148533 1
44.5 100 0
23.5 100 1
23.5 0 0
26.5 0 1
26.5 100 0
29.5 100 1
29.5 0 0
35.5 9.96520519283062 1
35.5 0 0
32.5 0 1
32.5 14.31630603783515 0
11.5 13.30695853249046 1
11.5 0 0
14.5 0 1
14.5 17.04463877226307 0
17.5 20.78231901203567 1
17.5 0 0
20.5 0 1
20.5 100 0
17.5 100 1
17.5 26.7679360208331 0
17.8281 26.8007 1
18.2169 21.6755 1
8.65117 9.757619999999999 0
8.5 9.869100948466741 1
8.5 0 0
5.5 0 1
5.5 12.08146348997779 0
2.5 14.29382603148884 1
2.5 0 0
0 0 1
0 100 0
2.5 100 1
2.5 18.45453832780652 0
0.365123 15.8682 1
8.6312 25.8823 0
5.5 22.0889467660536 1
5.5 100 0
8.5 100 1
8.5 25.72335520430066 0
8.6312 25.8823 0
11.5 26.16877760875947 1
11.5 100 0
14.5 100 1
14.5 26.46835681479629 0
31.2039 34.06371830828478 1
36.17714993492018 21.48348752450389 0
32.5 26.7050277852089 1
32.5 25.39611592920354 0
31.136 24.1007 1
30.1728 17.6916 1
37.01300000000001 7.770799999999999 0
38.5 8.902795168610609 1
38.5 0 0
41.5 0 1
41.5 11.18657829290908 0
43.16030000000001 12.4505 1
32.8762 25.7534 1
31.2039 29.98361569698255 1
31.2039 45.0652 0
38.5 48.3720805919157 1
38.5 100 0
41.5 100 1
41.5 49.73179904091545 0
43.3509 50.5707 0