69.5 107.5 0
63.5 107.5 0
62.06574145408933 113.5 0
63 114.901387818866 0
64 116.401387818866 1
64 153.5 0
63.5 155 1
146.5 155 0
146.5 156 1
63.5 156 0
63.5 156.5 0
52.5 156.5 0
52.5 156 1
9.5 156 0
9.5 155 1
39.5 155 0
39.5 154 1
9.5 154 0
9.5 153 1
39.5 153 0
39.5 152 1
9.5 152 0
9.5 151 1
39.5 151 0
39.5 150 1
9.5 150 0
9.5 149 1
39.5 149 0
38.5 148.5 0
38.5 147 1
9.5 147 0
9.5 148 1
38.5 148 0
9.5 157 1
146.5 157 0
146.5 158 1
9.5 158 0
9.5 159 1
146.5 159 0
146.5 160 1
9.5 160 0
25.5 172.5 0
28.4496094703209 182 1
15.5 182 0
15.5 181 1
29.6996094703209 181 0
30.94960947032091 180 1
15.5 180 0
15.5 179 1
32.19960947032091 179 0
33.44960947032091 178 1
25.5 178 0
25.5 177 1
64.5 177 0
64.5 178 1
33.5 178 0
33.5 179 1
64.5 179 0
64.5 180 1
33.5 180 0
33.5 181 1
64.5 181 0
64.5 182 1
47.5 182 0
47.5 184 1
64.5 184 0
64.5 183 1
47.5 183 0
47.5 181.5 1
47.5 184.5 1
64.5 184.5 1
64.5 176.5 1
55.5 176.5 1
55.5 173.5 1
43.5 173.5 1
43.5 163.5 1
86.5 163.5 1
86.5 160.5 0
86.5 161 1
9.5 161 0
9.5 162 1
86.5 162 0
86.5 163 1
9.5 163 0
9.5 164 1
43.5 164 0
43.5 165 1
9.5 165 0
9.5 166 1
43.5 166 0
43.5 167 1
9.5 167 0
9.5 168 1
43.5 168 0
43.5 169 1
9.5 169 0
9.5 170 1
43.5 170 0
43.5 171 1
9.5 171 0
9.5 172 1
43.5 172 0
43.5 173 1
25.5 173 0
25.5 176 1
55.5 176 0
55.5 175 1
25.5 175 0
25.5 174 1
55.5 174 0
47.5 181.5 1
33.5 181.5 1
33.5 177.9596875762567 1
27.8246094703209 182.5 1
15.5 182.5 1
15.5 178.5 1
25.5 178.5 1
25.5 172.5 1
13.5 172.5 0
13.5 173 1
9.5 173 0
9.5 174 1
13.5 174 0
13.5 172.5 1
13.5 174.5 1
9.5 174.5 1
9.5 142.5 1
42.79289321881347 142.5 1
38.5 146.7928932188134 0
39.29289321881345 146 0
41.29289321881346 144 1
9.5 144 0
9.5 143 1
42.29289321881346 143 0
40.29289321881346 145 1
9.5 145 0
9.5 146 1
39.29289321881345 146 0
38.5 146.7928932188134 1
38.5 148.5 1
39.5 148.5 1
39.5 155.5 1
52.5 155.5 1
52.5 156.5 1
63.5 156.5 1
63.5 137.5 1
45.5 137.5 1
45.5 121.5 1
49.5 121.5 1
49.5 110.5 1
50.5 110.5 0
50.5 97.5 0
50 97.5 1
50 46.5 0
49 46.5 1
49 97.5 0
48 97.5 1
48 46.5 0
47 46.5 1
47 97.5 0
45 97.5 1
45 46.5 0
46 46.5 1
46 97.5 0
85.5 84.5 1
85.5 107.5 1
69.5 107.5 0
69.5 107.5 0