69.5 107.5 0
75 107.5 1
75 54.5 0
76 54.5 1
76 107.5 0
77 107.5 1
77 54.5 0
78 54.5 1
78 107.5 0
79 107.5 1
79 54.5 0
80 54.5 1
80 107.5 0
81 107.5 1
81 54.5 0
82 54.5 1
82 107.5 0
83 107.5 1
83 64.5 0
84 64.5 1
84 107.5 0
85 107.5 1
85 64.5 0
86 64.5 1
86 84.5 0
85.5 84.5 1
86.5 84.5 1
86.5 64.5 1
82.5 64.5 1
82.5 54.5 1
55.5 54.5 1
55.5 46.5 0
62.5 37.5 1
54.5 37.5 1
54.5 26.5 1
50.5 26.5 0
54.5 29 1
28.5 29 0
28.74742355817077 28 1
54.5 28 0
54.5 27 1
29.85853466928188 27 0
30.96964578039299 26 1
50.5 26 0
50.5 25 1
32.08075689150411 25 0
33.19186800261521 24 1
50.5 24 0
50.5 23 1
34.30297911372632 23 0
35.41409022483744 22 1
50.5 22 0
50.5 19 1
38.5 19 0
38.5 18 1
50.5 18 0
50.5 20 1
37.63631244705967 20 0
36.52520133594855 21 1
50.5 21 0
50.5 26.5 1
50.5 9.5 1
32.5 9.5 1
32.5 10.5 1
18.5 10.5 1
18.5 21.5 1
33.5 21.5 1
33.5 16.5 0
33.5 17 1
18.5 17 0
33.5 20 1
18.5 20 0
18.5 21 1
33.5 21 0
33.5 19 1
18.5 19 0
18.5 18 1
33.5 18 0
33.5 16.5 1
38.5 16.5 0
38.5 17 1
50.5 17 0
50.5 16 1
18.5 16 0
18.5 15 1
50.5 15 0
50.5 14 1
18.5 14 0
18.5 13 1
50.5 13 0
50.5 12 1
18.5 12 0
18.5 11 1
50.5 11 0
50.5 10 1
32.5 10 0
38.5 16.5 1
38.50000000000001 19.22268120235369 1
28.5 28.22268120235369 1
28.5 31.23418747299222 1
21.5 37.06752080632556 0
21.5 37 1
19.5 37 0
19.5 36 1
21.5 36 0
21.5 37.06752080632556 1
21.5 35.5 1
19.5 35.5 1
19.5 46.5 1
23.5 46.5 1
23.5 52.5 1
41.5 52.5 1
41.5 61.5 1
43.5 61.5 0
43.5 73.5 0
43 73.5 1
43 97.5 0
44 97.5 1
44 46.5 0
43 46.5 1
43 61.5 0
43.5 61.5 1
43.5 73.5 1
42.5 73.5 1
42.5 97.5 1
50.5 97.5 1
50.5 110.5 0
63 113.5 1
63 54.5 0
62 54.5 1
62 137.5 0
61 137.5 1
61 54.5 0
60 54.5 1
60 137.5 0
59 137.5 1
59 54.5 0
58 54.5 1
58 137.5 0
57 137.5 1
57 54.5 0
56 54.5 1
56 137.5 0
63 137.5 1
63 114.901387818866 0
65 117.901387818866 1
65 153.5 0
63.5 154 1
146.5 154 0
146.5 153 1
87.5 153 0
87.5 152 1
94.5 152 0
94.5 151 1
87.5 151 0
87.5 150 1
94.5 150 0
94.5 149.5 0
113.5 149 1
87.5 149 0
87.5 148 1
113.5 148 0
113.5 147 1
89.5 147 0
89.5 146 1
113.5 146 0
113.5 145 1
89.5 145 0
89.5 142 1
128.5 142 0
128.5 141 1
89.5 141 0
89.5 143 1
128.5 143 0
128.5 144 1
89.5 144 0
89.5 147.5 0
87.5 153.5 0
71 153.5 1
71 128.5 0
66.5 128.5 1
66.5 126.5 1
69.5 126.5 1
69.5 120.5 1
66.73240812075601 120.5 0
62.06574145408933 113.5 1
63.5 113.5 1
63.5 107.5 0
64 107.5 1
64 54.5 0
65 54.5 1
65 107.5 0
66.5 107.5 0
66.5 108 1
69.5 108 0
69.5 107.5 0