52.01649999999999 53.1579 0
50.5 52.29054520693315 1
50.5 25.7012623751219 0
52.1249 25.8431 1
51.7539 37.566 0
53.5 37.69025025382209 1
53.5 83.19891732059986 0
77.5 82.35315814303712 1
77.5 100 0
80.5 100 1
80.5 82.51002401135261 0
56.5 100 1
56.5 37.90372643586565 0
58.5303 38.04819999999999 1
60.14100000000001 24.4925 0
59.5 29.88717542062457 1
59.5 100 0
62.5 100 1
62.5 21.35225169806485 0
65.5 20.81614567549434 1
65.5 100 0
68.5 100 1
68.5 20.28003965292384 0
71.5 19.74393363035333 1
71.5 100 0
74.5 100 1
74.5 0 0
77.5 0 1
77.5 75.90534839629734 0
80.5 75.76295982575778 1
80.5 0 0
83.5 0 1
83.5 44.40611538852889 0
86.5 43.60868058962137 1
86.5 9.241103752819697 0
89.5 8.233656572517873 1
89.5 58.55120396929941 0
93.59809999999999 56.79649999999999 0
95.5 60.46197475822343 1
95.5 0 0
94.17689999999999 0 1
84.73439999999999 0 0
84.73439999999999 0.1101395409100697 1
94.17689999999999 2.067421477347346 0
98.5 0 1
98.5 100 0
95.5 100 1
95.5 89.33068957956871 0
98.31370000000001 88.6217 1
95.93870000000001 84.72720000000001 0
95.5 84.83906608463113 1
95.5 63.77991319695147 0
96.89660000000001 63.1536 1
93.59809999999999 56.79649999999999 0
92.5 57.26667896798216 1
92.5 7.226209392216045 0
94.17689999999999 6.663080000000001 0
94.17689999999999 5.131193825782448 1
84.73439999999999 3.173911889345172 0
84.73439999999999 4.705798063562723 1
85.95509999999999 4.958830000000001 1
84.73439999999999 9.834019999999999 0
73.7268 19.346 1
71.8415 11.1104 0
71.5 0 1
71.5 11.13634683342702 0
68.5 11.36428387670976 1
68.5 0 0
65.5 0 1
65.5 11.59222091999251 0
62.5 11.82015796327525 1
62.5 0 0
59.5 0 1
59.5 24.43190060515013 0
56.5 24.1482840925922 1
56.5 0 0
53.5 0 1
53.5 11.75558159811418 0
50.5 11.79928192148448 1
50.5 0 0
47.5 0 1
47.5 50.5747098101639 0
52.01649999999999 53.1579 0