52.01649999999999 53.1579 0
52.01649999999999 53.1579 1
45.8969 64.48050000000001 1
39.4186 57.3951 1
44.3836 48.7923 0
44.5 48.85887441339464 1
44.5 0 0
41.5 0 1
41.5 53.78868148640484 0
37.3278 49.9661 1
32.3309 16.5091 0
32.5 17.64131771498329 1
32.5 87.82844364040443 0
34.6293 88.5453 1
31.6727 96.86770000000001 0
32.5 94.53897054048571 1
32.5 100 0
31.6727 100 1
23.8495 100 0
23.5 100 1
23.5 72.45419852236341 0
22.2197 73.809 1
27.248 68.4881 0
26.5 69.27962659944714 1
26.5 85.80846610902165 0
26.4401 85.78829999999999 1
23.8495 94.01060000000001 0
0 100 1
0 0 0
2.5 0 1
2.5 100 0
5.5 100 1
5.5 0 0
8.5 0 1
8.5 57.82421265944072 0
8.018039999999999 58.2205 0
8.5 58.66123317027025 1
8.5 100 0
11.5 100 1
11.5 61.40461334873058 0
14.5 64.14799352719092 1
14.5 100 0
17.5 100 1
17.5 66.94270746879349 0
17.405 66.80449999999999 1
22.2197 73.809 0
20.5 71.30715385174568 1
20.5 100 0
27.13170955127522 100 1
23.8495 98.80130881110691 0
23.8495 95.60750293703563 1
31.6727 98.46460293703564 0
35.5 100 1
35.5 37.72797144029298 0
37.3278 49.9661 0
38.5 49.72891993782507 1
38.5 78.96868955925228 0
41.5 76.78086585834333 1
41.5 59.67155394007688 0
44.5 62.95269251038081 1
44.5 74.59304215743441 0
46.0878 73.43510000000001 1
53.9097 83.73859999999999 0
53.5 84.00791765517951 1
53.5 100 0
50.5 100 1
50.5 85.97997761500025 0
47.5 87.95203757482099 1
47.5 100 0
44.5 100 1
44.5 89.92409753464173 0
44.2032 90.11920000000001 1
37.3413 79.81370000000001 0
38.5 81.55388607819992 1
38.5 100 0
41.5 100 1
41.5 86.05941661638906 0
29.5 86.81845487471304 1
29.5 67.26709314384152 0
30.1505 66.9144 0
29.5 66.32633894712518 1
29.5 47.67828207903037 0
30.7529 43.9092 1
29.1358 48.7739 0
26.5 47.61659479257833 1
26.5 63.61429719674162 0
23.5 60.90225544635807 1
23.5 46.29937966917556 0
22.2802 45.7638 1
24.0042 41.2632 0
23.5 42.57944276102089 1
23.5 36.46478169137414 0
20.5 35.46387532375759 1
20.5 58.19021369597453 0
17.5 55.47817194559099 1
17.5 34.46296895614103 0
17.0511 34.31319999999999 0
14.5 32.84774144933321 1
14.5 52.8907658104166 0
11.5 55.35748923492865 1
11.5 31.12441596150429 0
8.83408 29.593 1
12.2836 23.5497 0
11.5 24.92250835594518 1
11.5 0 0
14.5 0 1
14.5 24.78873058817321 0
17.5 26.46581584558145 1
17.5 0 0
20.5 0 1
20.5 28.04892434834381 0
23.5 29.28341892453132 1
23.5 0 0
26.5 0 1
26.5 30.51791350071882 0
26.7493 30.6205 1
23.5606 36.485 0
26.5 31.07900028224668 1
26.5 42.24174205995229 0
29.5 43.41796859246966 1
29.5 0 0
32.5 0 1
32.5 16.46514133420536 0
35.236 15.7539 1
40.67319999999999 49.28919999999999 0
38.5 35.88544182299714 1
38.5 0 0
35.5 0 1
35.5 17.38218647097771 0
49.27679999999999 11.8171 1
47.5104 25.4403 0
51.7539 37.566 0
83.2559 44.471 1
84.0299 51.0823 1
86.9905 43.4783 0
86.5 44.73809936499359 1
86.5 100 0
83.5 100 1
83.5 46.55603660206718 0
84.0299 51.0823 0
87.90440000000001 59.23439999999999 1
90.9134 65.83680000000001 0
92.5 65.12528022462897 1
92.5 85.60404956740601 0
92.12450000000001 85.69980000000001 1
93.3331 89.8767 0
92.5 86.99752128909483 1
92.5 100 0
89.5 100 1
89.5 62.73549320039881 0
47.5 61.51441397150141 1
47.5 75.29533890614812 0
50.5 79.24712811337398 1
50.5 55.9637570658213 0
52.01649999999999 53.1579 0