38.4344 69.2893 0
38.4344 69.2893 1
25.9094 70.70779999999999 1
16.4572 69.87100000000001 0
16.45685159746856 70.5 1
0 70.5 0
0 73.5 1
16.45518990018032 73.5 0
0 100 1
100 100 0
100 97.5 1
0 97.5 0
0 94.5 1
100 94.5 0
100 91.5 1
0 91.5 0
0 88.5 1
100 88.5 0
100 85.5 1
0 85.5 0
0 82.5 1
100 82.5 0
100 79.5 1
31.4826135010172 79.5 0
30.8089 79.58619999999999 0
29.80270300837466 79.5 1
0 79.5 0
0 76.5 1
16.45352820289206 76.5 0
16.4525 78.3563 1
30.8089 79.58619999999999 1
39.2608 78.50479999999999 0
39.081019551842 76.5 1
100 76.5 0
100 73.5 1
38.81199453963431 73.5 0
38.4344 69.2893 0