38.4344 69.2893 0
27.74422199506521 70.5 1
23.56216391013384 70.5 0
0 1.5 1
100 1.5 0
100 4.5 1
0 4.5 0
0 7.5 1
100 7.5 0
100 10.5 1
0 10.5 0
0 13.5 1
100 13.5 0
100 16.5 1
0 16.5 0
0 19.5 1
100 19.5 0
100 22.5 1
0 22.5 0
0 25.5 1
77.02026228630891 25.5 0
77.20439999999999 24.1368 1
83.09059999999999 24.9319 0
83.0451788259283 25.5 1
100 25.5 0
100 28.5 1
82.80532048722901 28.5 0
82.71809999999999 29.5909 1
78.9682 28.8275 0
78.71865985182967 28.5 1
0 28.5 0
0 31.5 1
100 31.5 0
100 34.5 1
0 34.5 0
0 37.5 1
100 37.5 0
100 40.5 1
0 40.5 0
0 43.5 1
100 43.5 0
100 46.5 1
0 46.5 0
0 49.5 1
100 49.5 0
100 52.5 1
0 52.5 0
0 55.5 1
100 55.5 0
100 58.5 1
0 58.5 0
0 61.5 1
100 61.5 0
100 64.5 1
0 64.5 0
0 67.5 1
100 67.5 0
100 70.5 1
38.54296952742662 70.5 0
38.4344 69.2893 0