57.6875 46.23999999999999 0
65.82919999999999 50.1224 0
68.5 44.72197830237295 1
68.5 100 0
71.5 100 1
71.5 38.65590630413978 0
71.86019999999999 40.11612456285407 1
79.34139999999999 41.41312456285407 0
79.34139999999999 42.9355 1
77.8347 48.76560000000001 1
71.86019999999999 41.63849999999999 0
75.7209 64.5821 1
76.38829999999999 62.3497 1
77.03749999999999 60.2861 0
77.5 60.39284785845808 1
77.5 48.36632970625156 0
74.5 44.78756997740396 1
74.5 100 0
77.5 100 1
77.5 65.15145734288555 0
80.5 66.11153380213838 1
80.5 100 0
83.5 100 1
83.5 38.33504769418991 0
86.5 39.40075142193703 1
86.5 100 0
89.5 100 1
89.5 40.46645514968415 0
90.23259999999999 40.72669999999999 1
92.39160000000001 33.42270000000001 0
89.5 32.2719791326418 1
89.5 0 0
92.5 0 1
92.5 100 0
95.5 100 1
95.5 0 0
98.5 0 1
98.5 100 0
83.28299999999999 61.7276 0
80.5 61.08526639980786 1
80.5 37.39274269184338 0
79.34139999999999 37.06417404505387 1
73.4418 35.39109999999999 1
73.9794 33.65203113335137 1
75.66 28.2155 0
77.5 28.66612729381987 1
77.5 0 0
80.5 0 1
80.5 29.40084570765661 0
83.5 30.13556412149335 1
83.5 0 0
86.5 0 1
86.5 31.07812016111234 0
85.142 30.5377 0
75.66 28.2155 0
71.5 32.21371288209608 1
71.5 0 0
74.5 0 1
74.5 31.96795514381029 0
73.9794 33.65203113335137 1
73.9794 33.6425 1
73.4418 34.72954010208339 1
73.4418 35.39109999999999 0
79.34139999999999 38.3683736885622 1
72.25019850903689 37.13898691454477 0
71.86019999999999 37.92757325955191 1
65.82919999999999 50.1224 0
65.5 49.96541975263152 1
65.5 100 0
62.5 100 1
62.5 48.53485856762101 0
57.6875 46.23999999999999 0