57.6875 46.23999999999999 0
57.6875 46.23999999999999 1
66.285 29.2085 0
68.5 30.48492311291329 1
68.5 0 0
65.5 0 1
65.5 30.76357153242222 0
62.5 36.70652006397208 1
62.5 0 0
59.5 0 1
59.5 42.64946859552195 0
56.5 46.44679399755715 1
56.5 0 0
53.5 0 1
53.5 40.60697546675972 0
50.58159999999999 34.926 0
50.5 34.96941403163413 1
50.5 0 0
47.5 0 1
47.5 36.56551813582988 0
44.5 38.16162224002564 1
44.5 9.744195461634003 0
44.9605 9.20844 0
42.0253 6.89486 0
33.506 4.60542043923056 1
22.04703853398323 0 0
0 0 1
0 100 0
2.5 100 1
2.5 0 0
5.5 0 1
5.5 67.22041689598714 0
8.5 65.15192324104498 1
8.5 21.33533872524379 0
9.296520000000001 22.238 1
8.102879999999999 20.8853 1
10.6898 16.7715 0
8.5 20.25378752338688 1
8.5 0 0
11.5 0 1
11.5 17.29658582681503 0
14.3206 19.1246 1
11.3971 23.1948 0
11.5 23.05153898409441 1
11.5 64.09254269128928 0
10.9392 63.4701 1
13.885 66.7397 0
11.5 68.6105757076021 1
11.5 100 0
5.5 100 1
5.5 68.87642387341438 0
4.69103 67.7782 1
7.57319 71.6909 0
8.5 70.96387848446008 1
8.5 100 0
14.5 100 1
14.5 0 0
16.8107 1.128712750805052 1
33.506 7.838646813076853 0
30.0917799246311 0 1
33.506 1.372194065384267 0
39.12690000000001 10.2669 1
42.0253 6.89486 0
41.5 7.506001530499587 1
41.5 0 0
44.5 0 1
44.5 8.845465214636139 0
44.9605 9.20844 1
42.0621 12.5805 0
41.5 12.13743834832379 1
41.5 39.7577263442214 0
50.58159999999999 34.926 1
59.1781 51.66 1
42.9054 60.6130284937383 0
42.9054 61.70928175580312 1
51.60027071159087 55.82922339499969 0
59.1781 54.32619112734804 1
42.9054 65.33088905348188 0
38.5 55.38308787878788 1
38.5 100 0
41.5 100 1
41.5 61.36793636363636 0
41.5072 61.3823 1
36.6562 51.70480000000001 1
37.4755 41.8989 0
38.5 41.35383044841716 1
38.5 0 0
35.5 0 1
35.5 100 0
32.5 100 1
32.5 46.20437426848909 0
29.5 46.87998677080512 1
29.5 68.97776328082674 0
26.5 70.19921090883071 1
26.5 13.64323006111555 0
23.5 12.47365948498037 1
23.5 71.42065853683468 0
21.6954 72.15539999999999 1
24.5601 79.31440000000001 0
23.5 76.6651676545537 1
23.5 100 0
20.5 100 1
20.5 11.30408890884518 0
28.5753 14.4523 0
29.5 14.251973723229 1
29.5 28.98345543243846 0
32.21429999999999 28.803 1
34.6649 40.57769999999999 0
32.5 30.17573801926059 1
32.5 12.74018918444945 0
32.21729999999999 13.6633 1
33.506 9.455259999999999 1
33.506 0 1
16.8107 0 1
16.8107 2.745325937728199 0
17.5 3.022359447106524 1
17.5 8.023959807891554 0
19.1271 3.6763 1
16.8107 9.865790000000001 0
17.5 10.13451833270999 1
17.5 100 0
26.5 78.69553740392178 1
26.5 100 0
29.5 100 1
29.5 77.73848405672103 0
44.5 73.36670787101056 1
44.5 100 0
47.5 100 1
47.5 76.01361246713071 0
46.52119999999999 76.66659999999999 1
42.9054 70.76329999999999 0
42.9054 68.95249635116062 1
59.1781 57.94779842502679 0
56.5 61.85860155717239 1
56.5 61.56971402922569 0
56.373 61.65560000000001 1
60.0977 67.60929999999999 0
50.5 74.0122203557618 1
50.5 100 0
53.5 100 1
53.5 72.01082824439288 0
56.5 70.00943613302397 1
56.5 100 0
59.5 100 1
59.5 68.00804402165505 0
60.0977 67.60929999999999 0
59.5 66.65391393132333 1
59.5 47.10429738261051 0
57.6875 46.23999999999999 0