18.9575 77.8729
5.59853 76.4913
3.53487 91.458
2.51544 91.4858
2.45255 94.2145
17.2898 95.8501

24.1557 42.5785
12.0302 32.7607
10.3037 40.405
8.86143 40.4937
7.70555 45.0777
13.617 45.9023
18.9881 45.0828

25.6877 65.6687
23.9896 62.2059
21.5564 63.9771
23.7495 67.559

31.4593 72.3005
25.5266 67.4441
21.8508 71.564
27.546 76.6629

37.5477 28.2819
35.5824 24.8925
30.6764 32.5806
31.5223 33.2627

67.6026 35.6574
66.5895 30.4257
57.9216 31.4327
58.7753 36.7227

95.9225 67.8245
64.963 62.4867
62.5016 75.798
93.0234 81.2277

73.0403 34.2195
68.6616 35.4981
68.6072 39.434
72.9548 39.355

81.3708 80.405
70.9815 82.0436
72.186 89.2907
76.5447 89.0948