56.5 46.5 0
55.5 46.5 1
55.5 38.5 1
55.5 37.5 0
75.5 37 1
46.5 37 0
46.5 36 1
75.5 36 0
75.5 35 1
46.5 35 0
46.5 34 1
75.5 34 0
75.5 33 1
46.5 33 0
46.5 32 1
75.5 32 0
75.5 31 1
46.5 31 0
46.5 30 1
75.5 30 0
75.5 29 1
46.5 29 0
46.5 28 1
75.5 28 0
75.5 27 1
46.5 27 0
56.5 26.5 1
56.5 20.5 1
59.5 20.5 1
59.5 15.5 1
90.5 15.5 0
90.5 15 1
98.5 15 0
98.5 14 1
90.5 14 0
90.5 15.5 1
90.5 13.5 1
98.5 13.5 1
98.5 26.5 1
103.5 26.5 1
103.5 32.5 1
101.0978761792465 32.5 1
106.7228761792465 41.5 1
113.5 41.5 1
113.5 51.5 1
97.5 51.5 1
97.5 49.5 0
97.5 50 1
113.5 50 0
113.5 51 1
97.5 51 0
97.5 49.5 1
87.5 49.5 1
87.5 58.5 0
87.5 58 1
46.5 58 0
46.5 59 1
57.5 59 0
57.5 58.5 0
77.5 58.5 0
77.5 60 1
95.5 60 0
95.5 61 1
77.5 61 0
77.5 63 1
95.5 63 0
95.5 62 1
77.5 62 0
77.5 59 1
95.5 59 0
87.5 58.5 1
95.5 58.5 1
95.5 64.5 0
95.5 64 1
77.5 64 0
77.5 70 1
101.5 70 0
101.5 71 1
77.5 71 0
77.5 73 1
101.5 73 0
101.5 72 1
77.5 72 0
77.5 69 1
101.5 69 0
101.5 68 1
77.5 68 0
77.5 67 1
101.5 67 0
101.5 66 1
77.5 66 0
77.5 65 1
101.5 65 0
95.5 64.5 1
101.5 64.5 1
101.5 73.5 1
77.5 73.5 1
77.5 58.5 1
57.5 58.5 1
57.5 74.5 1
56.5 74.5 1
56.5 73.5 1
38.5 73.5 1
38.5 76.5 1
19.5 76.5 1
19.5 69.5 1
35.5 69.5 0
35.5 69 1
57.5 69 0
57.5 68 1
35.5 68 0
35.5 67 1
57.5 67 0
57.5 66 1
35.5 66 0
35.5 65 1
57.5 65 0
57.5 64 1
38.5 64 0
38.5 63 1
57.5 63 0
57.5 62 1
38.5 62 0
38.5 61 1
57.5 61 0
57.5 60 1
34.5 60 0
34.5 59 1
42.5 59 0
42.5 58 1
34.5 58 0
34.5 57 1
42.5 57 0
42.5 54 1
9.5 54 0
9.5 53 1
42.5 53 0
42.5 55 1
9.5 55 0
9.5 56 1
42.5 56 0
42.5 59.5 1
42.5 51.5 1
39.5 51.5 0
39.5 42 1
10.70710678118655 42 0
11.70710678118655 41 1
39.5 41 0
39.5 43 1
9.707106781186553 43 0
9.5 44 1
39.5 44 0
39.5 45 1
9.5 45 0
9.5 46 1
39.5 46 0
39.5 47 1
9.5 47 0
9.5 48 1
39.5 48 0
39.5 49 1
9.5 49 0
9.5 50 1
39.5 50 0
39.5 51 1
9.5 51 0
9.5 52 1
42.5 52 0
39.5 51.5 1
39.5 39.5 0
44.5 35 1
29.58102496759066 35 0
28.38102496759066 36 1
44.5 36 0
44.5 37 1
27.18102496759067 37 0
25.98102496759066 38 1
44.5 38 0
44.5 39 1
24.78102496759066 39 0
24.18102496759066 39.5 1
30.18102496759067 34.5 1
44.5 34.5 1
44.5 39.5 1
39.5 39.5 0
39.5 40 1
12.70710678118655 40 0
13.70710678118655 39 1
17.5 39 0
17.5 39.5 1
24.18102496759066 39.5 0
17.5 39.5 1
17.5 38.5 1
14.20710678118654 38.5 1
9.5 43.20710678118655 1
9.5 59.5 1
22.5 59.5 1
22.5 56.5 0
22.5 58 1
9.5 58 0
9.5 59 1
22.5 59 0
9.5 57 1
22.5 57 0
22.5 56.5 1
34.5 56.5 1
34.5 60.5 1
38.5 60.5 1
38.5 64.5 1
35.5 64.5 1
35.5 69.5 0
19.5 70 1
57.5 70 0
57.5 71 1
19.5 71 0
19.5 72 1
57.5 72 0
57 73.5 1
57 74.5 0
57.5 73 1
19.5 73 0
19.5 74 1
38.5 74 0
38.5 76 1
19.5 76 0
19.5 75 1
38.5 75 0
38.5 73.5 0
42.5 59.5 1
46.5 59.5 1
46.5 26.5 1
56.5 26.5 0
56.5 26 1
75.5 26 0
75.5 25 1
56.5 25 0
56.5 24 1
75.5 24 0
75.5 23 1
56.5 23 0
59.5 20.5 0
59.5 19 1
98.5 19 0
98.5 18 1
59.5 18 0
59.5 16 1
98.5 16 0
98.5 17 1
59.5 17 0
59.5 20 1
98.5 20 0
98.5 21 1
56.5 21 0
56.5 22 1
77.5 22 0
77.5 21.5 0
78.5 21.5 1
77.5 21.5 1
77.5 22.5 1
75.5 22.5 1
75.5 23.5 1
75.5 37.5 1
55.5 37.5 0
55.5 38 1
46.5 38 0
46.5 39 1
55.5 39 0
55.5 40 1
46.5 40 0
46.5 41 1
55.5 41 0
55.5 42 1
46.5 42 0
46.5 43 1
55.5 43 0
55.5 44 1
46.5 44 0
46.5 45 1
55.5 45 0
55.5 46.5 1
56.5 46.5 0
56.5 46.5 0