49.5805 48.3142 0
49.5 48.26194797981394 1
49.5 69.30506259211879 0
52.5 73.81757633110507 1
52.5 43.39140163409191 0
56.65170000000001 42.4303 1
66.16589999999999 66.54130000000001 0
67.5 66.01146017309267 1
67.5 100 0
70.5 100 1
70.5 64.82000564890257 0
73.5 63.62855112471249 1
73.5 100 0
76.5 100 1
76.5 0 0
73.5 0 1
73.5 62.43756367843972 0
73.8612 63.4851 1
69.82089999999999 51.7676 0
70.5 53.7370958913942 1
70.5 0 0
67.5 0 1
67.5 52.43698060841425 0
65.1859 53.1044 1
60.1057 41.0489 0
58.5 41.69108702374059 1
58.5 33.27433015080757 0
55.5 38.33286589244973 1
55.5 100 0
58.5 100 1
58.5 47.11428407643312 0
61.5 54.71692013621744 1
61.5 100 0
64.5 100 1
64.5 62.31955619600177 0
46.5 46.31466772443292 1
46.5 64.7925488531325 0
43.5 60.2800351141462 1
43.5 44.36738746905191 0
40.08880000000001 42.1532 1
54.9426 22.7819 0
55.5 23.19793555876799 1
55.5 0 0
52.5 0 1
52.5 25.96737020829687 0
49.5 29.87976299667425 1
49.5 0 0
46.5 0 1
46.5 33.79215578505163 0
43.5 37.70454857342902 1
43.5 0 0
40.5 0 1
40.5 41.61694136180641 0
40.08880000000001 42.1532 0
40.5 42.42010721367089 1
40.5 58.84621002412902 0
37.5 61.23968248740634 1
37.5 0 0
34.5 0 1
34.5 63.63315495068366 0
30.5319 51.2244 1
31.762 48.742 0
31.5 48.68738087431694 1
31.5 0 0
28.5 0 1
28.5 48.06197103825137 0
25.174 47.3686 1
23.6521 50.1704 0
25.174 47.3686 0
25.5 47.43656120218579 1
25.5 0 0
22.5 0 1
22.5 72.31904366295737 0
25.5 70.81357234051561 1
25.5 53.56466861534042 0
28.5 54.1289030307383 1
28.5 68.42009987723827 0
31.5 66.02662741396097 1
31.5 49.27072839606537 0
41.8374 57.7792 1
52.9372 74.4752 0
52.5 74.80074310878942 1
52.5 100 0
49.5 100 1
49.5 77.0345704792565 0
46.5 79.26839784972361 1
46.5 100 0
43.5 100 1
43.5 81.50222522019072 0
40.5 83.73605259065783 1
40.5 100 0
37.5 100 1
37.5 85.96987996112495 0
36.4742 86.7337 1
25.3013 70.97210000000001 0
25.5 71.25240591162546 1
25.5 74.35203042558194 0
25.6721 75.06559999999999 1
24.8215 71.53880000000001 0
34.5 83.94869783225482 1
34.5 100 0
31.5 100 1
31.5 79.71660052537837 0
28.5 75.48450321850191 1
28.5 100 0
25.5 100 1
25.5 75.1158280202464 0
22.5 75.99138909368733 1
22.5 100 0
19.5 100 1
19.5 0 0
16.5 0 1
16.5 100 0
13.5 100 1
13.5 0 0
10.5 0 1
10.5 100 0
7.5 100 1
7.5 0 0
4.5 0 1
4.5 100 0
1.5 100 1
1.5 0 0
64.5 0 1
64.5 51.47673426833589 0
83.27520000000001 43.8741 1
85.79249999999999 40.38209999999999 0
85.5 40.78785616732213 1
85.5 100 0
88.5 100 1
88.5 0 0
91.5 0 1
91.5 100 0
94.5 100 1
94.5 0 0
97.5 0 1
97.5 100 0
100 100 1
100 0 0
79.5 0 1
79.5 100 0
82.5 100 1
82.5 43.22548758731325 0
80.28309999999999 41.3706 1
82.95699999999999 38.0031 0
85.5 40.13669090107565 1
85.5 0 0
82.5 0 1
82.5 38.57864414899585 0
61.5 44.3576247844573 1
61.5 28.21579440916541 0
61.7218 27.8418 0
58.5 25.43709357151286 1
58.5 0 0
61.5 0 1
61.5 27.67625158425773 0
61.7218 27.8418 1
49.5805 48.3142 0
49.5805 48.3142 0