31.4736 73.6829
17.3959 62.659
9.01429 76.6894
21.7985 87.6057

36.4665 56.5057
27.0534 55.6426
23.6446 57.1322
22.9968 61.3439
30.3762 62.048
29.9557 64.9819
34.2977 66.2275

26.0088 19.5634
24.977 1.63086
17.2204 2.2757
18.2791 20.1119

47.4457 63.4494
43.4936 58.2917
37.5017 62.5033
41.0523 67.924

56.0506 47.8566
46.7675 45.6854
47.1051 40.64
45.4192 40.1843
45.5229 38.3084
41.0881 37.0503
40.7137 44.6897
42.8398 51.0654
45.3478 55.2606
48.8939 57.7435
52.8061 59.9695
54.8367 55.1563

62.8614 29.3835
55.0538 16.4761
48.9681 19.9868
55.5501 33.5782

72.3655 8.77952
63.2794 2.09407
55.2716 12.7382
64.5496 19.568

53.1076 91.5258
52.3572 84.8716
47.6633 85.4463
48.495 92.1888

93.6124 74.3381
90.1141 69.4379
80.8957 77.121
84.2414 82.1505