25.4168 22.4175 0
22.71810191707777 19.5 1
0 19.5 0
0 16.5 1
20.70421469634185 16.5 0
23.58251152482798 13.5 1
0 13.5 0
0 10.5 1
26.46080835331411 10.5 0
27.0752 9.859629999999999 1
33.2029 5.02936 0
30.06863613317682 7.5 1
0 7.5 0
0 4.5 1
100 4.5 0
100 1.5 1
0 1.5 0
0 100 1
100 100 0
100 97.5 1
0 97.5 0
0 94.5 1
100 94.5 0
100 91.5 1
0 91.5 0
0 88.5 1
100 88.5 0
100 85.5 1
0 85.5 0
0 82.5 1
100 82.5 0
100 79.5 1
0 79.5 0
0 76.5 1
100 76.5 0
100 73.5 1
0 73.5 0
0 70.5 1
100 70.5 0
100 67.5 1
0 67.5 0
0 64.5 1
100 64.5 0
100 61.5 1
0 61.5 0
0 58.5 1
100 58.5 0
100 55.5 1
0 55.5 0
0 52.5 1
100 52.5 0
100 49.5 1
0 49.5 0
0 46.5 1
100 46.5 0
100 43.5 1
0 43.5 0
0 40.5 1
100 40.5 0
100 37.5 1
0 37.5 0
0 34.5 1
100 34.5 0
100 31.5 1
0 31.5 0
0 28.5 1
100 28.5 0
100 25.5 1
0 25.5 0
0 22.5 1
100 22.5 0
100 19.5 1
28.42577466670864 19.5 0
31.51983602065069 16.5 1
100 16.5 0
100 13.5 1
34.98328124648258 13.5 0
38.4438 10.5559 0
38.39078919939058 10.5 1
100 10.5 0
100 7.5 1
35.54584462285625 7.5 0
38.4438 10.5559 1
31.9693 16.0642 1
25.4168 22.4175 0
25.4168 22.4175 0