50.5264 47.4272 0
43.5 26.75082878404739 1
43.5 100 0
40.5 100 1
40.5 27.41336382262073 0
40.7791 27.9915 1
36.4742 19.0742 0
37.5 18.43401379334162 1
37.5 0 0
40.5 0 1
40.5 19.39111630179194 0
39.3698 17.2671 1
44.303 26.5382 0
43.5 25.02909976080434 1
43.5 0 0
49.5 0 1
49.5 100 0
46.5 100 1
46.5 0 0
79.5 9.832775437041189 1
79.5 0 0
76.5 0 1
76.5 46.65591625605678 0
73.5 46.12322670442913 1
73.5 0 0
70.5 0 1
70.5 45.59053715280147 0
70.3314 45.56059999999999 1
69.1311 50.7705 0
70.5 51.00121763336894 1
70.5 61.47753122902866 0
73.5 61.44154116622215 1
73.5 51.50684470627917 0
76.5 52.01247177918938 1
76.5 61.40555110341565 0
67.11000000000001 61.51819999999999 0
67.5 69.06545147275401 1
67.5 93.1178963321174 0
67.11000000000001 93.13796778220274 1
67.11000000000001 100 1
86.66820000000001 100 1
86.66820000000001 92.13140000000001 1
85.70679999999999 61.29510000000001 0
93.66290000000001 76.03980000000001 1
90.21789999999999 79.88130000000001 0
94.5 82.58471897366644 1
94.5 100 0
91.5 100 1
91.5 80.6907284267387 0
90.21789999999999 79.88130000000001 0
91.5 78.45163754716981 1
91.5 23.60937508328647 0
94.5 19.1080122139056 1
94.5 76.57150081311369 0
97.5 78.47701083502395 1
97.5 0 0
100 0 1
100 100 0
97.5 100 1
97.5 82.42708666817566 0
96.28999999999999 83.7148 1
99.8244 79.95339999999999 0
85.70679999999999 61.29510000000001 0
85.5 61.29758091499613 1
85.5 14.35035934041175 0
85.60830000000001 14.3907 1
88.8579 9.063580000000002 0
88.5 8.887552400297075 1
88.5 0 0
91.5 0 1
91.5 14.32371859054944 0
92.2013 12.8481 1
86.7921 24.2297 0
88.5 20.63607531612809 1
88.5 9.650291056129987 0
85.60830000000001 14.3907 0
82.5 13.23288954572338 1
82.5 61.33357097780264 0
79.5 61.36956104060914 1
79.5 12.11541975103501 0
78.5069 11.7455 1
81.7217 5.553750000000001 0
82.5 5.936544861270704 1
82.5 0 0
85.5 0 1
85.5 7.41204863078389 0
94.5 0 1
94.5 14.58118540181577 0
96.50800000000001 16.0951 1
89.57409999999999 26.4991 0
88.5 25.62290929547088 1
88.5 100 0
86.66820000000001 99.64132595409529 1
79.69895376676382 100 0
67.11000000000001 97.6439233546599 1
86.66820000000001 96.63735557245718 0
86.66820000000001 93.63338519081907 1
67.11000000000001 94.63995297302179 0
68.7396 93.05410000000001 1
67.11000000000001 61.51819999999999 0
67.5 61.51352129183516 1
67.5 0 0
64.5 0 1
64.5 37.62712918412011 0
61.5 37.84010631030263 1
61.5 0 0
58.5 0 1
58.5 38.05308343648515 0
55.5 38.26606056266768 1
55.5 0 0
52.5 0 1
52.5 38.47903768885018 0
50.1538 38.6456 0
50.5264 47.4272 0