16.4693 16.0877
7.90008 15.3236
6.48738 20.0104
15.1483 21.3674

35.3234 47.1988
34.3339 46.6359
34.4827 40.6956
29.0781 40.0658
28.4433 50.3137
35.1143 51.0964

38.7491 18.3213
34.7823 13.4539
30.0237 17.8882
33.8464 22.6659

93.901 72.8553
33.8267 58.8174
30.6999 69.7507
89.2143 83.7718

49.9492 45.7027
46.7157 41.4652
41.2303 45.4369
44.7023 49.6486

78.5507 28.4597
76.1697 15.6909
49.7942 21.0756
44.9255 37.531

99.8277 35.1238
95.5309 27.8453
91.5338 29.922
84.2587 19.331
77.7967 23.1675
80.6858 27.7297

60.6531 9.63144
52.6685 1.63295
47.1043 15.5879
54.6747 19.9866
56.4172 18.4721

92.7816 92.3415
89.2229 89.3115
85.1317 93.6176
86.6081 95.0203
89.967 94.9343