93.5 41.5 0
93.5 41.5 1
99.5 41.5 1
99.5 47.5 0
127.5 47.5 1
99.5 47.5 0
99.5 46.99999999999994 1
93.5 46.99999999999996 0
93.5 47.99999999999996 1
137.2928932188133 47.99999999999989 0
136.2928932188133 46.99999999999989 1
127.5 46.9999999999999 0
127.5 45.9999999999999 1
135.2928932188133 45.99999999999989 0
134.2928932188134 44.99999999999989 1
127.5 44.9999999999999 0
127.5 42.9999999999999 1
136.5 42.99999999999989 0
136.5 41.99999999999989 1
127.5 41.9999999999999 0
127.5 43.9999999999999 1
136.5 43.99999999999989 0
133.7928932188135 44.5 0
127.5 47.5 1
127.5 40.5 0
114.5 39.99999999999991 1
145.5 39.99999999999987 0
145.5 38.99999999999987 1
114.5 38.99999999999991 0
114.5 37.99999999999991 1
145.5 37.99999999999987 0
145.5 36.99999999999987 1
114.5 36.99999999999991 0
114.5 35.99999999999991 1
145.5 35.99999999999987 0
145.5 34.99999999999987 1
126.5 34.9999999999999 0
126.5 23.9999999999999 1
142.5 23.99999999999987 0
142.5 24.99999999999987 1
126.5 24.9999999999999 0
126.5 25.9999999999999 1
142.5 25.99999999999987 0
142.5 26.99999999999987 1
126.5 26.9999999999999 0
126.5 27.9999999999999 1
142.5 27.99999999999987 0
142.5 28.99999999999987 1
126.5 28.9999999999999 0
126.5 29.9999999999999 1
142.5 29.99999999999987 0
142.5 30.99999999999987 1
126.5 30.9999999999999 0
126.5 31.9999999999999 1
142.5 31.99999999999987 0
142.5 32.99999999999987 1
126.5 32.9999999999999 0
126.5 33.9999999999999 1
142.5 33.99999999999987 0
136.5 40.5 0
136.5 40.99999999999989 1
127.5 40.9999999999999 0
127.5 40.5 1
114.5 40.5 1
114.5 35.5 1
126.5 35.5 1
126.5 18.5 0
118.8099003388255 18.5 0
118.2474003388256 18.99999999999991 1
105.5 18.99999999999994 0
113.7474003388256 22.99999999999992 1
105.5 22.99999999999994 0
105.5 21.99999999999994 1
114.8724003388256 21.99999999999992 0
115.9974003388256 20.99999999999991 1
105.5 20.99999999999994 0
105.5 19.99999999999994 1
117.1224003388256 19.99999999999991 0
119.5 14.5 0
119.5 13.99999999999991 1
162.5 13.99999999999984 0
162.5 14.99999999999984 1
105.5 14.99999999999994 0
105.5 15.99999999999994 1
162.5 15.99999999999984 0
162.5 16.99999999999984 1
105.5 16.99999999999994 0
105.5 17.99999999999994 1
162.5 17.99999999999984 0
162.5 18.99999999999984 1
126.5 18.9999999999999 0
126.5 18.5 1
118.8099003388255 18.5 1
110.5 25.88657807895599 1
110.5 23.5 0
110.9271013553019 23.5 1
110.5 23.87964564915728 0
110.5 25.21760060235642 1
112.432300677651 23.5 0
113.1849003388255 23.5 1
105.5 23.5 1
105.5 14.5 1
119.5 14.5 1
119.5 13.5 1
162.5 13.5 1
162.5 19.5 1
165.5 19.5 1
165.5 34.5 1
163.5 34.5 1
163.5 39.5 1
158.5 39.5 1
158.5 31.5 0
158 31.5 1
158 23.5 0
157 23.5 1
157 31.5 0
156 31.5 1
156 23.5 0
155 23.5 1
155 31.5 0
154 31.5 1
154 23.5 0
153 31.5 1
153 23.5 0
152.5 23.5 1
152.5 31.5 1
158.5 31.5 0
159 39.5 1
159 23.5 0
160 23.5 1
160 39.5 0
161 39.5 1
161 23.5 0
162 23.5 1
162 39.5 0
163 39.5 1
163 23.5 0
164 23.5 1
164 34.5 0
165 34.5 1
165 23.5 0
165.5 21.99999999999984 1
126.5 21.9999999999999 0
126.5 20.9999999999999 1
165.5 20.99999999999984 0
165.5 19.99999999999984 1
126.5 19.9999999999999 0
126.5 22.9999999999999 1
165.5 22.99999999999984 0
165.5 23.5 1
142.5 23.5 1
142.5 34.5 1
145.5 34.5 1
145.5 40.5 1
136.5 40.5 1
136.5 44.5 1
133.7928932188135 44.5 1
139.7928932188135 50.5 1
141.5 50.5 1
141.5 54.5 1
86.5 54.5 0
93.5 48.5 0
93.5 45.99999999999996 1
99.5 45.99999999999994 0
99.5 44.99999999999994 1
93.5 44.99999999999996 0
93.5 43.99999999999996 1
99.5 43.99999999999994 0
99.5 42.99999999999994 1
93.5 42.99999999999996 0
93.5 41.5 0