45.5859 64.66200000000001 0
22.95760489680292 76.5 1
70.71660036381795 76.5 0
70.40479999999999 76.3682 1
77.03729999999999 79.17179999999999 0
76.60765940954121 76.5 1
100 76.5 0
100 73.5 1
76.12524239802224 73.5 0
75.64282538650329 70.5 1
100 70.5 0
100 67.5 1
75.16040837498431 67.5 0
74.67799136346537 64.5 1
100 64.5 0
100 61.5 1
0 61.5 0
0 58.5 1
100 58.5 0
100 55.5 1
0 55.5 0
0 52.5 1
100 52.5 0
100 49.5 1
0 49.5 0
0 46.5 1
100 46.5 0
100 43.5 1
0 43.5 0
0 40.5 1
100 40.5 0
100 37.5 1
0 37.5 0
0 34.5 1
100 34.5 0
100 31.5 1
0 31.5 0
0 28.5 1
100 28.5 0
100 25.5 1
0 25.5 0
0 22.5 1
100 22.5 0
100 19.5 1
0 19.5 0
0 16.5 1
100 16.5 0
100 13.5 1
0 13.5 0
0 10.5 1
100 10.5 0
100 7.5 1
0 7.5 0
0 4.5 1
100 4.5 0
100 1.5 1
0 1.5 0
74.34440000000001 62.4255 1
45.5859 64.66200000000001 0
45.5859 64.66200000000001 0