45.5859 64.66200000000001 0
47.66901066398397 64.5 1
6.751284011862699 64.5 0
6.420870000000001 64.36109999999999 1
0 64.36109999999999 0
0.6616400000000002 64.36109999999999 1
0.6616400000000002 80.31610000000001 0
0 80.31610000000001 1
19.7857 80.31610000000001 0
20.46403431678438 79.5 1
100 79.5 0
100 82.5 1
0 82.5 0
0 85.5 1
100 85.5 0
100 88.5 1
0 88.5 0
0 91.5 1
100 91.5 0
100 94.5 1
0 94.5 0
0 97.5 1
100 97.5 0
100 100 1
0 100 0
3.184642037439378 80.31610000000001 1
2.16164 79.89051728479694 0
2.16164 76.64127037087815 1
10.99507722275097 80.31610000000001 0
18.80551240806257 80.31610000000001 1
2.16164 73.39202345695938 0
2.16164 71.76740000000001 1
2.16164 64.36109999999999 0
2.16164 68.75852116445682 1
4.690517866990181 64.36109999999999 0
6.420870000000001 64.36109999999999 1
26.1527 72.65600000000001 0
25.45117547682145 73.5 1
69.31932288483168 73.5 0
68.1839657460321 70.5 1
21.02402750485237 70.5 0
13.88765575835753 67.5 1
49.18695653276181 67.5 0
55.0843 69.7098 0
67.0737 67.56630000000001 1
54.6647 68.3519 0
55.0843 69.7098 1
44.87350000000001 65.8837 0
45.5859 64.66200000000001 0