53.086 57.2436 0
53.086 57.2436 1
69.3905 48.8288 0
68.08998419451441 49.5 1
16.39783661660406 49.5 0
20.63644969063767 46.5 1
100 46.5 0
100 49.5 1
69.74916317516266 49.5 0
83.75092590037343 55.5 1
72.95532981845236 55.5 0
71.35224649680751 52.5 1
100 52.5 0
100 53.34838845768768 1
86.8553 54.9152 1
89.1678 72.35839999999999 0
89.1678 72.51976662778972 1
89.1678 72.35839999999999 1
81.17740000000001 73.47219999999999 1
100 71.22859862938461 0
98.5 71.40739444164876 1
98.5 53.52718426995182 0
95.5 53.8847758944801 1
95.5 71.76498606617704 0
100 73.5 1
63.31455260724348 73.5 0
68.69511927088067 70.5 1
80.70314982888715 70.5 0
80.22446383422374 67.5 1
74.07568593451785 67.5 0
70.73560000000001 79.67529999999999 1
78.0461 82.4605 0
78.0327812544032 82.5 1
100 82.5 0
100 85.5 1
77.02123095591233 85.5 0
76.22739999999999 87.85429999999999 1
68.39070000000001 84.56319999999999 0
70.62138899759958 85.5 1
67.26107027726971 85.5 0
69.38049064219808 82.5 1
65.83517410810441 82.5 0
64.40927793893914 79.5 1
100 79.5 0
100 76.5 1
62.98338176977384 76.5 0
62.8493 76.21789999999999 1
51.7021 81.04089999999999 0
44.3560665038665 82.5 1
52.93559670008599 82.5 0
55.47174233798468 85.5 1
41.09093141735983 85.5 0
44.82640000000001 83.52080000000001 1
37.9966 87.1395 1
28.5353 83.327 0
33.92793079344263 85.5 1
0 85.5 0
0 88.5 1
58.00788797588336 88.5 0
60.35339999999999 91.27449999999999 1
68.4102 87.9177 0
67.01259673498569 88.5 1
100 88.5 0
100 100 1
0 100 0
0 97.5 1
100 97.5 0
100 94.5 1
0 94.5 0
0 91.5 1
100 91.5 0
92.5 54.2423675190084 1
92.5 72.12257769070533 0
89.5 72.48016931523361 1
89.5 54.59995914353668 0
86.8553 54.9152 1
78.46850000000001 56.49509999999999 0
78.78840585023354 58.5 1
74.5584131400972 58.5 0
76.16149646174205 61.5 1
79.26709184489695 61.5 0
79.74577783956036 64.5 1
77.76457978338689 64.5 0
78.15289999999999 65.22669999999999 1
62.3656 74.0291 0
62.07309537636651 73.5 1
52.39011508741119 73.5 0
52.4425 73.61590000000001 1
43.0151 79.58959999999999 0
43.15650232017008 79.5 1
55.2635183039602 79.5 0
47.89095500443611 76.5 1
62.19729396226415 76.5 0
60.41459250186172 70.5 1
51.03416394188552 70.5 0
49.61150000000001 67.35239999999999 0
49.30679312050518 67.5 1
34.70732739905611 67.5 0
35.70391890403775 70.5 1
43.11356386248026 70.5 0
33.71073589407446 64.5 1
57.09758675285217 64.5 0
58.75608962735694 67.5 1
49.67821279635986 67.5 0
49.61150000000001 67.35239999999999 1
37.84229999999999 73.05340000000001 0
36.7005104090194 73.5 1
38.04807613899418 73.5 0
39.6536 76.9845 1
28.5353 83.327 0
29.98501763500197 82.5 1
0 82.5 0
0 79.5 1
35.24396915254238 79.5 0
26.89211945258556 76.5 1
39.43036099565008 76.5 0
37.2201 75.0641 1
22.7405 77.0772 0
22.64171968833446 76.5 1
0 76.5 0
0 73.5 1
22.12830850504165 73.5 0
21.61489732174883 70.5 1
0 70.5 0
0 67.5 1
21.10148613845602 67.5 0
21.0229 67.04079999999999 1
33.1657 62.8593 0
28.4012154944398 64.5 1
0 64.5 0
0 61.5 1
55.43908387834739 61.5 0
53.7805810038426 58.5 1
0 58.5 0
10.10036959632984 40.5 1
0 40.5 0
0 43.5 1
12.15408070620413 43.5 0
14.20779181607843 46.5 1
0 46.5 0
0 49.5 1
16.26150292595273 49.5 0
16.306 49.565 1
38.1593 34.0977 0
36.2285045220758 31.5 1
100 31.5 0
100 28.5 1
77.77656888443786 28.5 0
77.58750000000001 27.394 1
88.63730000000001 24.2144 0
100 19.5 1
87.14818007947102 19.5 0
88.09577887498835 22.5 1
100 22.5 0
100 25.5 1
84.16956101396403 25.5 0
77.78380000000001 28.5423 1
63.1614 27.8024 1
74.8015 24.8855 0
72.34929339367136 25.5 1
31.768877595354 25.5 0
33.9986910587149 28.5 1
76.94783903230166 28.5 0
77.78380000000001 28.5423 0
63.1614 27.8024 0
46.815 10.3639 1
40.08410000000001 10.092 0
40.04049140023351 10.5 1
9.331001236108921 10.5 0
9.73484771622817 13.5 1
39.71983993136226 13.5 0
39.39918846249101 16.5 1
15.21294340692343 16.5 0
15.2099 16.456 0
14.59614576976422 16.5 1
10.13869419634742 16.5 0
10.1813 16.8165 1
15.2099 16.456 0
15.42044842442976 19.5 1
79.46416232037805 19.5 0
83.1088 13.4305 0
84.97125819547892 10.5 1
46.76238758901323 10.5 0
45.60267243133265 13.5 1
83.23304997421883 13.5 0
83.1088 13.4305 1
86.57599999999999 15.3699 0
86.60230000000001 17.7718 1
73.75389999999999 20.8825 0
74.177205770672 22.5 1
29.5390641319931 22.5 0
28.9828 21.7516 1
15.68581713151683 23.33656323508857 0
15.6279534419361 22.5 1
22.70412945518027 22.5 0
19.70651570567064 22.85730719013183 1
15.8438994840639 25.62203595926838 0
25.89070523522355 22.12016906337728 1
16.08704410468107 29.13729487019685 0
17.43966004324189 30.01378534114259 1
7.69609 36.9879 0
8.046658486455541 37.5 1
0 37.5 0
7.5 31.19856506851652 1
7.5 24.40948917780126 0
1.5 31.9137483175731 1
1.5 13.95836792391726 0
1.67826 19.9204 1
6.80338000059575 19.30950000436152 1
8.412479999999999 31.0898 1
0 32.09254412983725 0
0 34.5 1
11.17194738066328 34.5 0
15.36326220119058 31.5 1
4.971124231046156 31.5 0
4.5 31.55615669304481 1
4.5 19.58405646980118 0
6.80338000059575 19.30950000436152 1
6.803380000000001 19.3095 1
1.67826 19.9204 1
1.23979 5.255459999999999 1
8.515090000000001 4.43895 0
7.971119852665613 4.5 1
0 4.5 0
0 1.5 1
32.38572678535051 1.5 0
34.67359999999999 0.64219 1
28.651 2.90029 0
29.27891430989315 4.5 1
8.523308275870427 4.5 0
8.927154755989676 7.5 1
88.68459985904147 7.5 0
90.47750590587424 4.5 1
33.7763861000451 4.5 0
29.7178 5.618130000000001 1
35.5127 4.021649999999999 0
34.88658916720422 1.5 1
100 1.5 0
100 4.5 1
90.96373287699592 4.5 0
90.60839999999999 4.28098 1
94.29159999999999 6.55123 0
93.64221952208575 7.5 1
100 7.5 0
100 10.5 1
91.58888580185567 10.5 0
91.46109999999999 10.6867 1
89.33940000000001 9.777670000000001 1
90.91327929477808 10.75199869864351 1
91.46109999999999 10.6867 0
89.33940000000001 9.777670000000001 1
88.11539999999999 8.45242 1
87.83162828840557 8.330839663953114 1
86.22839999999999 8.521940000000001 1
89.4306 10.5043 1
90.20561435513756 10.83635038377277 1
90.91327929477808 10.75199869864351 0
87.67305206757646 13.5 1
100 13.5 0
100 16.5 1
44.44295727365208 16.5 0
38.1593 34.0977 0
37.5909019867721 34.5 1
81.83365479372458 34.5 0
81.12469999999999 34.8828 1
82.08090000000001 34.3665 0
82.1733621135327 34.5 1
100 34.5 0
100 37.5 1
84.25116241763811 37.5 0
86.32896272174355 40.5 1
100 40.5 0
100 43.5 1
24.87506276467128 43.5 0
29.11367583870488 40.5 1
82.82366521843718 40.5 0
81.91629221136756 37.5 1
33.35228891273849 37.5 0
62.27719006987688 52.5 1
0 52.5 0
0 55.5 1
56.46439594523935 55.5 0
53.086 57.2436 0