45.41759999999999 52.7629 0
46.5 52.32075666675583 1
46.5 100 0
43.5 100 1
43.5 74.26885194198675 0
40.5 73.89914607853638 1
40.5 100 0
37.5 100 1
37.5 73.52944021508603 0
34.5 73.15973435163565 1
34.5 100 0
31.5 100 1
31.5 72.79002848818527 0
28.5 72.42032262473489 1
28.5 100 0
22.5 100 1
22.5 0 0
19.5 0 1
19.5 100 0
25.5 100 1
25.5 72.05061676128452 0
24.957 71.9837 1
26.8539 51.9042 0
29.1833695848316 48.81642887936933 1
29.0158 46.84984817285485 0
13.5 49.48769181775185 1
13.5 13.80652638285556 0
10.5 20.51201905687816 1
10.5 100 0
7.5 100 1
7.5 27.21751173090076 0
5.99676 30.5775 0
1.0652 27.9299 0
1.5 25.23339423753811 1
1.5 0 0
4.5 0 1
4.5 9.843777416355032 0
3.99433 9.76427 1
1.0652 27.9299 0
1.5 28.16333049258247 1
1.5 100 0
4.5 100 1
4.5 29.77393646716252 0
5.99676 30.5775 1
14.5649 11.4263 0
7.5 10.31547288783859 1
7.5 0 0
10.5 0 1
10.5 10.78716835932216 0
13.5 11.25886383080572 1
13.5 0 0
16.5 0 1
16.5 51.31979019391456 0
17.043 51.6514 1
19.0583 54.34269999999999 0
17.4458 57.0697 0
16.5 56.49778041413917 1
16.5 100 0
13.5 100 1
13.5 54.68369841204307 0
25.5 66.23581213031792 1
25.5 0 0
28.5 0 1
28.5 52.12361556978304 0
29.0158 51.74632265344384 1
38.6087 53.02500050981452 0
38.6087 53.47104657049131 1
38.6087 54.1638221145674 1
37.5843 53.33450000000001 1
38.6087 53.47104657049131 0
39.51855391022487 43.37688041074779 1
40.18085947891394 55.43659312539334 0
43.32517843674184 57.98213514704521 1
43.00183013187215 52.09438808912086 0
42.4002 51.92789999999999 1
38.48820000000001 40.3194 1
38.48820000000001 46.29105359565807 1
37.50320000000001 28.3555 0
38.48820000000001 40.3194 1
39.53570000000001 34.7775 0
40.5 34.37555324358486 1
40.5 0 0
43.5 0 1
43.5 33.12507074929324 0
46.5 31.87458825500163 1
46.5 0 0
49.5 0 1
49.5 30.62410576071002 0
52.5 29.3736232664184 1
52.5 0 0
37.5 0 1
37.5 28.35581169027029 0
34.5 28.6480213186606 1
34.5 0 0
31.5 0 1
31.5 28.94023094705092 0
29.0158 29.1822 1
29.0158 48.79409282692164 1
30.7061 49.0194 1
38.6087 48.48520000000001 0
38.6087 49.99846683660483 1
31.07596925055508 48.99439757628546 0
55.5 61.56237547018108 1
55.5 48.64439857437077 0
58.5 47.41894587690909 1
58.5 65.1658499305785 0
55.9389 61.24469999999999 1
58.9639 65.87610000000001 0
58.5 66.16196057656435 1
58.5 100 0
61.5 100 1
61.5 22.67989415813953 0
61.2111 22.6795 1
58.2711 13.8814 0
58.5 14.56639492857141 1
58.5 41.14524012578615 0
67.5 25.21242872904703 1
67.5 86.19427723974914 0
72.4042 83.58930000000001 0
77.18729999999999 82.89179999999999 0
83.21770000000001 83.76249999999999 0
97.5 88.23133873296959 1
97.5 0 0
100 0 1
100 100 0
97.5 100 1
97.5 94.36347718463639 0
96.90690000000001 96.17089999999999 0
91.94130000000001 94.51650000000001 1
98.06270000000001 87.5951 0
99.47139999999999 88.35579999999999 1
96.90690000000001 96.17089999999999 0
94.5 95.36898777187048 1
94.5 100 0
91.5 100 1
91.5 0 0
94.5 0 1
94.5 91.62340590714544 0
83.21770000000001 83.76249999999999 0
79.5 83.22571945642079 1
79.5 41.36201158659669 0
60.3724 46.6541 1
54.2509 28.6438 0
55.5 32.31882503144652 1
55.5 0 0
58.5 0 1
58.5 13.80620923684423 0
61.5 12.82074707228625 1
61.5 0 0
64.5 0 1
64.5 11.916285803202 0
64.47559999999999 11.8433 1
67.2551 20.1574 0
70.5 20.51740921186155 1
70.5 0 0
67.5 0 1
67.5 22.94013161574022 0
64.5 21.72677807288729 1
64.5 100 0
65.08529999999999 99.77430000000001 1
76.00040000000001 99.77430000000001 0
76.5 100 1
76.5 87.21985951226856 0
79.5 87.70587486677707 1
79.5 100 0
82.5 100 1
82.5 88.19189022128558 0
82.7303 88.22919999999999 1
83.21770000000001 83.76249999999999 0
82.5 83.65887480266647 1
82.5 40.97467450049894 0
85.5 40.58733741440118 1
85.5 100 0
88.5 100 1
88.5 40.20000032830342 0
90.39680000000001 39.9551 0
91.3922 36.24639999999999 1
88.35149999999999 23.5026 0
88.5 24.12497455191236 1
88.5 0 0
85.5 0 1
85.5 23.86704326085657 0
82.5 24.25046594455628 1
82.5 17.20214100395084 0
82.69210000000001 17.3346 1
84.97499999999999 13.6592 0
82.5 12.16842095704814 1
82.5 0 0
79.5 0 1
79.5 12.35533266641595 0
79.48269999999999 12.3712 0
78.56639999999999 14.4898 0
79.5 15.13354658361005 1
79.5 24.63388862825597 0
76.5 25.01731131195568 1
76.5 0 0
73.5 0 1
73.5 25.40073399565538 0
73.29839999999999 25.4265 1
77.2687 41.65009999999999 0
76.5 38.50900705488247 1
76.5 85.55427523636365 0
77.18729999999999 82.89179999999999 1
76.0873 87.15299999999999 0
73.5 87.39705416828872 1
73.5 26.25028605143186 0
70.5 24.05812711585642 1
70.5 84.60075908811433 0
72.4042 83.58930000000001 1
76.00040000000001 96.0856 0
76.00040000000001 97.65333587334047 1
73.95706572092359 98.27430000000001 0
76.00040000000001 98.27430000000001 1
68.79830000000001 98.27430000000001 0
67.21208789191499 98.27430000000001 1
65.08529999999999 92.08960310149129 0
65.08529999999999 87.4769 1
65.08529999999999 98.27430000000001 0
49.5 100 1
49.5 51.09530396929414 0
52.5 49.86985127183246 1
52.5 64.03237934550032 0
53.0783 63.3152 1
51.4893 65.28579999999999 1
55.0193 69.57169999999999 1
56.0154 67.69300000000001 0
55.5 68.66507306495333 1
55.5 100 0
52.5 100 1
52.5 66.5129272322946 0
43.62860000000001 74.28469999999999 1
45.23220000000001 59.526 1
45.23220000000001 52.71159457148538 0
45.41759999999999 52.7629 0