64.5 67.5 0
64.5 67.5 1
64.5 73.5 1
58.5 73.5 1
58.5 74.5 0
58.5 86 1
86.5 86 0
86.5 87 1
58.5 87 0
58.5 88 1
86.5 88 0
86.5 89 1
58.5 89 0
58.5 90 1
86.5 90 0
86.5 91 1
58.5 91 0
58.5 94 1
83.5 94 0
83.5 93 1
58.5 93 0
58.5 92 1
83.5 92 0
58.5 85.5 0
58.5 74.5 1
58.5 85.5 1
59.5 85.5 1
86.5 85.5 1
86.5 84.5 1
86.5 49.5 1
85.5 49.5 0
86 49.5 1
86 41.5 0
87 41.5 1
87 94.5 0
88 94.5 1
88 41.5 0
89 41.5 1
89 94.5 0
90 94.5 1
90 41.5 0
91 41.5 1
91 94.5 0
92 94.5 1
92 41.5 0
93 41.5 1
93 94.5 0
94 94.5 1
94 41.5 0
85 41.5 1
85 49.5 0
85.5 49.5 1
84.5 49.5 1
84.5 50.5 1
84.5 52.5 1
62.5 52.5 0
63 52.5 1
63 22.5 0
64 22.5 1
64 52.5 0
65 52.5 1
65 22.5 0
66 22.5 1
66 52.5 0
67 52.5 1
67 22.5 0
67.5 22.5 1
25.5 22.5 1
25.5 60.5 1
50.5 60.5 0
50.5 70.5 1
50.5 60.5 0
29 60.5 1
29 22.5 0
28 22.5 1
28 60.5 0
26 60.5 1
26 22.5 0
27 22.5 1
27 60.5 0
30 60.5 1
30 22.5 0
31 22.5 1
31 60.5 0
32 60.5 1
32 22.5 0
33 22.5 1
33 60.5 0
34 60.5 1
34 22.5 0
35 22.5 1
35 60.5 0
36 60.5 1
36 22.5 0
37 22.5 1
37 60.5 0
38 60.5 1
38 22.5 0
39 22.5 1
39 60.5 0
40 60.5 1
40 22.5 0
41 22.5 1
41 60.5 0
42 60.5 1
42 22.5 0
43 22.5 1
43 60.5 0
44 60.5 1
44 22.5 0
45 22.5 1
45 60.5 0
46 60.5 1
46 22.5 0
47 22.5 1
47 60.5 0
48 60.5 1
48 22.5 0
49 22.5 1
49 60.5 0
50 60.5 1
50 22.5 0
51 22.5 1
51 120.5 0
52 120.5 1
52 22.5 0
53 22.5 1
53 120.5 0
54 120.5 1
54 22.5 0
55 22.5 1
55 114.1996094703209 0
56 112.9496094703209 1
56 22.5 0
57 22.5 1
57 111.6996094703209 0
57.5 111.0746094703209 1
57.5 110.5 1
57.95968757625672 110.5 1
54.50000000000001 114.8246094703209 1
54.5 116.5 0
55 116.5 1
55 120.5 0
54.5 116.5 1
55.5 116.5 1
55.5 120.5 1
50.5 120.5 1
50.5 133.5 0
55 133.5 1
55 143.5 0
56 143.5 1
56 133.5 0
58 133.5 1
58 143.5 0
57 143.5 1
57 133.5 0
54 133.5 1
54 143.5 0
53 143.5 1
53 133.5 0
52 133.5 1
52 143.5 0
51 143.5 1
51 133.5 0
50.5 133.5 1
58.5 133.5 1
58.5 143.5 1
45.5 143.5 1
45.5 139.5 1
21.5 139.5 1
21.5 132.5 1
32.5 132.5 1
32.5 135.5 0
32.5 134 1
21.5 134 0
21.5 133 1
32.5 133 0
21.5 135 1
32.5 135 0
32.5 135.5 1
44.5 135.5 1
44.5 124.5 1
28.5 124.5 1
28.5 100.5 1
24.5 100.5 1
24.5 76.5 1
27.5 76.5 1
27.5 72.5 1
25.5 72.5 1
25.5 70.5 1
50.5 70.5 0
50 70.5 1
50 143.5 0
44.5 136 1
21.5 136 0
21.5 137 1
44.5 137 0
44.5 138 1
21.5 138 0
21.5 139 1
44.5 139 0
45 139.5 1
45 70.5 0
44 70.5 1
44 124.5 0
43 124.5 1
43 70.5 0
42 70.5 1
42 124.5 0
41 124.5 1
41 70.5 0
40 70.5 1
40 124.5 0
39 124.5 1
39 70.5 0
38 70.5 1
38 124.5 0
37 124.5 1
37 70.5 0
36 70.5 1
36 124.5 0
35 124.5 1
35 70.5 0
34 70.5 1
34 124.5 0
33 124.5 1
33 70.5 0
32 70.5 1
32 124.5 0
31 124.5 1
31 70.5 0
30 70.5 1
30 124.5 0
29 124.5 1
29 70.5 0
27.5 72 1
25.5 72 0
25.5 71 1
27.5 71 0
28 70.5 1
28 100.5 0
27 100.5 1
27 76.5 0
25 76.5 1
25 100.5 0
26 100.5 1
26 76.5 0
27.5 76.5 0
46 70.5 1
46 143.5 0
47 143.5 1
47 70.5 0
48 70.5 1
48 143.5 0
49 143.5 1
49 70.5 0
50.5 70.5 0
61 73.5 1
61 22.5 0
60 22.5 1
60 73.5 0
59 73.5 1
59 22.5 0
58 22.5 1
58 94.5 0
57.5 94.5 1
57.5 110.5 0
57.5 94.5 1
83.5 94.5 1
83.5 91.5 1
86.5 91.5 1
86.5 94.5 1
122.5 94.5 1
122.5 51.5 1
114.5 51.5 0
115 51.5 1
115 77.5 0
116 77.5 1
116 51.5 0
117 51.5 1
117 77.5 0
118 77.5 1
118 51.5 0
121 51.5 1
121 94.5 0
122 94.5 1
122 51.5 0
120 51.5 1
120 94.5 0
119 94.5 1
119 51.5 0
114.5 51.5 1
114.5 41.5 0
122 41.5 1
122 18.5 0
123 18.5 1
123 41.5 0
125 41.5 1
125 18.5 0
124 18.5 1
124 41.5 0
121 41.5 1
121 18.5 0
120 18.5 1
120 41.5 0
119 41.5 1
119 18.5 0
118 18.5 1
118 41.5 0
117 41.5 1
117 18.5 0
116 18.5 1
116 41.5 0
115 41.5 1
115 18.5 0
114.5 25 1
106.5 25 0
106.5 26 1
114.5 26 0
114.5 27 1
106.5 27 0
106.5 28 1
114.5 28 0
114.5 28.5 1
114.5 33.5 1
106.5 33.5 0
106 30.5 1
106 72.5 0
105 72.5 1
105 30.5 0
104 30.5 1
104 72.5 0
103 72.5 1
103 30.5 0
102 30.5 1
102 72.5 0
101 72.5 1
101 22.5 0
100 22.5 1
100 72.5 0
99 72.5 1
99 22.5 0
98 22.5 1
98 72.5 0
97.5 72.5 1
103.5 72.5 1
106.5 72.5 1
107.5 72.5 0
108 74.5 1
108 33.5 0
109 33.5 1
109 74.5 0
110 74.5 1
110 33.5 0
111 33.5 1
111 74.5 0
112 74.5 1
112 33.5 0
113 33.5 1
113 77.5 0
114 77.5 1
114 33.5 0
114.5 33.5 0
114.5 28.5 1
106.5 28.5 1
106.5 24.5 1
114.5 24.5 1
114.5 18.5 1
125.5 18.5 1
125.5 41.5 1
114.5 41.5 0
101.5 30.5 0
95 22.5 1
95 94.5 0
96 94.5 1
96 22.5 0
97 22.5 1
97 94.5 0
97.5 94 1
118.5 94 0
118.5 93 1
97.5 93 0
97.5 92 1
118.5 92 0
118.21537451386 90.5 1
118.5 90.26281209488334 0
118.5 91 1
97.5 91 0
97.5 72.5 1
97.5 73.5 1
97.5 90.5 1
98.5 90.5 1
106.5 90.5 1
118.5 90.5 1
118.5 80.5 1
106.5 90.5 0
98.5 90.5 0
106.5 90.5 0
108.843074902772 90.5 1
118.5 82.45256241897667 0
118.5 83.75427069829445 1
110.4051248379534 90.5 0
111.9671747731347 90.5 1
118.5 85.05597897761223 0
118.5 86.35768725692998 1
113.529224708316 90.5 0
115.0912746434973 90.5 1
118.5 87.65939553624779 0
118.5 88.96110381556554 1
116.6533245786786 90.5 0
107.2810249675907 90.5 1
118.5 81.15085413965889 0
118.5 80.5 1
118.5 79.5 1
118.5 77.5 1
117.5 77.5 1
112.5 77.5 1
112.5 74.5 1
111.5 74.5 1
107.5 74.5 1
107.5 72.5 0
107 72.5 1
107 33.5 0
106.5 33.5 1
106.5 30.5 1
101.5 30.5 1
101.5 22.5 1
94.5 22.5 1
94.5 41.5 1
82.5 41.5 1
82.5 30.5 0
77.5 37.5 0
77 37.5 1
77 52.5 0
79 52.5 1
79 18.5 0
80 18.5 1
80 52.5 0
81 52.5 1
81 18.5 0
82 18.5 1
82 52.5 0
83 52.5 1
83 41.5 0
84 41.5 1
84 52.5 0
78 52.5 1
78 18.5 0
84.5 23.5 0
85 23.5 1
85 30.5 0
87 30.5 1
87 23.5 0
86 23.5 1
86 30.5 0
84 30.5 1
84 18.5 0
83 18.5 1
83 30.5 0
82.5 30.5 1
87.5 30.5 1
87.5 23.5 1
84.5 23.5 1
84.5 18.5 1
77.5 18.5 1
77.5 37.5 1
68.5 37.5 1
68.5 30.5 1
72.5 30.5 1
72.5 17.5 1
67.5 17.5 1
67.5 22.5 0
68 17.5 1
68 52.5 0
69 52.5 1
69 37.5 0
70 37.5 1
70 52.5 0
71 52.5 1
71 37.5 0
72 37.5 1
72 52.5 0
75 52.5 1
75 37.5 0
76 37.5 1
76 52.5 0
74 52.5 1
74 37.5 0
73 37.5 1
73 52.5 0
68.5 37.5 0
68.5 30.5 0
69 30.5 1
69 17.5 0
70 17.5 1
70 30.5 0
72 30.5 1
72 17.5 0
71 17.5 1
71 30.5 0
62 22.5 1
62 73.5 0
63 73.5 1
63 67.5 0
63.5 67.5 0
62.5 67.5 1
62.5 53.5 1
62.5 52.5 0
62.5 67.5 1
63.5 67.5 1
64.5 67.5 0
64 67.5 1
64 73.5 0
64.5 67.5 0