21.4672 49.1216
18.3833 44.2983
10.5484 48.9196
14.1051 54.7065
18.3212 52.5781
18.0911 51.2563

37.157 80.5683
35.1098 71.4935
15.3976 77.9256
17.3493 84.9591
28.245 81.8743

56.09 11.4941
39.369 3.41935
35.0502 8.56775
44.852 13.501
50.0627 17.5588

49.2571 61.8451
45.7237 56.3329
39.6548 60.09
43.0856 65.5399

61.3158 50.5709
55.7631 52.9005
59.2589 59.6406

80.0325 82.3801
75.9029 63.3838
74.0624 61.6962
63.1877 77.2002
76.9531 86.8564

85.6693 6.88875
74.6494 6.66238
73.3448 16.1865
83.6588 16.4537

95.0128 21.8106
92.6037 18.7208
88.7918 27.006
89.7227 27.5664