47.46510000000001 58.8657 0
53.5 65.64301839140799 1
53.5 71.92201521361085 0
54.1212 71.6602 1
58.762 89.05199999999999 0
56.5 89.66906075828251 1
56.5 100 0
59.5 100 1
59.5 63.50914769804598 0
59.9024 63.24509999999999 1
59.1405 61.7623 0
59.5 62.46195428533929 1
59.5 18.90185557806303 0
61.4473 18.1483 0
59.5 16.67140635255388 1
59.5 0 0
62.5 0 1
62.5 100 0
65.26480000000001 98.60597614283225 1
82.6413 93.26105737828814 0
82.6413 91.6917 1
80.774 84.92169999999999 0
80.5 85.00787223325511 1
80.5 78.1918934789411 0
83.5 77.13544438951124 1
83.5 100 0
86.5 100 1
86.5 76.07899530008135 0
77.5 79.24834256837099 1
77.5 85.95136383823794 0
74.5 86.89485544322079 1
74.5 72.40350680908884 0
76.74760000000001 79.51329999999999 1
74.09819999999999 71.13249999999999 0
74.5 70.99278667677319 1
74.5 7.498071389275816 0
70.53059999999999 6.454280000000001 1
71.60599999999999 2.68285 0
71.5 2.655768851801001 1
71.5 3.054592216849544 0
70.53059999999999 2.408104087045248 1
70.53059999999999 0 1
84.93469999999999 0 1
84.93469999999999 6.088100000000001 1
84.17080000000001 10.0411 0
83.5 9.864706775853726 1
83.5 67.86331950643671 0
90.1934 65.5359 1
92.72659999999999 73.88630000000001 0
92.5 73.96609712122159 1
92.5 100 0
95.5 100 1
95.5 0 0
98.5 0 1
98.5 100 0
89.5 100 1
89.5 75.02254621065148 0
92.72659999999999 73.88630000000001 0
92.5 73.13933938102005 1
92.5 0 0
89.5 0 1
89.5 65.77700805954569 0
86.5 66.82016378299122 1
86.5 0 0
84.93469999999999 1.443560809149911 1
79.28436919993644 0 0
84.93469999999999 4.539920269716637 1
70.53059999999999 0.8599243567618853 0
68.5 0 1
68.5 57.12857071323673 0
71.5797 56.23480000000001 0
71.5 56.25793002105561 1
71.5 6.70919292708318 0
70.53059999999999 6.454280000000001 0
65.5 0 1
65.5 89.72533025816935 0
65.26480000000001 89.79929999999999 1
67.04220000000001 96.48990000000001 0
70.9368453105256 100 1
82.6413 96.39977213486443 0
81.14090628324647 100 1
82.6413 99.53848689144073 0
82.6413 100 1
65.26480000000001 100 1
65.26480000000001 97.0366187645441 0
65.5 96.96427249841338 1
65.5 90.68465451783504 0
56.5 80.57495905878298 1
56.5 65.47769415465123 0
68.5 61.26958863366491 1
68.5 88.7818386531865 0
71.5 87.83834704820364 1
71.5 60.87060866442157 0
72.23920000000001 60.7723 1
71.5797 56.23480000000001 0
80.5 68.9064752298822 1
80.5 9.075828313661091 0
77.5 8.286949851468453 1
77.5 69.9496309533277 0
54.51349999999999 66.78120000000001 1
49.3609 60.9947228846263 0
49.3609 61.37265106411422 1
45.97204714598767 59.83558268075761 0
47.46510000000001 58.8657 0