47.46510000000001 58.8657 0
43.8173 61.2353 1
37.42310000000001 58.33510837756872 0
40.96644981924857 59.94225132916986 1
37.42310000000001 55.23512981754322 0
27.9318 40.63379999999999 1
43.0582 24.5488 0
43.60850625921503 25.04447727088721 1
44.72329999999999 23.85903610044836 0
44.72329999999999 26.0486052628578 1
44.72329999999999 13.22171473059077 1
51.2543 11.1816 0
51.2543 7.869378733092779 1
47.25712372530968 0 0
51.2543 1.244936199278336 1
50.62194646765161 0 0
51.2543 0 1
51.2543 15.18128259592167 0
55.61499999999999 13.7249 0
56.5 14.39611187181729 1
56.5 0 0
53.5 0 1
53.5 14.43126576475665 0
51.2543 13.59983719195534 1
44.72329999999999 15.78105459603368 0
44.72329999999999 15.10075945081061 1
27.9318 32.95638124449582 0
27.9318 37.3355195693147 1
44.72329999999999 19.47989777562948 0
39.92287939019788 15.82625709414457 1
27.9318 28.57724291967695 0
23.5 30.74965155114533 1
23.5 76.76329031670431 0
21.6498 79.37960000000001 1
26.9197 71.92760000000001 0
26.5 72.52108458225013 1
26.5 27.96940050963315 0
27.9318 26.6424793625541 1
27.9318 40.63379999999999 0
29.5 41.91080983171742 1
29.5 73.84780270547944 0
26.9197 71.92760000000001 0
8.4129 73.7663 1
6.10243 65.13849999999999 0
5.5 65.29983712397453 1
5.5 0 0
8.5 0 1
8.5 100 0
5.5 100 1
5.5 74.45738551439868 0
3.60447 74.90710000000001 1
1.933 69.3261 0
2.5 71.2192999976069 1
2.5 100 0
0 100 1
0 0 0
2.5 0 1
2.5 66.10326884537551 0
1.78856 66.2938 0
2.5 68.00436577170981 1
2.5 69.12162102320121 0
2.90407 68.9759 1
1.78856 66.2938 0
21.487 32.6152 1
19.0132 16.5974 0
20.5 26.22439694397283 1
20.5 100 0
14.5 100 1
14.5 0 0
11.5 0 1
11.5 100 0
17.5 100 1
17.5 0 0
20.5 0 1
20.5 15.36943875071595 0
23.5 12.89171225902092 1
23.5 0 0
26.5 0 1
26.5 10.4139857673259 0
27.9175 9.243259999999999 1
30.1603 11.81182738722229 1
36.3212 18.8676 0
30.1603 11.81182738722229 1
30.1603 3.80747 0
31.81214638374842 1.259711721364658 1
30.1603 2.117345138124987 0
30.1603 1.398960051393479 1
30.1603 0 1
46.75559490532862 0 1
30.1603 1.398960051393479 0
29.5 0 1
29.5 11.05561860989802 0
30.1603 7.440957192696795 1
34.27977310680328 16.52965522504742 0
36.5218 17.8427 1
43.8622 13.4907 0
44.72329999999999 17.3625 1
47.3779 23.5928 0
47.5 23.54555040513455 1
47.5 28.54966182004789 0
56.5 20.06277928483091 1
56.5 60.09741294773337 0
53.5 58.20585409266809 1
53.5 21.22370299159879 0
50.5 22.38462669836667 1
50.5 56.31429523760281 0
47.5 54.42273638253751 1
47.5 30.00811479191964 0
46.5078 30.88 0
41.5 34.27352632265634 1
41.5 50.63961867240694 0
44.5 52.53117752747222 1
44.5 30.94753237081913 0
45.2089 30.1616 1
35.3216 41.1233 0
35.5 40.92551422633075 1
35.5 41.25905650724185 0
36.2813 41.8536 1
33.5117 45.1776 0
32.5 44.35375683793616 1
32.5 76.08033695205481 0
33.3437 76.70820000000001 1
31.08167536766404 79.8055355922975 1
27.6726 84.4735 1
27.6726 89.64784583956154 1
25.9292 94.68119999999999 0
26.5 94.83744865449489 1
26.5 100 0
23.5 100 1
23.5 80.94444256159926 0
26.5 83.48175079033007 1
26.5 93.03324855180782 0
27.6726 85.06478896212965 1
28.06216588880396 83.94007685522573 0
30.5453 81.35409999999999 1
31.08167536766404 79.8055355922975 0
32.5 77.86345799403995 1
32.5 82.07662428707354 0
34.2238 82.71379999999999 1
29.8125 95.74420000000001 0
29.5 95.65865742023536 1
29.5 100 0
32.5 100 1
32.5 87.80567847573278 0
41.5 100 1
41.5 66.17875154761163 0
38.5 64.90640926698637 1
38.5 100 0
35.5 100 1
35.5 42.79129540727902 0
36.2813 41.8536 0
38.5 37.59952027449354 1
38.5 51.9155902670215 0
37.42310000000001 52.741 1
37.42310000000001 59.18203233641678 1
37.9447 59.76779999999999 1
36.5887 64.0958 0
37.5279615145076 59.29979400120379 1
49.3609 64.66681240293815 0
49.3609 64.94579999999999 1
47.82859999999999 68.86279999999999 0
47.5 68.72343610886219 1
47.5 100 0
44.5 100 1
44.5 67.45109382823691 0
50.5 80.18327527152496 1
50.5 100 0
53.5 100 1
53.5 89.6464151573403 0
53.7454 90.4205 1
48.5433 74.0111 0
50.5 73.18641579447461 1
50.5 62.2739559091425 0
47.46510000000001 58.8657 0