53.10939999999999 42.0646 0
56.5 33.42276612568658 1
56.5 90.90189679770751 0
58.5626 91.6078 1
58.5626 93.54304232077612 1
54.5706 95.73570000000001 1
58.5626 91.6078 0
62.5 100 1
62.5 0 0
65.5 0 1
65.5 100 0
68.5 100 1
68.5 0 0
71.5 0 1
71.5 100 0
74.5 100 1
74.5 0 0
77.5 0 1
77.5 100 0
80.5 100 1
80.5 39.72573841886269 0
79.95330000000001 39.51779999999999 1
81.37440000000001 35.06529999999999 0
83.5 36.04013676297255 1
83.5 0 0
80.5 0 1
80.5 37.80491438322426 0
79.95330000000001 39.51779999999999 0
83.5 40.86679431165228 1
83.5 100 0
86.5 100 1
86.5 0 0
89.5 0 1
89.5 100 0
92.5 100 1
92.5 0 0
95.5 0 1
95.5 100 0
98.5 100 1
98.5 0 0
50.5 21.7848155905177 1
50.5 88.84845976980347 0
53.5 89.8751782837555 1
53.5 39.46237423044165 0
53.10939999999999 42.0646 0