41.1966 69.7395
34.9823 62.9182
15.7005 79.0213
22.4939 86.645

27.8717 22.4463
23.1487 20.6828
20.8986 26.6845
22.859 27.5994
24.9842 28.5545

43.5975 10.7788
43.0404 3.94461
27.9683 4.01863
28.3351 10.9989

57.54 3.15146
53.8195 2.79628
53.2094 7.2007
56.9298 7.55588

74.7729 72.5607
72.2483 66.6363
65.5696 69.3072
68.1856 75.3094

80.8897 55.1767
77.6005 50.9024
76.1733 51.657
73.6201 48.164
68.3506 51.7272
74.3882 59.3105

76.9917 31.8222
76.3259 30.8357
70.2416 28.5361
68.3548 34.9184
74.8901 37.753

91.4142 36.5923
91.0747 29.8254
85.8839 32.1457
86.041 37.313