24.2585 34.1373
18.7743 28.6626
5.91534 41.204
11.4899 46.6358

22.8832 15.3897
18.7292 4.68432
12.6328 7.63365
18.7436 21.4268

24.1333 69.5995
10.0444 64.2056
11.4057 71.3979
21.9254 76.0018

32.5588 44.5938
24.7533 44.3221
24.4717 51.5277
31.974 51.6044

49.2563 31.2898
44.4895 25.9044
39.7533 28.1179
30.6186 35.9412
33.5248 40.4814

52.6466 2.50456
35.8379 2.94999
36.1 10.6713
48.1108 9.69683
52.4667 4.89781

46.3819 68.1927
39.5843 59.5162
31.3839 64.5325
37.7032 72.6882

74.3273 21.7021
50.9689 22.6231
51.4142 30.7603
74.1477 30.5779

62.5122 16.2779
61.2738 15.7618
61.2871 11.7674
55.5622 11.7772
55.2507 20.8681
62.0423 20.9773

63.2662 88.2347
55.3019 84.1916
53.2804 88.1738
56.0216 89.135
55.6336 90.0916
60.9036 92.5753

68.6647 45.837
67.2445 44.0373
63.3481 47.5762
65.0983 49.7636

99.3546 56.4993
85.2451 56.9961
85.2391 62.6514
99.3486 62.1546

99.1662 30.3636
94.0696 29.2824
95.2685 17.5315
87.81 16.8759
85.3208 30.1275
90.3105 30.8865
88.898 41.9931
96.6782 42.8102

97.9464 12.6652
94.676 9.45143
91.1685 14.1769
94.2697 16.3172