45.02889999999999 47.878 0
59.16214260845851 58.5 1
82.07665054170283 58.5 0
82.7594 59.0941 1
77.2011 54.25749999999999 1
82.14959999999999 50.23180000000001 0
84.32424104335956 52.5 1
100 52.5 0
100 55.5 1
86.10540238403297 55.5 0
83.31248979058847 58.5 1
100 58.5 0
100 61.5 1
62.33203021213821 61.5 0
62.8169 60.6229 1
55.2414 56.2226 1
54.48361378179442 57.6065 1
44.4577 57.6065 1
36.0335 61.5402 1
25.74186640292603 61.5402 1
15.1414 58.2017 0
14.9382175117527 58.5 1
0 58.5 0
0 61.5 1
12.89481333896724 61.5 0
10.85140916618179 64.5 1
0 64.5 0
0 67.5 1
8.808004993396324 67.5 0
7.766550000000001 69.029 1
32.61539999999999 77.233 1
36.4106 64.90020000000001 0
36.950028580725 63.49745560933125 1
30.73531468866138 61.5402 0
36.11959015430766 61.5 1
25.61422262596103 61.5 0
16.08856762857355 58.5 1
42.54422853547551 58.5 0
44.4577 57.6065 0
45.93283702226825 57.6065 1
45.17592921111263 58.98879581733311 0
46.23860000000001 61.03400000000001 1
37.7367 65.17740000000001 0
38.59629826874466 64.75847488129517 1
33.70577052720358 73.68975547062178 0
32.61539999999999 77.233 1
43.73667309849951 77.233 0
43.26158583821871 62.48484751384098 1
35.18589633897334 77.233 0
38.60620704278381 77.233 1
49.35314772607872 57.6065 0
52.77345842988919 57.6065 1
42.02651774659428 77.233 0
42.49532520004439 79.5 1
0 79.5 0
1.796336370273508 81.2131 1
5.329716817329894 89.32679999999999 0
2.057590451989681 89.32679999999999 1
0 84.60195593057159 0
0 76.5 1
30.39523824353972 76.5 0
21.30862805338858 73.5 1
0 73.5 0
0 70.5 1
12.22201786323743 70.5 0
13.56221600198095 85.5 1
75.65535474260395 85.5 0
74.2050484738694 82.5 1
50.72301693531966 82.5 0
49.5138 84.6874 1
41.9178 80.5547 0
45.49330724707818 82.5 1
12.72523636496053 82.5 0
12.3662 81.2131 1
4.023960000000001 82.57149999999999 0
3.992822947611503 82.5 1
4.463057585394608 82.5 0
3.432399552943615 81.2131 1
0 81.2131 1
0 89.32679999999999 1
6.965780000000001 89.32679999999999 1
14.2816 88.07849999999999 0
11.8113459504927 88.5 1
100 88.5 0
100 100 1
0 100 0
0 97.5 1
100 97.5 0
100 94.5 1
0 94.5 0
0 91.5 1
100 91.5 0
100 85.5 1
79.37198463276837 85.5 0
76.4537 87.1514 1
83.64779999999999 83.0804 0
83.33132750202685 82.5 1
100 82.5 0
100 79.5 1
81.69552892532204 79.5 0
80.05973034861725 76.5 1
100 76.5 0
100 73.5 1
55.69830833967048 73.5 0
54.03987787155353 76.5 1
77.50722507496343 76.5 0
79.41069999999999 75.30969999999999 1
72.74430000000001 79.47839999999999 0
72.75474220513487 79.5 1
52.3814474034366 79.5 0
57.35673880778741 70.5 1
100 70.5 0
100 67.5 1
59.01516927590434 67.5 0
60.67359974402127 64.5 1
100 64.5 0
100 49.5 1
45.37775888397658 49.5 0
46.02299726371132 52.5 1
79.36146683061332 52.5 0
77.2011 54.25749999999999 0
78.62900136666252 55.5 1
46.37571377887789 55.5 0
46.6489 55.4101 1
37.4414 58.4401 0
36.72168529464126 55.5 1
0 55.5 0
0 52.5 1
7.419711977638014 52.5 0
6.873519999999999 50.26430000000001 1
18.211 47.47280000000001 0
19.7559 50.946 0
14.43795087365205 52.5 1
35.98730751290725 52.5 0
35.9289 52.26139999999999 1
40.09099999999999 51.07940000000001 0
39.88148574106474 49.5 1
19.11271060693308 49.5 0
19.7559 50.946 1
7.887359999999999 54.41419999999999 0
6.873519999999999 50.26430000000001 0
9.977670443847405 49.5 1
0 49.5 0
0 46.5 1
100 46.5 0
100 43.5 1
34.64361510564963 43.5 0
33.5699 44.66370000000001 0
31.23430781414994 43.5 1
0 43.5 0
0 40.5 1
27.6368609106495 40.5 0
29.5785 42.675 1
33.5699 44.66370000000001 0
39.87869999999999 49.479 1
45.02889999999999 47.878 0
45.02889999999999 47.878 0