45.02889999999999 47.878 0
45.29259999999999 30.9842 0
45.14673013392064 28.5 1
100 28.5 0
100 25.5 1
44.97057298142163 25.5 0
44.962 25.354 1
43.07340000000001 25.9457 0
44.49599425384486 25.5 1
0 25.5 0
0 22.5 1
100 22.5 0
100 19.5 1
32.78013024101864 19.5 0
36.67064865848113 16.5 1
68.22378157670212 16.5 0
69.8683 17.2556 0
71.61694961456021 13.5 1
100 13.5 0
100 16.5 1
70.22011586131688 16.5 0
69.8683 17.2556 1
62.21550000000001 13.7394 0
58.82076639462502 10.5 1
36.95484317751195 10.5 0
33.3827 9.84395 1
43.00960000000001 11.612 1
31.6026 20.408 0
31.75560294867972 19.5 1
0 19.5 0
0 16.5 1
32.26111929894311 16.5 0
0 13.5 1
32.76663564920651 13.5 0
33.2721519994699 10.5 1
0 10.5 0
0 7.5 1
52.34175401007217 7.5 0
52.0348 7.35787 1
56.7384 4.13669 1
72.34469999999999 11.937 0
69.46965361081803 10.5 1
100 10.5 0
100 7.5 1
63.46746908225442 7.5 0
57.46528455369081 4.5 1
100 4.5 0
100 1.5 1
0 1.5 0
0 4.5 1
56.20789102006097 4.5 0
52.0348 7.35787 1
63.00879999999999 12.4392 0
62.36156677434241 13.5 1
40.56116707594362 13.5 0
29.09441943436827 37.5 1
100 37.5 0
100 40.5 1
35.18221531509376 40.5 0
35.3129 40.56440000000001 1
28.7117 37.31140000000001 0
28.62106896515497 37.5 1
0 37.5 0
0 34.5 1
100 34.5 0
100 31.5 1
0 31.5 0
0 28.5 1
43.82775505235396 28.5 0
45.02889999999999 47.878 0