62.0654 52.6294 0
67.5 55.65633855205701 1
67.5 0 0
70.5 0 1
70.5 57.32726477591359 0
76.5 42.20540233595514 1
76.5 73.94220635790094 0
79.5 70.36169729072458 1
79.5 50.95624955314223 0
80.2688 53.19880000000001 0
87.95050000000001 60.276 1
75.07990000000001 75.6371 1
76.24118177598424 76.59833241913836 0
88.5 88.10732497764656 1
88.5 69.14970834851502 0
85.5 72.86165395796669 1
85.5 90.66745214379992 0
82.5 93.22757930995328 1
82.5 76.57359956741837 0
79.11410000000001 83.72220771583306 1
78.05082997600422 78.09623977725587 0
76.40799999999999 77.48099999999999 1
76.24118177598424 76.59833241913836 1
79.11410000000001 78.97634453606565 1
79.11410000000001 91.79949999999999 0
76.5 92.53499154469714 1
76.5 100 0
77.5453 99.85130000000001 1
95.08340000000001 99.85130000000001 0
95.08340000000001 100 1
95.08340000000001 88.6951 0
95.08340000000001 90.43427038059158 1
81.59119487583655 98.35130000000001 0
87.51898462750967 98.35130000000001 1
95.08340000000001 93.91261114177473 0
93.44677437918278 98.35130000000001 1
95.08340000000001 97.39095190295785 0
95.08340000000001 98.35130000000001 1
78.62729999999999 98.35130000000001 1
77.5453 98.35130000000001 1
77.5453 97.45580000000001 1
78.62729999999999 98.35130000000001 0
77.5453 97.45580000000001 0
79.5 95.78770647610665 1
79.5 79.29576708984774 0
79.97929999999999 79.6925 1
92.87860000000001 63.732 0
91.5 65.43776273906334 1
91.5 85.54719781149319 0
91.6371 85.43020000000001 1
92.89449999999999 87.33590000000001 0
94.50000000000003 88.3328370916899 1
94.50000000000003 48.32520272910068 0
97.50000000000003 47.29782683580299 1
97.50000000000003 100 0
100 100 1
100 0 0
97.50000000000003 0 1
97.50000000000003 42.11189767091386 0
94.50000000000003 33.52085780243873 1
94.50000000000003 0 0
91.5 0 1
91.5 28.31268182657767 0
92.54839999999999 27.9321 1
99.11750000000001 46.7439 0
91.5 49.35257862239835 1
91.5 62.76520922870884 0
88.5 60.66135581664334 1
88.5 50.37995451569604 0
85.5 51.40733040899372 1
85.5 63.20067915637188 0
82.5 66.78118822354821 1
82.5 52.4347063022914 0
80.2688 53.19880000000001 1
73.92449999999999 34.69280000000001 0
88.5 29.40171795757065 1
88.5 0 0
85.5 0 1
85.5 30.49075408856361 0
82.5 31.57979021955659 1
82.5 0 0
79.5 0 1
79.5 32.66882635054955 0
76.5 33.75786248154253 1
76.5 0 0
73.5 0 1
73.5 78.31955672805483 0
70.45679999999999 79.19710000000001 1
72.89670000000001 93.5488 0
73.5 93.37905819635216 1
73.5 100 0
70.5 100 1
70.5 79.45120608631507 0
70.45679999999999 79.19710000000001 0
70.5 79.1846427611238 1
70.5 57.89516921241048 0
70.76740000000001 57.47620000000001 1
68.3372 61.2839 0
67.5 60.89889433282579 1
67.5 100 0
64.5 100 1
64.5 62.87963730456082 0
65.64449999999999 60.04559999999999 1
62.8687 66.91909999999999 0
61.50000000000001 66.27259874127327 1
61.50000000000001 100 0
46.5 71.79811647669891 1
46.5 100 0
43.5 100 1
43.5 69.59202788919347 0
40.5 67.38593930168807 1
40.5 100 0
37.5 100 1
37.5 35.56112825405803 0
34.5 32.77097788257616 1
34.5 100 0
31.50000000000001 100 1
31.50000000000001 29.98082751109429 0
28.50000000000001 27.19067713961243 1
28.50000000000001 66.93632095009741 0
29.2113 69.40289999999999 0
25.50000000000001 69.89202400814062 1
25.50000000000001 80.70697341839212 0
26.6668 80.31270000000001 1
28.7928 84.59100000000001 0
28.50000000000001 84.71638696330677 1
28.50000000000001 100 0
25.50000000000001 100 1
25.50000000000001 86.00108945620423 0
23.7946 86.73140000000001 1
21.9038 82.20830000000001 0
22.5 83.63450701290461 1
22.5 100 0
19.5 100 1
19.5 69.56078006051214 0
16.5 70.25172537820086 1
16.5 100 0
13.5 100 1
13.5 70.9426706958896 0
22.5 68.8698347428234 1
22.5 81.93854330837902 0
24.4017 81.07810000000001 0
26.6668 80.31270000000001 0
28.50000000000001 84.00177787394168 1
28.50000000000001 69.49664448494877 0
29.2113 69.40289999999999 1
27.8767 64.7749 1
25.6793 60.4216 0
25.50000000000001 60.26962928644814 1
25.50000000000001 24.40052676813055 0
22.5 21.61037639664868 1
22.5 57.72689565200535 0
20.5206 56.0492 0
19.5 55.54468584207621 1
19.5 18.82022602516682 0
17.8835 17.3168 1
17.8835 3.25223 1
40.32129999999999 3.25223 0
40.5 3.539376655145954 1
40.5 12.25380413587769 0
43.5 15.01341483389961 1
43.5 10.10359311375708 0
42.14409999999999 10.1738 1
40.32129999999999 2.81827 0
37.36122477186217 3.25223 1
40.32129999999999 5.975115088839612 0
40.32129999999999 10.05132057981244 1
32.92994159062071 3.25223 0
30.7143 3.25223 1
24.5415 8.52064 1
28.52927122971843 3.25223 0
26.64802381416879 3.25223 1
17.8835 14.83140599778297 0
17.8835 9.860617993348896 1
22.88552898306953 3.25223 0
17.8835 4.889829988914824 1
19.12303415197028 3.25223 0
13.5 0 1
13.5 27.07245405405406 0
14.9478 27.6594 1
8.944109999999998 44.8642 0
1.67796 42.0264 1
8.645959999999999 25.1046 0
10.5 25.85623783783784 1
10.5 0 0
7.500000000000002 0 1
7.500000000000002 27.88756583352468 0
4.5 35.17307099999999 1
4.5 0 0
1.5 0 1
1.5 100 0
4.5 100 1
4.5 88.0077690807168 0
4.26506 88.06829999999999 1
2.24515 82.68340000000001 1
3.42331 80.6985 1
2.40608 76.92439999999999 0
4.5 76.03921322508671 1
4.5 43.12854970954356 0
7.500000000000002 44.30020182242315 1
7.500000000000002 77.85106077584646 0
5.71827 75.52420000000001 1
8.203040000000001 78.76920000000001 1
7.793570000000001 87.1592 0
7.500000000000002 87.23483659646706 1
7.500000000000002 100 0
10.5 100 1
10.5 69.16272636352343 0
10.9729 71.5247 1
10.168 67.50450000000001 0
10.207 66.17089999999999 1
8.479559999999999 58.562 1
9.283519999999999 57.9931 1
8.24315 53.3061 0
10.5 53.3250267494101 1
10.5 40.40547940116828 0
13.5 31.8083666255253 1
13.5 53.35018581989787 0
15.0876 53.3635 0
16.5 54.06169302043071 1
16.5 0 0
17.8835 1.5 1
40.32129999999999 1.5 0
40.32129999999999 1.307295871319801 1
48.3758 0.331214862627664 0
49.50000000000001 0 1
49.50000000000001 20.53263622994344 0
46.5 17.77302553192153 1
46.5 9.948256688704525 0
48.3758 9.851130000000001 1
47.2471 1.97897 1
48.3758 1.842188991307864 0
64.5 0 1
64.5 53.98541232820043 0
62.0654 52.6294 1
58.5582 61.40730000000001 0
50.7542 68.97620000000001 0
49.50000000000001 70.10515926007366 1
49.50000000000001 100 0
52.50000000000001 100 1
52.50000000000001 24.65740937161632 0
49.50000000000001 27.74265000933427 1
49.50000000000001 67.9185915785076 0
46.5 65.38883136125577 1
46.5 30.82789064705223 0
43.5 33.91313128477019 1
43.5 63.87170167558762 0
40.5 66.84237889225039 1
40.5 36.99837192248813 0
39.8092 37.7088 1
53.2007 23.9368 0
52.50000000000001 23.29224692796536 1
52.50000000000001 0 0
55.50000000000001 0 1
55.50000000000001 100 0
58.50000000000001 100 1
58.50000000000001 0 0
61.50000000000001 0 1
61.50000000000001 54.04449599110399 0
62.0654 52.6294 0