79.24799999999999 60.7876 0
87.84938427142342 58.5 1
0 58.5 0
0 55.5 1
100 55.5 0
100 52.5 1
0 52.5 0
0 49.5 1
100 49.5 0
100 46.5 1
0 46.5 0
0 43.5 1
100 43.5 0
100 40.5 1
0 40.5 0
0 37.5 1
100 37.5 0
100 34.5 1
0 34.5 0
0 31.5 1
81.51907316191799 31.5 0
80.96860756080611 28.5 1
0 28.5 0
0 25.5 1
80.96188560885608 25.5 0
80.4375 25.6055 1
86.76840000000001 24.3318 0
87.0399485725282 25.5 1
100 25.5 0
100 22.5 1
0 22.5 0
0 19.5 1
100 19.5 0
100 16.5 1
0 16.5 0
0 13.5 1
100 13.5 0
100 10.5 1
0 10.5 0
0 7.5 1
100 7.5 0
100 4.5 1
0 4.5 0
0 1.5 1
100 1.5 0
87.73729981168643 28.5 1
100 28.5 0
100 31.5 1
88.43465105084465 31.5 0
88.45949999999999 31.6069 1
81.7577 32.8005 0
79.24799999999999 60.7876 0