79.24799999999999 60.7876 0
79.24799999999999 60.7876 1
91.72669999999999 57.4688 0
91.89761072638868 58.5 1
100 58.5 0
100 61.5 1
92.39482967437749 61.5 0
92.6266 62.8984 1
80.35910000000001 66.29079999999999 0
84.9222 82.87370000000001 1
92.8742 87.34569999999999 0
93.91220025151537 85.5 1
100 85.5 0
100 88.5 1
56.63578094875697 88.5 0
56.526 88.43780000000001 1
62.092 91.59139999999999 0
61.93068201420598 91.5 1
100 91.5 0
100 100 1
0 100 0
0 97.5 1
100 97.5 0
100 94.5 1
61.36283655963656 94.5 0
59.7997 97.01150000000001 1
54.5253 93.40729999999999 0
56.1243613395483 94.5 1
0 94.5 0
0 91.5 1
55.29317103531542 91.5 0
56.50095853908844 88.5 1
0 88.5 0
0 85.5 1
89.59222182468693 85.5 0
84.9222 82.87370000000001 0
85.23763099921956 82.5 1
0 82.5 0
0 79.5 1
87.76985737775505 79.5 0
88.05869999999999 79.15780000000001 1
95.11019999999999 83.3698 0
93.65402841880342 82.5 1
100 82.5 0
100 79.5 1
88.63159252136751 79.5 0
100 76.5 1
0 76.5 0
0 73.5 1
100 73.5 0
100 70.5 1
0 70.5 0
0 67.5 1
100 67.5 0
100 64.5 1
86.83493981841764 64.5 0
80.35910000000001 66.29079999999999 0
79.99753620439017 64.5 1
0 64.5 0
0 61.5 1
79.39183406745167 61.5 0
79.24799999999999 60.7876 0