49.5 57.5 0
49.5 57.5 1
49.5 66.5 1
46.5 66.5 1
46.5 76.5 1
50.5 76.5 1
50.5 80.5 1
41.5 80.5 1
41.5 78.79289321881346 1
36.79289321881345 83.5 1
36.5 83.5 1
36.5 81.5 1
15.5 81.5 1
15.5 71.5 1
19.5 71.5 1
19.5 59.5 1
30.5 59.5 1
30.5 55.5 1
36.5 55.5 1
36.5 44.5 0
31.5 44.5 0
31.5 47 1
26.5 47 0
26.5 46 1
31.5 46 0
31.5 45 1
16.05039052967911 45 0
14.8003905296791 44 1
45.5 44 0
45.5 43 1
12.5 43 0
12.5 42 1
45.5 42 0
45.5 41 1
12.5 41 0
12.5 40 1
45.5 40 0
45.5 39 1
12.5 39 0
12.5 38 1
45.5 38 0
45.5 37 1
12.5 37 0
12.5 36 1
45.5 36 0
45.5 35 1
12.5 35 0
12.5 34 1
45.5 34 0
45.5 33 1
12.5 33 0
12.5 32 1
45.5 32 0
45.5 31 1
12.5 31 0
12.5 30 1
45.5 30 0
45.5 29 1
12.5 29 0
12.5 28 1
45.5 28 0
45.5 27 1
12.5 27 0
12.5 26 1
45.5 26 0
45.5 25 1
12.5 25 0
12.5 24 1
45.5 24 0
45.5 23 1
12.5 23 0
12.5 22 1
45.5 22 0
45.5 21.5 1
45.5 52.5 0
36.5 54 1
112.5 54 0
112.5 55 1
36.5 55 0
36.5 55.5 0
30.5 56 1
75.5 56 0
75.5 57 1
30.5 57 0
41.5 78.79289321881346 0
41.5 80 1
50.5 80 0
50.5 79 1
41.5 79 0
41.5 78.79289321881346 0
38.08578643762691 81.5 1
36.5 83.08578643762689 0
36.5 81.67157287525382 1
36.6715728752538 81.5 0
36.5 81.5 1
38.79289321881345 81.5 0
39.29289321881346 81 1
15.5 81 0
15.5 80 1
40.29289321881346 80 0
41.29289321881346 79 1
15.5 79 0
15.5 78 1
50.5 78 0
50.5 77 1
15.5 77 0
15.5 76 1
46.5 76 0
46.5 75 1
15.5 75 0
15.5 74 1
46.5 74 0
46.5 73 1
15.5 73 0
15.5 72 1
46.5 72 0
46.5 71 1
19.5 71 0
19.5 70 1
46.5 70 0
46.5 69 1
19.5 69 0
19.5 68 1
46.5 68 0
46.5 67 1
19.5 67 0
19.5 66 1
49.5 66 0
49.5 65 1
19.5 65 0
19.5 64 1
49.5 64 0
49.5 63 1
19.5 63 0
19.5 62 1
49.5 62 0
49.5 61 1
19.5 61 0
19.5 60 1
49.5 60 0
49.5 59 1
30.5 59 0
30.5 58 1
49.5 58 0
49.5 57.5 0