49.5 57.5 0
49.5 57.5 1
68.5 57.5 1
68.5 72.5 0
72 57.5 1
72 78.5 0
73 78.5 1
73 57.5 0
75 57.5 1
75 78.5 0
74 78.5 1
74 57.5 0
71 57.5 1
71 78.5 0
70 78.5 1
70 57.5 0
69 57.5 1
69 78.5 0
68 78.5 1
68 72.5 0
66 72.5 1
66 78.5 0
67 78.5 1
67 72.5 0
68.5 72.5 1
65.5 72.5 1
65.5 78.5 1
75.5 78.5 1
75.5 55.5 0
91.5 55.5 0
91.5 56 1
112.5 56 0
105.5 56.5 0
105.5 57 1
91.5 57 0
91.5 58 1
105.5 58 0
105.5 59 1
91.5 59 0
91.5 60 1
105.5 60 0
105.5 61 1
91.5 61 0
91.5 64 1
105.5 64 0
105.5 65 1
91.5 65 0
91.5 63 1
105.5 63 0
105.5 62 1
91.5 62 0
91.5 55.5 0
75.5 55.5 1
91.5 55.5 1
91.5 65.5 1
105.5 65.5 1
105.5 56.5 1
112.5 56.5 1
112.5 51.5 1
96.5 51.5 1
96.5 42.5 0
96.5 43 1
79.5 43 0
88.5 43.5 1
87.5 43.5 1
79.5 43.5 1
79.5 39.5 1
85.5 34.5 1
85.5 33.5 1
85.5 32.5 1
84.5 32.5 1
83.5 32.5 1
83.5 27.5 1
84.5 27.5 1
84.5 26.5 1
78.5 19.5 1
77.5 19.5 1
77.5 20.5 1
45.5 20.5 1
45.5 21.5 0
45.5 21 1
12.5 21 0
12.5 18 1
108.5 18 0
108.5 19 1
12.5 19 0
12.5 20 1
77.5 20 0
77.5 19.5 0
78.5 19.5 0
78.92857142857142 20 1
108.5 20 0
108.5 21 1
79.78571428571428 21 0
80.64285714285714 22 1
108.5 22 0
108.5 23 1
81.5 23 0
82.35714285714286 24 1
108.5 24 0
108.5 25 1
83.21428571428572 25 0
84.07142857142858 26 1
108.5 26 0
108.5 27 1
84.5 27 0
84.5 27.5 0
83.5 28 1
108.5 28 0
108.5 29 1
83.5 29 0
83.5 30 1
108.5 30 0
108.5 31 1
83.5 31 0
83.5 32 1
108.5 32 0
108.5 33 1
85.5 33 0
85.5 34 1
108.5 34 0
108.5 35 1
84.90000000000001 35 0
83.69999999999999 36 1
108.5 36 0
108.5 37 1
82.5 37 0
81.30000000000001 38 1
108.5 38 0
108.5 39 1
80.09999999999999 39 0
79.5 40 1
108.5 40 0
108.5 41 1
79.5 41 0
79.5 42 1
108.5 42 0
96.5 42.5 1
108.5 42.5 1
108.5 11.5 1
107.5 11.5 1
107.5 13.5 1
46.5 13.5 1
46.5 17.5 0
46.5 17 1
108.5 17 0
108.5 16 1
46.5 16 0
46.5 15 1
108.5 15 0
108 11.5 1
108 13.5 0
108.5 14 1
46.5 14 0
46.5 17.5 0
45.5 20.5 0
46.5 17.5 1
12.5 17.5 1
12.5 43.5 1
14.17539052967911 43.50000000000001 1
18.5 46.95968757625671 1
18.5 45.5 1
16.67539052967911 45.5 0
17.47578105935821 45.5 1
18.5 46.31937515251343 0
18.5 45.5 1
26.5 45.5 1
26.5 47.5 1
31.5 47.5 1
31.5 44.5 1
36.5 44.5 0
36.5 45 1
45.5 45 0
45.5 46 1
36.5 46 0
36.5 47 1
45.5 47 0
45.5 48 1
36.5 48 0
36.5 49 1
45.5 49 0
45.5 50 1
36.5 50 0
36.5 51 1
45.5 51 0
45.5 52.5 0
49.5 57.5 0