46.0813 50.4378 0
46.0813 50.4378 1
43.6386 44.7058 0
50.5 40.75469614380199 1
50.5 32.70820555332752 0
53.5 39.02716071829204 1
53.5 35.94572000283092 0
53.93000676517552 36.40977104137758 1
56.319 41.681274893447 1
56.319 38.98790441388095 1
53.93000676517552 36.40977104137758 1
47.01130000000001 28.9433 0
50.5 26.03293092547263 1
50.5 0 0
47.5 0 1
47.5 28.53561307744388 0
47.01130000000001 28.9433 0
47.5 29.47069110382411 1
47.5 42.48223156931195 0
44.5 44.2097669948219 1
44.5 0 0
32.5 8.313718672207582 1
32.5 0 0
35.5 0 1
35.5 10.04534243056963 0
36.1477 10.4192 1
27.8213 30.1377 0
29.5 26.16221888571291 1
29.5 100 0
32.5 100 1
32.5 19.05764788263836 0
35.5 11.9530768795638 1
35.5 100 0
38.5 100 1
38.5 0 0
41.5 0 1
41.5 100 0
44.5 100 1
44.5 46.72714719777295 0
18.8483 62.4616 1
23.3948 74.21950000000001 0
23.5 74.18856476978513 1
23.5 100 0
26.5 100 1
26.5 73.30638139863873 0
11.5 81.26454564014958 1
11.5 100 0
14.5 100 1
14.5 0 0
11.5 0 1
11.5 78.07136269695769 0
8.5 79.8345055965712 1
8.5 0 0
5.5 0 1
5.5 100 0
2.5 100 1
2.5 0 0
0 0 1
0 100 0
8.5 100 1
8.5 82.47698547768493 0
8.777650000000001 83.0129 1
7.450519999999999 80.4513 0
20.5 66.73313270207854 1
20.5 100 0
17.5 100 1
17.5 0 0
26.5 11.52802712000859 1
26.5 0 0
29.5 0 1
29.5 6.58209491384553 0
28.7482 6.148149999999999 1
23.1586 19.5239 1
20.1713 23.7585 0
20.5 23.29255649917986 1
20.5 0 0
23.5 0 1
23.5 18.70693974345212 0
20.1713 23.7585 0
20.5 24.03259712941176 1
20.5 61.88249075100532 0
22.5287 61.1712 1
27.1413 73.11779999999999 0
26.5 71.45683772709535 1
26.5 29.03589124705882 0
23.5 26.53424418823529 1
23.5 63.68685984043707 0
53.5 46.13666851050529 1
53.5 63.33438648375655 0
54.28959999999999 61.8434 1
50.0325 69.88200000000001 0
50.5 68.99922874726926 1
50.5 47.87597519071666 0
59.5 54.22338595821584 1
59.5 100 0
62.5 100 1
62.5 57.19721243398196 0
56.5 62.91408596160937 1
56.5 51.24955948244971 0
55.81910000000001 50.5746 1
59.72799999999999 46.49091417849837 1
59.72799999999999 42.66679999999999 0
59.5 42.42074890183774 1
59.5 46.72910916105162 0
56.5 49.86325366833113 1
56.5 39.18323445233433 0
56.319 38.98790441388095 1
59.72799999999999 42.66679999999999 0
59.72799999999999 44.32164807031165 1
66.1944 37.56610405635425 0
67.6944 38.16829791090122 1
67.6944 35.3273661779812 0
69.11670000000001 36.6824 1
66.1944 39.73537016454097 1
66.1944 36.387 1
66.1944 24.0576928858422 1
83.4272 37.84755031274086 0
83.5 37.90580559456845 1
83.5 100 0
86.5 100 1
86.5 40.30643534021024 0
88.14189999999999 41.6203 0
89.447 39.9631 0
86.5 37.60595344274907 1
86.5 26.07767010578901 0
83.5 30.03867510138114 1
83.5 35.2064150403898 0
78.64599999999999 28.907 0
78.95731648666796 28.50000000000001 1
75.11536856364219 28.50000000000001 0
71.36464717858289 25.50000000000001 1
81.25203260461359 25.50000000000001 0
83.54674872255922 22.50000000000001 1
67.61392579352358 22.50000000000001 0
63.86320440846426 19.50000000000001 1
85.84146484050484 19.50000000000001 0
88.13618095845047 16.5 1
60.11248302340495 16.5 0
59.0309 15.6349 1
78.64599999999999 31.32396190537249 0
78.64599999999999 29.40316880456771 1
82.21969999999999 32.26157893407149 0
82.21969999999999 31.7291 1
95.83170000000001 13.7567 0
95.4352918272206 13.5 1
95.83170000000001 13.5 0
95.83170000000001 13.7567 0
95.5 14.19465511901264 1
95.5 77.31391695773812 0
92.5 75.95100313467 1
92.5 18.15566011460476 0
89.5 22.11666511019688 1
89.5 78.48299852104665 0
90.92769999999999 75.23670000000001 1
89.08179999999999 79.43389999999999 0
89.5 79.55243394796798 1
89.5 100 0
92.5 100 1
92.5 80.40274921316166 0
94.74369999999999 81.03870000000001 1
95.64590000000001 77.3802 0
95.5 77.97183727554867 1
95.5 100 0
98.5 100 1
98.5 0 0
95.83170000000001 0 1
95.83170000000001 13.7567 1
92.08860000000001 11.3328 0
90.43089707639609 13.5 1
57.6534 13.5 0
57.6534 10.5 1
95.83170000000001 10.5 0
95.83170000000001 7.500000000000002 1
57.6534 7.500000000000002 0
58.2805692796877 16.5 1
57.6534 16.5 0
57.6534 19.05885298163005 1
66.1944 29.34344154779278 0
69.59258676039582 26.77695562525966 1
83.4272 39.9572754271388 0
83.4272 44.10080525628328 1
66.1944 27.6830123517726 0
64.73365686817564 22.88879174817569 1
66.1944 24.64773591298796 0
66.1944 24.0576928858422 1
57.6534 17.2231 1
57.6534 26.10241143383728 1
54.6917 22.5361 0
53.5 23.53024877350138 1
53.5 0 0
57.6534 4.5 1
95.83170000000001 4.5 0
95.83170000000001 1.5 1
57.6534 1.5 0
56.5 0 1
56.5 24.71355246507342 0
57.6534 23.75455861643486 1
66.1944 34.03914718259759 0
66.1944 31.82654218091709 1
83.4272 48.24433508542776 0
83.4272 50.31610000000001 1
72.63290000000001 61.6073 0
80.5 53.37804942145391 1
80.5 100 0
77.5 100 1
77.5 56.51615008569337 0
74.5 59.65425074993283 1
74.5 85.25642051919561 0
74.98480000000001 85.6558 0
74.5 86.01132000000001 1
74.5 100 0
71.5 100 1
71.5 86.54966054588576 0
70.10310000000001 85.4461 0
71.5 84.1164193459729 1
71.5 62.08956029323005 0
68.65649999999999 63.3 0
68.5 63.14486538551419 1
68.5 100 0
65.5 100 1
65.5 60.17103890974808 0
58.57040000000001 68.93100000000001 1
56.0919 72.9513 0
56.5 72.28933331450474 1
56.5 100 0
53.5 100 1
53.5 71.63841115456975 0
50.5 70.11880525299534 1
50.5 100 0
47.5 100 1
47.5 49.61528187092804 0
46.0813 50.4378 0