27.0418 37.7359
20.6098 32.0059
9.1343 38.5292
11.1692 40.4092
14.4504 37.4397
22.5944 43.0247

36.1052 22.9435
35.0003 15.1295
26.9536 15.6315
28.0585 23.4455

45.5108 3.02834
38.1125 1.84668
35.7487 6.94628
39.4894 8.12962
40.6699 6.77079
44.127 7.54874

45.863 62.2305
41.1107 55.757
22.8316 68.6183
26.9856 75.4553

52.8689 42.3917
49.3876 39.2198
44.6959 36.5221
38.1318 35.7722
32.7463 36.3864
27.4584 39.5483
26.5258 40.3101
29.784 44.1146
29.3525 44.5315
35.3326 50.4339
43.6779 42.2329
46.8044 45.4694
47.9552 44.3577
48.9303 45.2232

57.4188 24.8251
55.3134 22.8273
53.0515 24.4975
51.705 22.9325
48.0281 26.8507
50.7187 29.4859
53.3539 26.7952
54.6981 27.8654

82.748 26.7321
71.6277 18.4189
62.2943 31.4285
73.2771 40.0749