13.885 66.7397
10.9392 63.4701
4.69103 67.7782
7.57319 71.6909

14.3206 19.1246
10.6898 16.7715
8.10288 20.8853
9.29652 22.238
11.3971 23.1948

33.506 9.45526
19.1271 3.6763
16.8107 9.86579
28.5753 14.4523
32.2173 13.6633

32.4443 76.7992
32.2325 62.2807
29.9667 63.2739
31.4783 68.1723
21.6954 72.1554
24.5601 79.3144

34.6649 40.5777
32.2143 28.803
26.8355 29.1606
27.3046 47.3744
34.3209 45.7943

59.1781 51.66
50.5816 34.926
37.4755 41.8989
36.6562 51.7048
41.5072 61.3823

73.9794 33.6425
66.285 29.2085
57.6875 46.24
65.8292 50.1224

44.9605 9.20844
42.0253 6.89486
39.1269 10.2669
42.0621 12.5805

60.0977 67.6093
56.373 61.6556
42.9054 70.7633
46.5212 76.6666

79.3414 42.9355
71.8602 41.6385
77.8347 48.7656

92.3916 33.4227
85.142 30.5377
75.66 28.2155
73.4418 35.3911
82.2224 37.8812
90.2326 40.7267

83.283 61.7276
77.0375 60.2861
76.3883 62.3497
75.7209 64.5821
82.1557 66.6414