43.3509 50.5707 0
44.5 47.6519942148533 1
44.5 100 0
23.5 100 1
23.5 0 0
26.5 0 1
26.5 100 0
29.5 100 1
29.5 0 0
35.5 9.96520519283062 1
35.5 0 0
32.5 0 1
32.5 14.31630603783515 0
11.5 13.30695853249046 1
11.5 0 0
14.5 0 1
14.5 17.04463877226307 0
17.5 20.78231901203567 1
17.5 0 0
20.5 0 1
20.5 100 0
17.5 100 1
17.5 26.7679360208331 0
17.8281 26.8007 1
18.2169 21.6755 1
8.65117 9.757619999999999 0
8.5 9.869100948466741 1
8.5 0 0
5.5 0 1
5.5 12.08146348997779 0
2.5 14.29382603148884 1
2.5 0 0
0 0 1
0 100 0
2.5 100 1
2.5 18.45453832780652 0
0.365123 15.8682 1
8.6312 25.8823 0
5.5 22.0889467660536 1
5.5 100 0
8.5 100 1
8.5 25.72335520430066 0
8.6312 25.8823 0
11.5 26.16877760875947 1
11.5 100 0
14.5 100 1
14.5 26.46835681479629 0
31.2039 34.06371830828478 1
36.17714993492018 21.48348752450389 0
32.5 26.7050277852089 1
32.5 25.39611592920354 0
31.136 24.1007 1
30.1728 17.6916 1
37.01300000000001 7.770799999999999 0
38.5 8.902795168610609 1
38.5 0 0
41.5 0 1
41.5 11.18657829290908 0
43.16030000000001 12.4505 1
32.8762 25.7534 1
31.2039 29.98361569698255 1
31.2039 45.0652 0
31.2039 42.22392353088924 1
42.77904980476052 12.94366257351166 0
43.16030000000001 14.82053638736935 1
42.0442 17.6438 0
44.5 18.69181758475617 1
44.5 0 0
47.5 0 1
47.5 19.97207361304369 0
50.5 21.25232964133122 1
50.5 0 0
53.5 0 1
53.5 22.53258566961874 0
54.2616 22.8576 1
54.2616 31.061653376099 1
56.852 27.4707 0
56.5 27.95866154585656 1
56.5 0 0
65.2817 5.272097863229966 1
78.4777 3.502713135230319 0
74.5 5.549486767010128 1
74.5 16.72047550576068 0
73.55799999999999 16.6695 1
72.11410000000001 5.869400000000001 0
65.2817 2.245249846800419 1
78.4777 0.4758651188007724 0
80.5 0 1
80.5 56.03344224114738 0
81.5778 55.80329999999999 1
81.8098 65.5744 0
80.5 65.84674877541727 1
80.5 81.00466045811811 0
77.5 85.81746081742645 1
77.5 66.47054349694102 0
74.5 67.09433821846477 1
74.5 100 0
71.5 100 1
71.5 65.48296977689856 0
71.70840000000001 67.6748 1
70.79849999999999 58.105 0
71.5 57.95520896069318 1
71.5 44.77242309252952 0
71.31989999999999 45.0938 1
75.46019999999999 37.70569999999999 0
74.5 37.1775647155555 1
74.5 18.15862897484086 0
71.5 15.06354561624735 1
71.5 35.52748571812427 0
68.5 33.87740672069303 1
68.5 19.51527585030011 0
68.7208 19.2933 1
65.322 22.7102 0
65.5 22.53125207720372 1
65.5 32.22732772326179 0
62.5 30.57724872583055 1
62.5 19.858812814026 0
59.5 28.92716972839931 1
59.5 0 0
62.5 0 1
62.5 15.05342770689555 0
65.2817 6.78552187144474 1
65.2817 0 1
78.4777 0 1
78.4777 5.016137143445093 0
77.5 5.147231978892597 1
77.5 16.8828178807947 0
77.96719999999999 16.9081 1
78.4777 22.2624 1
65.2817 8.648160000000001 0
65.5 8.87337889906032 1
65.5 15.76689619749272 0
68.5 11.96846225765383 1
68.5 19.05154951577446 0
68.7208 19.2933 1
63.67149999999999 13.7649 1
60.2229 17.558 1
65.322 22.7102 0
77.5 21.25371233343437 1
77.5 56.67403114766265 0
74.5 57.31462005417791 1
74.5 39.41911536120571 0
95.18549999999999 42.1405 0
95.5 45.64803885663243 1
95.5 0 0
98.5 0 1
98.5 100 0
95.5 100 1
95.5 54.74139222750637 0
96.30500000000001 54.626 1
95.18549999999999 42.1405 0
92.5 42.71748702133418 1
92.5 0 0
89.5 0 1
89.5 56.80551650314985 0
89.34780000000001 56.6953 0
86.5 58.8919303565756 1
86.5 0 0
83.5 0 1
83.5 76.33676042259748 0
83.43440000000001 76.2971 1
76.75489999999999 87.0128 1
76.858 90.7379 0
77.5 91.07444846323568 1
77.5 100 0
80.5 100 1
80.5 92.64710483349583 0
80.75579999999999 92.78120000000001 1
89.0899 79.71629999999999 0
83.5 88.4792719477808 1
83.5 100 0
86.5 100 1
86.5 83.77634061746321 0
89.0899 79.71629999999999 0
86.5 78.15049926089648 1
86.5 62.03681972425224 0
86.96559999999999 62.3466 0
89.5 59.85321939427618 1
89.5 100 0
92.5 100 1
92.5 55.17142537349282 0
92.14160000000001 55.22280000000001 1
90.75129999999999 43.0932 0
71.31989999999999 45.0938 0
68.5 43.74004128089554 1
68.5 88.34674318016047 0
67.63290000000001 85.4135 1
69.4152 91.4427 0
68.5 91.66265206971678 1
68.5 100 0
65.5 100 1
65.5 92.38364880174291 0
62.8056 93.03120000000001 1
61.0532 86.7638 0
62.5 86.46688463303798 1
62.5 82.04352575039854 0
65.5 85.85121826527046 1
65.5 79.43794615577318 0
66.6611 78.42949999999999 0
65.5 77.32340590712363 1
65.5 42.29982135915597 0
62.5 40.85960143741642 1
62.5 75.86666290524559 0
58.9293 79.2123 0
62.5 91.93823181921937 1
62.5 100 0
59.5 100 1
59.5 79.73006060524426 0
58.9293 79.2123 0
59.5 78.67757149019062 1
59.5 39.41938151567686 0
56.5 37.97916159393729 1
56.5 100 0
53.5 100 1
53.5 36.53894167219774 0
47.5 40.0320156616899 1
47.5 100 0
50.5 100 1
50.5 32.41203710852649 0
54.2616 26.95223286359932 1
51.1309 34.90418848239555 0
51.1309 35.4016 1
51.1309 30.80955561879622 1
43.3509 50.5707 0
43.3509 50.5707 0
32.5 45.65264369391619 1
32.5 100 0
35.5 100 1
35.5 47.01236214291595 0
38.5 48.3720805919157 1
38.5 100 0
41.5 100 1
41.5 49.73179904091545 0
43.3509 50.5707 0