67.5 39.5 0
67.5 39.5 1
67.5 34.5 1
58.5 34.5 1
58.5 31.5 1
62.5 31.5 1
62.5 27.5 1
57.5 27.5 0
58.5 32 1
27.5 32 0
27.74742355817077 33 1
58.5 33 0
58.5 34 1
28.85853466928187 34 0
29.96964578039299 35 1
67.5 35 0
67.5 36 1
31.08075689150409 36 0
32.19186800261521 37 1
67.5 37 0
67.5 38 1
33.30297911372632 38 0
34.41409022483744 39 1
67.5 39 0
51.5 41 1
115.1704369859013 41 0
113.3704369859013 42 1
51.5 42 0
51.5 43 1
111.5704369859013 43 0
109.7704369859013 44 1
51.5 44 0
51.5 49 1
84.5 49 0
84.5 48 1
51.5 48 0
51.5 47 1
84.5 47 0
84.5 46.5 0
93 46.5 1
93 70.5 0
94 70.5 1
94 46.5 0
95 46.5 1
95 70.5 0
96 70.5 1
96 46.5 0
83 38.5 1
83 35.5 0
82.5 39 1
117.5 39 0
116.9704369859013 40 1
51.5 40 0
51.5 39.5 1
43.5 39.5 1
43.5 61.5 1
45.5 61.5 1
45.5 72.5 1
41.79289321881345 72.5 1
46.5 77.20710678118655 1
46.5 90.5 1
19.5 90.5 1
19.5 85.5 1
30.5 85.5 1
30.5 70.5 1
11.5 70.5 1
11.5 62.5 1
15.5 62.5 1
15.5 39.5 1
18.5 39.5 1
18.5 41.5 0
18 39.5 1
18 53.5 0
17 53.5 1
17 39.5 0
16 39.5 1
16 53.5 0
15.5 54 1
43.5 54 0
43.5 55 1
15.5 55 0
15.5 56 1
43.5 56 0
43.5 57 1
15.5 57 0
15.5 58 1
43.5 58 0
43.5 59 1
15.5 59 0
15.5 60 1
43.5 60 0
43.5 61 1
15.5 61 0
15.5 62 1
45.5 62 0
45.5 63 1
11.5 63 0
11.5 64 1
45.5 64 0
45.5 65 1
11.5 65 0
11.5 66 1
45.5 66 0
45.5 67 1
11.5 67 0
11.5 68 1
45.5 68 0
45.5 69 1
11.5 69 0
11.5 70 1
45.5 70 0
45.5 71 1
30.5 71 0
30.5 72 1
45.5 72 0
41.79289321881345 72.5 0
46.5 90 1
19.5 90 0
19.5 89 1
46.5 89 0
46.5 88 1
19.5 88 0
19.5 87 1
46.5 87 0
46.5 86 1
19.5 86 0
30.5 85.5 0
30.5 85 1
46.5 85 0
46.5 84 1
30.5 84 0
30.5 83 1
46.5 83 0
46.5 82 1
30.5 82 0
30.5 81 1
46.5 81 0
46.5 80 1
30.5 80 0
30.5 79 1
46.5 79 0
46.5 78 1
30.5 78 0
30.5 77 1
46.29289321881345 77 0
45.29289321881345 76 1
30.5 76 0
30.5 75 1
44.29289321881345 75 0
43.29289321881345 74 1
30.5 74 0
30.5 73 1
42.29289321881345 73 0
22.5 53.5 1
22.5 41.5 1
18.5 41.5 0
19 41.5 1
19 53.5 0
20 53.5 1
20 41.5 0
21 41.5 1
21 53.5 0
22 41.5 1
22 53.5 0
22.5 53.5 1
36.5 53.5 1
36.5 42.5 1
38.30297911372632 42.5 0
37 42.5 1
37 53.5 0
38 53.5 1
38 42.5 0
38.30297911372632 42.5 0
38.30297911372632 41.82731879764631 1
35.71706933856375 39.5 0
34.96964578039299 39.5 1
38.30297911372632 39.5 0
37.21191645490527 39.5 1
38.30297911372632 40.48195639293894 0
38.30297911372632 39.5 1
38.30297911372632 42.5 1
27.5 32.77731879764632 1
27.5 26.5 0
20.5 26 1
36.5 26 0
36.5 25 1
20.5 25 0
20.5 24 1
36.5 24 0
36.5 23 1
20.5 23 0
20.5 22 1
36.5 22 0
36.5 21 1
9.5 21 0
9.5 20 1
36.5 20 0
36.5 19 1
9.5 19 0
9.5 18 1
36.5 18 0
36.5 17 1
9.5 17 0
9.5 16 1
36.5 16 0
36.5 13 1
26.5 13 0
26.5 12 1
36.5 12 0
36.5 14 1
26.5 14 0
26.5 15 1
36.5 15 0
36.5 27 1
27.5 27 0
27.5 26.5 1
20.5 26.5 1
20.5 21.5 1
9.5 21.5 1
9.5 15.5 1
26.5 15.5 1
26.5 11.5 1
36.5 11.5 1
36.5 31.5 1
47.5 31.5 1
47.5 14.5 1
77.5 14.5 0
77.5 14 1
93.5 14 0
93.5 13 1
77.5 13 0
77.5 14.5 1
77.5 12.5 1
93.5 12.5 1
93.5 15.5 1
89.5 15.5 0
89.5 16 1
47.5 16 0
47.5 15 1
93.5 15 0
89.5 15.5 1
89.5 21.18102496759067 0
89.5 21 1
67.32873751907448 21 0
66.61445180478876 20 0
67.32873751907448 21 0
68.0430232333602 22 0
68.75730894764591 23 1
91.01581252700777 23 0
91.84914586034111 24 1
69.47159466193162 24 0
70.90016609050306 26 1
93.5158125270078 26 0
92.68247919367445 25 1
70.18588037621734 25 0
69.47159466193162 24 0
68.0430232333602 22 1
90.18247919367445 22 0
89.5 21.18102496759067 1
93.93247919367445 26.5 1
71.25730894764591 26.5 1
66.25730894764591 19.5 0
66.61445180478876 20 1
89.5 20 0
89.5 19 1
47.5 19 0
47.5 18 1
89.5 18 0
89.5 17 1
47.5 17 0
47.5 20 1
57.5 20 0
57.5 19.5 0
66.25730894764591 19.5 1
57.5 19.5 1
57.5 27.5 0
57.5 24 1
47.5 24 0
47.5 23 1
57.5 23 0
57.5 21 1
47.5 21 0
47.5 22 1
57.5 22 0
57.5 25 1
47.5 25 0
47.5 26 1
57.5 26 0
57.5 27 1
47.5 27 0
47.5 28 1
62.5 28 0
62.5 29 1
47.5 29 0
47.5 30 1
62.5 30 0
62.5 31 1
47.5 31 0
47.5 31.5 0
36.5 31.5 0
36.5 29 1
27.5 29 0
27.5 28 1
36.5 28 0
36.5 30 1
27.5 30 0
27.5 31 1
36.5 31 0
36.5 31.5 0
42 39.5 1
42 53.5 0
41 53.5 1
41 39.5 0
39 39.5 1
39 53.5 0
40 53.5 1
40 39.5 0
43 53.5 1
43 39.5 0
51.5 39.5 1
51.5 50.5 0
49.5 51 1
72.5 51 0
72.5 52 1
49.5 52 0
49.5 53 1
72.5 53 0
72.5 58 1
57.5 58 0
57.5 57 1
72.5 57 0
72.5 56 1
57.5 56 0
57.5 55 1
72.5 55 0
72.5 54 1
57.5 54 0
67.5 39.5 0