67.5 39.5 0
69.5 39.5 1
69.5 36.5 1
78.5 36.5 1
78.5 39.5 1
82.5 39.5 1
82.5 35.5 1
83.5 35.5 1
83.5 38.5 1
99.5 38.5 0
99.5 38 1
117.5 38 0
117.5 37 1
99.5 37 0
99.5 36 1
117.5 36 0
117.5 35 1
99.5 35 0
99.5 34 1
107.5 34 0
99.5 29 1
107.5 29 0
107.5 28 1
99.5 28 0
99.5 26 1
107.5 26 0
107.5 27 1
99.5 27 0
99.5 30 1
107.5 30 0
107.5 31 1
99.5 31 0
99.5 32 1
107.5 32 0
107.5 33 1
99.5 33 0
99.5 38.5 1
99.5 18.5 0
96.5 18 1
123.5 18 0
123.5 17 1
96.5 17 0
96.5 16 1
123.5 16 0
123.5 15 1
96.5 15 0
96.5 14 1
123.5 14 0
123.5 13 1
96.5 13 0
96.5 12 1
121.5 12 0
121.5 11 1
96.5 11 0
96.5 10 1
121.5 10 0
121.5 9 1
116.5 9 0
116.5 9.5 1
96.5 9.5 1
96.5 18.5 1
99.5 18.5 0
99.5 19 1
123.5 19 0
123.5 20 1
99.5 20 0
99.5 21 1
123.5 21 0
119.5 21.5 1
123.5 21.5 1
123.5 12.5 1
121.5 12.5 1
121.5 8.5 1
116.5 8.5 1
116.5 9.5 0
119.5 25 1
99.5 25 0
99.5 24 1
119.5 24 0
119.5 23 1
99.5 23 0
99.5 22 1
119.5 22 0
119.5 21.5 1
119.5 25.5 1
107.5 25.5 1
107.5 34.5 1
117.5 34.5 1
117.5 39.70579832550073 1
108.5 44.70579832550072 1
108.5 47.5 0
108.5 45 1
51.5 45 0
51.5 46 1
108.5 46 0
108 46.5 1
108 95.5 0
107 95.5 1
107 46.5 0
106 46.5 1
106 95.5 0
105 95.5 1
105 46.5 0
104 46.5 1
104 95.5 0
103 95.5 1
103 46.5 0
102 46.5 1
102 95.5 0
101 95.5 1
101 46.5 0
100 46.5 1
100 95.5 0
99 95.5 1
99 46.5 0
98 46.5 1
98 95.5 0
97 95.5 1
97 46.5 0
121 85.5 1
121 47.5 0
123 47.5 1
123 85.5 0
122 85.5 1
122 47.5 0
120 47.5 1
120 95.5 0
119 95.5 1
119 47.5 0
118 47.5 1
118 95.5 0
117 95.5 1
117 47.5 0
116 47.5 1
116 95.5 0
115 95.5 1
115 47.5 0
114 47.5 1
114 95.5 0
113 95.5 1
113 47.5 0
112 47.5 1
112 95.5 0
111 95.5 1
111 47.5 0
110 47.5 1
110 95.5 0
109 95.5 1
109 47.5 0
108.5 47.5 1
123.5 47.5 1
123.5 85.5 1
120.5 85.5 1
120.5 95.5 1
92.5 95.5 1
92.5 85.5 1
96.5 85.5 0
96 85.5 1
96 95.5 0
95 95.5 1
95 85.5 0
93 85.5 1
93 95.5 0
94 95.5 1
94 85.5 0
96.5 85.5 1
96.5 70.5 1
92.5 70.5 1
92.5 46.5 1
84.5 46.5 1
84.5 49.5 1
72.5 49.5 1
72.5 59.5 1
79.5 59.5 1
79.5 69.75968757625671 1
74.82460947032089 73.5 1
67.5 73.5 0
67.5 79 1
50.5 79 0
50.5 80 1
67.5 80 0
67.5 82 1
50.5 82 0
50.5 81 1
67.5 81 0
67.5 78 1
50.5 78 0
50.5 77 1
67.5 77 0
67.5 76 1
50.5 76 0
50.5 75 1
67.5 75 0
67.5 74 1
50.9021532723382 74 0
52.04501041519534 73 1
75.44960947032089 73 0
76.69960947032089 72 1
53.18786755805249 72 0
54.33072470090963 71 1
77.94960947032089 71 0
79.19960947032089 70 1
55.47358184376677 70 0
56.61643898662392 69 1
79.5 69 0
79.5 68 1
57.5 68 0
57.5 67 1
79.5 67 0
79.5 66 1
57.5 66 0
57.5 65 1
79.5 65 0
79.5 64 1
57.5 64 0
57.5 63 1
79.5 63 0
79.5 62 1
57.5 62 0
57.5 61 1
79.5 61 0
79.5 60 1
57.5 60 0
57.5 59 1
72.5 59 0
67.5 73.5 1
67.5 82.5 1
50.5 82.5 1
50.5 74.5 1
50.33072470090963 74.5 1
57.5 68.22688411329592 1
57.5 53.5 1
49.5 53.5 1
49.5 50.5 1
51.5 50.5 0
51.5 50 1
72.5 50 0
72.5 49.5 0
78.5 39 1
69.5 39 0
69.5 38 1
78.5 38 0
78.5 37 1
69.5 37 0
69.5 39.5 1
67.5 39.5 0
67.5 39.5 0