31.6807 6.35689 0
27.20599930277652 7.5 1
100 7.5 0
100 10.5 1
0 10.5 0
0 13.5 1
100 13.5 0
100 16.5 1
0 16.5 0
0 19.5 1
100 19.5 0
100 22.5 1
0 22.5 0
17.3327825351679 7.5 1
0 7.5 0
0 4.5 1
17.00949049799766 4.5 0
16.9612 4.50606 1
25.2788 3.46228 0
25.02091153875694 1.5 1
0 1.5 0
0 0 1
100 0 0
100 1.5 1
30.86333356325915 1.5 0
30.7277 0.6940489999999999 1
24.9708 1.1187 0
30.7277 0.6940489999999999 0
31.6807 6.35689 1
26.88840324729201 6.35689 1
26.7245 5.766959999999999 1
31.6807 6.35689 0
31.6807 6.35689 0