47.46510000000001 58.8657 0
43.8173 61.2353 1
37.42310000000001 58.33510837756872 0
40.96644981924857 59.94225132916986 1
37.42310000000001 55.23512981754322 0
27.9318 40.63379999999999 1
43.0582 24.5488 0
43.60850625921503 25.04447727088721 1
44.72329999999999 23.85903610044836 0
44.72329999999999 26.0486052628578 1
44.72329999999999 13.22171473059077 1
51.2543 11.1816 0
51.2543 7.869378733092779 1
47.25712372530968 0 0
51.2543 1.244936199278336 1
50.62194646765161 0 0
51.2543 0 1
51.2543 15.18128259592167 0
55.61499999999999 13.7249 0
56.5 14.39611187181729 1
56.5 0 0
53.5 0 1
53.5 14.43126576475665 0
51.2543 13.59983719195534 1
44.72329999999999 15.78105459603368 0
44.72329999999999 15.10075945081061 1
27.9318 32.95638124449582 0
27.9318 37.3355195693147 1
44.72329999999999 19.47989777562948 0
39.92287939019788 15.82625709414457 1
27.9318 28.57724291967695 0
23.5 30.74965155114533 1
23.5 76.76329031670431 0
21.6498 79.37960000000001 1
26.9197 71.92760000000001 0
26.5 72.52108458225013 1
26.5 27.96940050963315 0
27.9318 26.6424793625541 1
27.9318 40.63379999999999 0
29.5 41.91080983171742 1
29.5 73.84780270547944 0
26.9197 71.92760000000001 0
8.4129 73.7663 1
6.10243 65.13849999999999 0
5.5 65.29983712397453 1
5.5 0 0
8.5 0 1
8.5 100 0
5.5 100 1
5.5 74.45738551439868 0
3.60447 74.90710000000001 1
1.933 69.3261 0
2.5 71.2192999976069 1
2.5 100 0
0 100 1
0 0 0
2.5 0 1
2.5 66.10326884537551 0
1.78856 66.2938 0
2.5 68.00436577170981 1
2.5 69.12162102320121 0
2.90407 68.9759 1
1.78856 66.2938 0
21.487 32.6152 1
19.0132 16.5974 0
20.5 26.22439694397283 1
20.5 100 0
14.5 100 1
14.5 0 0
11.5 0 1
11.5 100 0
17.5 100 1
17.5 0 0
20.5 0 1
20.5 15.36943875071595 0
23.5 12.89171225902092 1
23.5 0 0
26.5 0 1
26.5 10.4139857673259 0
27.9175 9.243259999999999 1
30.1603 11.81182738722229 1
36.3212 18.8676 0
30.1603 11.81182738722229 1
30.1603 3.80747 0
31.81214638374842 1.259711721364658 1
30.1603 2.117345138124987 0
30.1603 1.398960051393479 1
30.1603 0 1
46.75559490532862 0 1
30.1603 1.398960051393479 0
29.5 0 1
29.5 11.05561860989802 0
30.1603 7.440957192696795 1
34.27977310680328 16.52965522504742 0
36.5218 17.8427 1
43.8622 13.4907 0
44.72329999999999 17.3625 1
47.3779 23.5928 0
47.5 23.54555040513455 1
47.5 28.54966182004789 0
56.5 20.06277928483091 1
56.5 60.09741294773337 0
53.5 58.20585409266809 1
53.5 21.22370299159879 0
50.5 22.38462669836667 1
50.5 56.31429523760281 0
47.5 54.42273638253751 1
47.5 30.00811479191964 0
46.5078 30.88 0
41.5 34.27352632265634 1
41.5 50.63961867240694 0
44.5 52.53117752747222 1
44.5 30.94753237081913 0
45.2089 30.1616 1
35.3216 41.1233 0
35.5 40.92551422633075 1
35.5 41.25905650724185 0
36.2813 41.8536 1
33.5117 45.1776 0
32.5 44.35375683793616 1
32.5 76.08033695205481 0
33.3437 76.70820000000001 1
31.08167536766404 79.8055355922975 1
27.6726 84.4735 1
27.6726 89.64784583956154 1
25.9292 94.68119999999999 0
26.5 94.83744865449489 1
26.5 100 0
23.5 100 1
23.5 80.94444256159926 0
26.5 83.48175079033007 1
26.5 93.03324855180782 0
27.6726 85.06478896212965 1
28.06216588880396 83.94007685522573 0
30.5453 81.35409999999999 1
31.08167536766404 79.8055355922975 0
32.5 77.86345799403995 1
32.5 82.07662428707354 0
34.2238 82.71379999999999 1
29.8125 95.74420000000001 0
29.5 95.65865742023536 1
29.5 100 0
32.5 100 1
32.5 87.80567847573278 0
41.5 100 1
41.5 66.17875154761163 0
38.5 64.90640926698637 1
38.5 100 0
35.5 100 1
35.5 42.79129540727902 0
36.2813 41.8536 0
38.5 37.59952027449354 1
38.5 51.9155902670215 0
37.42310000000001 52.741 1
37.42310000000001 59.18203233641678 1
37.9447 59.76779999999999 1
36.5887 64.0958 0
37.5279615145076 59.29979400120379 1
49.3609 64.66681240293815 0
49.3609 64.94579999999999 1
47.82859999999999 68.86279999999999 0
47.5 68.72343610886219 1
47.5 100 0
44.5 100 1
44.5 67.45109382823691 0
50.5 80.18327527152496 1
50.5 100 0
53.5 100 1
53.5 89.6464151573403 0
53.7454 90.4205 1
48.5433 74.0111 0
50.5 73.18641579447461 1
50.5 62.2739559091425 0
53.5 65.64301839140799 1
53.5 71.92201521361085 0
54.1212 71.6602 1
58.762 89.05199999999999 0
56.5 89.66906075828251 1
56.5 100 0
59.5 100 1
59.5 63.50914769804598 0
59.9024 63.24509999999999 1
59.1405 61.7623 0
59.5 62.46195428533929 1
59.5 18.90185557806303 0
61.4473 18.1483 0
59.5 16.67140635255388 1
59.5 0 0
62.5 0 1
62.5 100 0
65.26480000000001 98.60597614283225 1
82.6413 93.26105737828814 0
82.6413 91.6917 1
80.774 84.92169999999999 0
80.5 85.00787223325511 1
80.5 78.1918934789411 0
83.5 77.13544438951124 1
83.5 100 0
86.5 100 1
86.5 76.07899530008135 0
77.5 79.24834256837099 1
77.5 85.95136383823794 0
74.5 86.89485544322079 1
74.5 72.40350680908884 0
76.74760000000001 79.51329999999999 1
74.09819999999999 71.13249999999999 0
74.5 70.99278667677319 1
74.5 7.498071389275816 0
70.53059999999999 6.454280000000001 1
71.60599999999999 2.68285 0
71.5 2.655768851801001 1
71.5 3.054592216849544 0
70.53059999999999 2.408104087045248 1
70.53059999999999 0 1
84.93469999999999 0 1
84.93469999999999 6.088100000000001 1
84.17080000000001 10.0411 0
83.5 9.864706775853726 1
83.5 67.86331950643671 0
90.1934 65.5359 1
92.72659999999999 73.88630000000001 0
92.5 73.96609712122159 1
92.5 100 0
95.5 100 1
95.5 0 0
98.5 0 1
98.5 100 0
89.5 100 1
89.5 75.02254621065148 0
92.72659999999999 73.88630000000001 0
92.5 73.13933938102005 1
92.5 0 0
89.5 0 1
89.5 65.77700805954569 0
86.5 66.82016378299122 1
86.5 0 0
84.93469999999999 1.443560809149911 1
79.28436919993644 0 0
84.93469999999999 4.539920269716637 1
70.53059999999999 0.8599243567618853 0
68.5 0 1
68.5 57.12857071323673 0
71.5797 56.23480000000001 0
71.5 56.25793002105561 1
71.5 6.70919292708318 0
70.53059999999999 6.454280000000001 0
65.5 0 1
65.5 89.72533025816935 0
65.26480000000001 89.79929999999999 1
67.04220000000001 96.48990000000001 0
70.9368453105256 100 1
82.6413 96.39977213486443 0
81.14090628324647 100 1
82.6413 99.53848689144073 0
82.6413 100 1
65.26480000000001 100 1
65.26480000000001 97.0366187645441 0
65.5 96.96427249841338 1
65.5 90.68465451783504 0
56.5 80.57495905878298 1
56.5 65.47769415465123 0
68.5 61.26958863366491 1
68.5 88.7818386531865 0
71.5 87.83834704820364 1
71.5 60.87060866442157 0
72.23920000000001 60.7723 1
71.5797 56.23480000000001 0
80.5 68.9064752298822 1
80.5 9.075828313661091 0
77.5 8.286949851468453 1
77.5 69.9496309533277 0
54.51349999999999 66.78120000000001 1
49.3609 60.9947228846263 0
49.3609 61.37265106411422 1
45.97204714598767 59.83558268075761 0
47.46510000000001 58.8657 0