43.66889999999999 64.4213 0
43.66889999999999 64.4213 1
28.7038 68.9761 0
29.1999853432661 70.5 1
0 70.5 0
0 67.5 1
33.55362526345833 67.5 0
43.41032588697638 64.5 1
0 64.5 0
0 1.5 1
100 1.5 0
100 4.5 1
0 4.5 0
0 7.5 1
100 7.5 0
100 10.5 1
0 10.5 0
0 13.5 1
100 13.5 0
100 16.5 1
0 16.5 0
0 19.5 1
100 19.5 0
100 22.5 1
73.86452457786118 22.5 0
73.67230000000001 21.8201 1
65.42910000000001 29.8978 0
67.01462396840628 31.5 1
0 31.5 0
0 28.5 1
66.85553883283609 28.5 0
69.91700434901023 25.5 1
0 25.5 0
0 22.5 1
72.97846986518439 22.5 0
73.67230000000001 21.8201 0
74.71269891759272 25.5 1
100 25.5 0
100 28.5 1
75.56087325732429 28.5 0
76.21899999999999 30.8278 1
70.79150000000001 35.31659999999999 0
71.77886778203529 34.5 1
100 34.5 0
100 31.5 1
75.40622921493494 31.5 0
70.79150000000001 35.31659999999999 0
69.98339934302797 34.5 1
0 34.5 0
0 37.5 1
100 37.5 0
100 40.5 1
0 40.5 0
0 43.5 1
100 43.5 0
100 46.5 1
0 46.5 0
0 49.5 1
100 49.5 0
100 52.5 1
0 52.5 0
0 55.5 1
100 55.5 0
100 58.5 1
69.48064614661368 58.5 0
67.24950000000001 56.9554 1
72.0121 60.2525 0
70.96678232126831 61.5 1
100 61.5 0
100 64.5 1
43.69685333556916 64.5 0
44.76241885917106 67.5 1
100 67.5 0
100 70.5 1
45.82798438277298 70.5 0
46.2107 71.57749999999999 1
31.0946 76.31880000000001 0
30.17679223991175 73.5 1
0 73.5 0
0 76.5 1
100 76.5 0
100 73.5 1
40.08143118132158 73.5 0
63.81482319599702 88.5 1
12.43179026433778 88.5 0
9.717852704167239 91.5 1
100 91.5 0
100 94.5 1
0 94.5 0
0 97.5 1
100 97.5 0
100 100 1
0 100 0
0 91.5 1
9.502106620778783 91.5 0
9.623860000000001 91.60390000000001 1
7.538349999999999 89.82419999999999 0
6.266279383517949 88.5 1
0 88.5 0
0 85.5 1
7.942455430677599 85.5 0
8.84928 84.35579999999999 1
12.9127 87.9684 0
10.13626587277861 85.5 1
62.9357430299159 85.5 0
62.05666286383477 82.5 1
0 82.5 0
0 79.5 1
100 79.5 0
100 82.5 1
65.46050109796619 82.5 0
71.71491142270094 85.5 1
100 85.5 0
100 88.5 1
69.08418120633516 88.5 0
64.25239999999999 89.9933 1
74.48769999999999 86.83000000000001 1
61.5 80.6003 0
69.21090000000001 63.5955 1
64.3339 60.8875 0
65.43698807237814 61.5 1
0 61.5 0
0 58.5 1
66.10419958546325 58.5 0
43.66889999999999 64.4213 0