31.2992 78.6498
12.8649 64.2748
7.95227 70.777
25.4326 85.3126

29.1723 65.8335
28.8672 61.9829
19.5762 62.3243
19.728 66.3376

27.0817 38.2017
26.3156 32.1572
21.9153 32.2313
22.6464 38.9211

41.7438 16.4155
28.8281 12.7339
24.1955 27.1144
23.1868 26.9647
22.6507 29.641
36.9782 33.8295

44.6711 93.8036
39.5151 86.903
26.9668 90.9992
28.5846 93.2482
32.3934 90.995
39.2558 98.096

60.6357 61.6461
49.951 56.9398
45.6678 56.3281
43.9463 63.8159
51.9518 65.9061
58.918 69.0123

66.1101 14.4859
59.3866 7.30121
48.955 4.40826
44.3138 24.0359
62.4913 28.8837

75.9451 52.662
67.0773 49.3056
61.326 49.355
61.6503 57.3706
75.72 57.9331

77.8193 43.6925
68.3645 34.9599
62.2449 41.2742
69.3505 48.2146

83.4786 19.3016
80.8738 17.2065
79.444 14.984
74.8656 19.4391
75.8749 21.4008
78.4797 23.4959

85.136 73.4726
78.8146 71.0426
72.9322 84.9347
80.1677 83.8252

84.1412 60.4032
77.936 58.9234
77.4771 66.2771
83.1531 66.8232

97.6307 32.9574
89.0972 32.9272
81.5673 31.1168
80.7134 43.5218
89.6618 47.8954
95.8906 48.2685

92.3368 87.2813
74.2455 90.4109
77.8332 96.3665