53.0996 41.52800000000001 0
45.23130533064229 40.5 1
0 40.5 0
0 37.5 1
30.70809966159052 37.5 0
32.7499 39.196 1
37.1003 34.95650000000001 1
31.2761 29.9989 0
30.20756795715635 28.5 1
100 28.5 0
100 31.5 1
33.0395957681136 31.5 0
36.56400273922866 34.5 1
40.8234692143096 34.5 0
41.0702 32.3659 1
52.4526 33.26600000000001 0
52.54923495521666 34.5 1
100 34.5 0
100 37.5 1
52.78416596465746 37.5 0
53.01909697409828 40.5 1
100 40.5 0
100 64.5 1
65.25188252532249 64.5 0
65.7954 66.49170000000001 1
56.57510000000001 69.43049999999999 0
56.76952731092437 70.5 1
100 70.5 0
100 67.5 1
62.63192222335647 67.5 0
78.64297357948854 88.5 1
100 88.5 0
100 85.5 1
0 85.5 0
0 88.5 1
52.12270688210447 88.5 0
51.89512351729111 91.5 1
0 91.5 0
0 94.5 1
51.66754015247777 94.5 0
51.5693 95.79499999999999 1
79.27500000000001 97.19460000000001 0
79.40380896776881 94.5 1
100 94.5 0
100 97.5 1
0 97.5 0
0 100 1
100 100 0
100 91.5 1
79.54721685884968 91.5 0
79.68790000000001 88.55699999999999 1
52.232 87.05930000000001 0
51.7975 79.24860000000001 1
48.5223 80.37459999999999 0
51.06625197158081 79.5 1
100 79.5 0
100 82.5 1
0 82.5 0
0 79.5 1
45.88081661655804 79.5 0
44.6345 77.03319999999999 1
46.617 75.45910000000001 0
45.30603865701036 76.5 1
0 76.5 0
0 73.5 1
57.04989479390076 73.5 0
57.4188 74.07149999999999 0
57.31490546218487 73.5 1
100 73.5 0
100 76.5 1
50.77095855155245 76.5 0
55.11338452566325 70.5 1
21.93225412374802 70.5 0
27.78737550810678 67.5 1
53.17687425742574 67.5 0
53.02460000000001 67.26410000000001 0
53.62267623762376 64.5 1
33.64249689246556 64.5 0
39.49761827682433 61.5 1
56.55415324533998 61.5 0
53.1053 62.4098 1
63.9041 59.5611 0
64.4332088174184 61.5 1
100 61.5 0
100 58.5 1
42.20224804434382 58.5 0
42.8608 59.77679999999999 1
18.1719 72.42670000000001 0
17.24533771230985 70.5 1
0 70.5 0
0 67.5 1
15.80261862627133 67.5 0
14.375 64.53139999999999 1
38.8968 52.09139999999999 0
39.10754900460614 52.5 1
78.27106988200222 52.5 0
78.35319999999999 53.77379999999999 1
95.91980000000001 52.7593 1
96.03399225780586 53.77379999999999 1
100 53.77379999999999 1
100 44.27849999999999 0
100 48.77727488818198 1
99.49361728748957 44.27849999999999 0
100 43.5 1
0 43.5 0
0 46.5 1
77.88421110669481 46.5 0
77.83410000000001 45.72280000000001 1
94.96520000000001 44.27849999999999 0
96.47467242916318 44.27849999999999 1
97.54346468696906 53.77379999999999 0
100 55.5 1
40.65489852447497 55.5 0
38.8968 52.09139999999999 0
14.43689586173634 64.5 1
0 64.5 0
0 61.5 1
20.35051322508038 61.5 0
26.26413058842444 58.5 1
0 58.5 0
0 55.5 1
32.1777479517685 55.5 0
38.09136531511254 52.5 1
0 52.5 0
0 49.5 1
78.07764049434851 49.5 0
77.83410000000001 45.72280000000001 0
100 1.5 1
0 1.5 0
0 4.5 1
100 4.5 0
100 7.5 1
0 7.5 0
0 10.5 1
100 10.5 0
100 13.5 1
0 13.5 0
0 16.5 1
100 16.5 0
100 19.5 1
0 19.5 0
0 22.5 1
51.56017479055598 22.5 0
47.0783 24.2067 1
53.9743 21.5807 0
54.36373004281405 22.5 1
100 22.5 0
100 25.5 1
28.06893554103056 25.5 0
26.5972 23.4355 1
22.4393 27.3702 0
23.12986786716981 28.5 1
0 28.5 0
0 25.5 1
24.4155890639693 25.5 0
22.4393 27.3702 0
24.96355843320755 31.5 1
0 31.5 0
0 34.5 1
27.09642453468697 34.5 0
26.4887 33.9952 1
32.7499 39.196 0
34.49026523174902 37.5 1
40.4766286927449 37.5 0
40.20569999999999 39.8434 1
53.0996 41.52800000000001 0
53.0996 41.52800000000001 0