76.5 55.5 0
76.5 57 1
91.5 57 0
91.5 58 1
76.5 58 0
76.5 61 1
91.5 61 0
91.5 62 1
76.5 62 0
76.5 60 1
91.5 60 0
91.5 59 1
76.5 59 0
101 47.5 1
101 38.5 0
102 38.5 1
102 47.5 0
103 47.5 1
103 38.5 0
104 38.5 1
104 47.5 0
105 47.5 1
105 19.5 0
106 19.5 1
106 47.5 0
107 47.5 1
107 19.5 0
108 19.5 1
108 47.5 0
109 47.5 1
109 19.5 0
110 19.5 1
110 47.5 0
111 47.5 1
111 19.5 0
112 19.5 1
112 47.5 0
113 47.5 1
113 19.5 0
114 19.5 1
114 47.5 0
115 47.5 1
115 15.5 0
114.5 14 1
129.5 14 0
129.5 15 1
114.5 15 0
116 15.5 1
116 47.5 0
129 44.5 1
129 47.5 0
130 47.5 1
130 44.5 0
131 44.5 1
131 47.5 0
128 47.5 1
128 29.5 0
127 29.5 1
127 47.5 0
126 47.5 1
126 29.5 0
125 29.5 1
125 47.5 0
124 47.5 1
124 15.5 0
123 15.5 1
123 47.5 0
122 47.5 1
122 15.5 0
121 15.5 1
121 47.5 0
120 47.5 1
120 15.5 0
119 15.5 1
119 47.5 0
118 47.5 1
118 15.5 0
117 15.5 1
117 47.5 0
99.5 62 1
138.5 62 0
138.5 63 1
99.5 63 0
99.5 65 1
138.5 65 0
138.5 64 1
99.5 64 0
99.5 61 1
138.5 61 0
138.5 60 1
99.5 60 0
99.5 59 1
138.5 59 0
138.5 58 1
99.5 58 0
99.5 57 1
138.5 57 0
138.5 56 1
99.5 56 0
99.5 55 1
138.5 55 0
131.5 50.5 0
131.5 50 1
50.5 50 0
50.5 49 1
131.5 49 0
131.5 48 1
50.5 48 0
51 47.5 1
51 35.5 0
50 35.5 1
50 45.5 0
48 45.5 1
48 33.5 0
49 33.5 1
49 45.5 0
50.5 45.5 0
52 47.5 1
52 35.5 0
53 35.5 1
53 47.5 0
54 47.5 1
54 35.5 0
55 35.5 1
55 47.5 0
56 47.5 1
56 35.5 0
57 35.5 1
57 47.5 0
64.5 59 1
42.5 59 0
42.5 60 1
64.5 60 0
64.5 62 1
42.5 62 0
42.5 61 1
64.5 61 0
64.5 58 1
42.5 58 0
42.5 57 1
64.5 57 0
64.5 56 1
42.5 56 0
46.5 50.5 1
46.5 47.5 1
42.5 47.5 1
42.5 28.5 0
43 28.5 1
43 9.5 0
44 9.5 1
44 28.5 0
45 28.5 1
45 9.5 0
46 9.5 1
46 28.5 0
47 28.5 1
47 9.5 0
48 9.5 1
48 28.5 0
49 28.5 1
49 24.5 0
49.5 25 1
53.5 25 0
53.5 26 1
49.5 26 0
48.5 24.5 0
42 9.5 1
42 31.5 0
42.5 28.5 1
49.5 28.5 1
49.5 26.5 1
53.5 26.5 1
53.5 24.5 1
48.5 24.5 1
48.5 9.5 1
41.5 9.5 1
41.5 31.5 1
17.5 31.5 1
17.5 10.5 1
16.16023252670427 10.5 1
9.5 15.2573089476459 1
9.5 43.5 1
11.5 43.5 0
9.5 43 1
42.5 43 0
42.5 42 1
9.5 42 0
9.5 41 1
42.5 41 0
42.5 40 1
9.5 40 0
9.5 39 1
42.5 39 0
42.5 38 1
9.5 38 0
9.5 37 1
42.5 37 0
42.5 36 1
9.5 36 0
9.5 35 1
42.5 35 0
42.5 34 1
9.5 34 0
9.5 33 1
42.5 33 0
42.5 32 1
9.5 32 0
10 31.5 1
10 14.90016609050305 0
11 14.18588037621733 1
11 31.5 0
12 31.5 1
12 13.47159466193162 0
13 12.7573089476459 1
13 31.5 0
14 31.5 1
14 12.04302323336019 0
15 11.32873751907448 1
15 31.5 0
16 31.5 1
16 10.61445180478876 0
17 10.5 1
17 31.5 0
20.5 43.5 0
20.5 46 1
11.5 46 0
11.5 47 1
20.5 47 0
11.5 45 1
20.5 45 0
20.5 44 1
11.5 44 0
11.5 43.5 1
11.5 48.5 0
11.5 48 1
20.5 48 0
20.5 52 1
8.5 52 0
8.5 53 1
20.5 53 0
20.5 55 1
8.5 55 0
8.5 54 1
20.5 54 0
20.5 51 1
8.5 51 0
8.5 50 1
20.5 50 0
20.5 49 1
8.5 49 0
11.5 48.5 1
8.5 48.5 1
8.5 55.5 1
20.5 55.5 1
20.5 43.5 1
35.5 43.5 1
35.5 46.5 1
25.5 46.5 1
25.5 55.5 1
42.5 55.5 1
42.5 62.5 1
64.5 62.5 1
64.5 55.5 1
76.5 55.5 0
76.5 55.5 0