54.1734 55.8126 0
54.1734 55.8126 1
60.2144 50.5059 0
56.80599965703733 53.5 1
40.69249306690355 53.5 0
42.96077127026147 50.5 1
90.60757637533308 50.5 0
88.87761311395278 47.5 1
45.22904947361941 47.5 0
32.33320000000001 74.40819999999999 0
29.01095378228243 77.5 1
43.15950638066074 77.5 0
43.1636 78.25149999999999 1
48.371 81.4667 0
46.80531401468026 80.5 1
25.78734984504435 80.5 0
50.2418 81.63460000000001 0
50.37417407908303 77.5 1
100 77.5 0
100 80.5 1
50.27812555268409 80.5 0
100 98.5 1
0 98.5 0
0 95.5 1
100 95.5 0
100 89.5 1
0 89.5 0
0 92.5 1
100 92.5 0
87.1721 44.5424 0
87.19427964675648 44.5 1
47.49732767697733 44.5 0
49.76560588033527 41.5 1
88.76359427575258 41.5 0
90.33290890474865 38.5 1
47.21069403170799 38.5 0
44.43380000000001 36.4474 1
50.3047 40.78700000000001 0
83.80760000000001 28.1051 1
100 28.1051 1
100 38.8189 1
100 50.8845 1
90.82929999999999 50.8845 0
92.39990623915151 50.8845 1
96.14524640505013 38.8189 0
96.31211166991716 38.5 1
90.48171303354013 38.5 0
90.36779999999999 38.4333 1
94.02889999999999 40.577 0
100 46.63963464191484 1
98.68233119575754 50.8845 0
95.54111871745451 50.8845 1
99.28645888335313 38.8189 0
99.11580000000001 38.8189 1
97.8956 38.8189 1
82.36510000000001 35.69119999999999 0
82.40145675775432 35.5 1
0 35.5 0
0 32.49999999999999 1
82.97190797774877 32.49999999999999 0
83.54235919774325 29.49999999999999 1
0 29.49999999999999 0
0 26.49999999999999 1
100 26.49999999999999 0
99.11580000000001 28.1051 1
99.11580000000001 38.8189 1
100 38.8189 0
97.8956 38.8189 1
99.11580000000001 31.3233 0
99.11580000000001 29.79051175020135 1
91.0987034384338 28.1051 0
100 11.49999999999999 1
26.52162441933724 11.49999999999999 0
29.3736 13.8755 1
22.5898 8.225059999999999 0
22.30629247995687 8.499999999999989 1
0 8.499999999999989 0
0 11.49999999999999 1
19.41831894821357 11.49999999999999 0
19.4541 11.266 1
22.5898 8.225059999999999 0
22.91988720949164 8.499999999999989 1
100 8.499999999999989 0
100 5.499999999999989 1
0 5.499999999999989 0
0 2.499999999999989 1
100 2.499999999999989 0
100 0 1
0 0 0
19.0732 13.757 1
28.3075 15.2906 0
28.90311773726239 14.49999999999999 1
100 14.49999999999999 0
100 17.49999999999999 1
78.38667646229621 17.49999999999999 0
78.0744 16.6864 1
64.066 20.6995 0
64.7623882783883 20.49999999999999 1
0 20.49999999999999 0
0 23.49999999999999 1
65.16174860867906 23.49999999999999 0
66.3228 26.4674 1
80.3888 22.7163 0
77.4500555783637 23.49999999999999 1
100 23.49999999999999 0
100 20.49999999999999 1
79.53813834391946 20.49999999999999 0
78.0744 16.6864 0
75.23439246467822 17.49999999999999 1
0 17.49999999999999 0
0 14.49999999999999 1
15.25780256273384 14.49999999999999 0
11.7669 14.6235 1
17.0612 14.4362 0
17.06451202185792 14.49999999999999 1
23.54704252738649 14.49999999999999 0
42.81073780370083 38.5 1
0 38.5 0
0 41.5 1
19.68049931037512 41.5 0
19.7063 41.0759 1
31.0042 40.9567 0
30.67964602323992 41.5 1
40.43853348288943 41.5 0
38.06632916207802 44.5 1
28.88752025427205 44.5 0
28.57751187883238 56.5 1
20.9761025845735 56.5 0
21.2221 57.1403 1
13.5409 58.37309999999999 0
0 77.5 1
15.56160096504806 77.5 0
14.30905388551515 77.82939999999999 1
16.1187 79.8373 1
11.4306 77.82939999999999 1
14.30905388551515 77.82939999999999 1
15.14294086665 77.82939999999999 1
18.75432551587288 81.83642611363263 1
17.0907 81.12389999999999 1
16.1187 79.8373 0
15.178 77.8683 1
26.0786 67.4025 0
24.93550453668139 68.5 1
0 68.5 0
0 71.5 1
21.81087001280361 71.5 0
18.68623548892584 74.5 1
0 74.5 0
0 80.5 1
9.604231573361343 80.5 0
7.552593259905199 83.5 1
0 83.5 0
0 86.5 1
8.556175787008371 86.5 0
6.48198 85.06549999999999 1
11.8532 88.78020000000001 0
13.41303275211264 86.5 1
100 86.5 0
100 83.5 1
22.56374590780626 83.5 0
21.3074 84.66919999999999 0
20.25364322075019 83.5 1
15.46526424774369 83.5 0
21.3074 84.66919999999999 1
32.33320000000001 74.40819999999999 0
32.23455771952052 74.5 1
46.4940229977753 74.5 0
46.5742 73.8698 1
50.48090000000001 74.16650000000001 0
50.47022260548198 74.5 1
100 74.5 0
100 71.5 1
81.11208642780664 71.5 0
79.93109999999999 73.76169999999999 1
74.84110000000001 70.43000000000001 0
76.4757909985893 71.5 1
29.73679596899667 71.5 0
27.05843406369099 68.5 1
75.96775472968849 68.5 0
77.71010000000001 65.5153 1
82.56460000000001 68.7183 0
82.23374225725883 68.5 1
100 68.5 0
100 65.5 1
0 65.5 0
0 62.5 1
31.85631857612922 62.5 0
28.19194525874962 59.5 1
0 59.5 0
0 56.5 1
12.80659092701407 56.5 0
12.5268 55.7863 0
12.85287715377145 53.5 1
0 53.5 0
0 50.5 1
13.2807437772742 50.5 0
13.6282 48.0638 1
17.0451 46.2681 0
14.70101183939412 47.5 1
0 47.5 0
0 44.5 1
19.49799030571906 44.5 0
19.4293 45.62909999999999 1
23.732 48.2565 1
26.6344 48.2717 0
27.09539448530418 47.5 1
35.69412484126661 47.5 0
33.32192052045519 50.5 1
18.67095735177793 50.5 0
17.51838473538014 47.5 1
22.49313551419654 47.5 0
30.94971619964379 53.5 1
19.82352996817571 53.5 0
26.986 58.5127 1
33.111 63.52719999999999 0
33.88765845682975 62.5 1
100 62.5 0
100 59.5 1
59.41215545957877 59.5 0
62.6150702791149 56.5 1
100 56.5 0
100 53.5 1
62.97420885402818 53.5 0
62.2383 52.88039999999999 1
64.4718 54.76090000000001 1
58.8604 60.0168 1
56.6134 58.30549999999999 0
58.18182254426459 59.5 1
36.15593666018769 59.5 0
38.42421486354561 56.5 1
54.84621318945806 56.5 0
54.1734 55.8126 0