30.1505 66.9144
14.5722 52.8314
8.01804 58.2205
17.405 66.8045
22.2197 73.809
27.248 68.4881

30.7529 43.9092
24.0042 41.2632
22.2802 45.7638
29.1358 48.7739

26.7493 30.6205
19.863 27.7868
12.2836 23.5497
8.83408 29.593
17.0511 34.3132
23.5606 36.485

34.6293 88.5453
26.4401 85.7883
23.8495 94.0106
31.6727 96.8677

40.6732 49.2892
35.236 15.7539
32.3309 16.5091
37.3278 49.9661

53.9097 83.7386
46.0878 73.4351
37.3413 79.8137
44.2032 90.1192

52.0165 53.1579
44.3836 48.7923
39.4186 57.3951
45.8969 64.4805

60.141 24.4925
55.4149 24.0457
55.8946 11.7207
49.2768 11.8171
47.5104 25.4403
52.1249 25.8431
51.7539 37.566
58.5303 38.0482

73.7268 19.346
71.8415 11.1104
60.1001 12.0025
60.4617 21.7165

82.3104 79.0766
82.2816 75.6784
74.5682 76.0445
75.0146 82.2232
81.9205 82.5843

86.9905 43.4783
83.2559 44.471
84.0299 51.0823

94.1769 6.66308
85.9551 4.95883
84.7344 9.83402

96.8966 63.1536
93.5981 56.7965
87.9044 59.2344
90.9134 65.8368

98.3137 88.6217
95.9387 84.7272
92.1245 85.6998
93.3331 89.8767