44.0106 37.958
14.707 28.1465
12.3361 36.9754
41.9274 45.6567

40.4121 16.277
40.1961 10.5086
34.2356 10.3973
30.6808 14.4622
30.8512 18.2777
35.6037 18.1297
35.592 16.6847

37.2917 86.1076
28.9063 71.372
12.8871 79.3151
21.9277 92.9303

51.8869 58.5619
45.3003 54.6821
43.5116 61.1296
49.3671 63.8528

75.7516 20.8747
62.8405 7.94317
49.8829 21.3903
63.049 34.6029

79.7154 0.17234
72.4541 2.28779
69.4394 11.6904
75.9166 13.0022

81.6112 79.147
72.6466 67.9557
58.9197 69.4056
72.9274 86.8983

93.1866 54.4062
81.1557 40.6881
75.5437 64.2695
77.7621 67.3878

93.6457 41.2293
89.833 37.7878
87.9168 41.9274
90.8463 44.5566

72.3293 43.1265
72.2725 38.5653
64.0596 38.453
63.2069 43.2402

85.2287 90.1064
83.6382 84.8849
77.2791 86.5159
78.6393 91.6696