66.5 55.5 0
72 55.5 1
72 76.5 0
73 76.5 1
73 55.5 0
73.5 55 1
17.5 55 0
34.5 54.5 0
34.5 54 1
108.2426910523541 54 0
107.5284053380684 53 1
34.5 53 0
36 49.5 1
36 40.5 0
37 40.5 1
37 49.5 0
38 49.5 1
38 40.5 0
39 40.5 1
39 49.5 0
40 49.5 1
40 40.5 0
45.5 39 1
10.86023252670426 39 0
10.5 38 1
45.5 38 0
45.5 37 1
10.5 37 0
10.5 36 1
45.5 36 0
45.5 35 1
10.5 35 0
10.5 34 1
45.5 34 0
45.5 33 1
10.5 33 0
10.5 32 1
45.5 32 0
45.5 31 1
10.5 31 0
10.5 30 1
45.5 30 0
45.5 29 1
10.5 29 0
10.5 28 1
45.5 28 0
45.5 27 1
10.5 27 0
10.5 26 1
45.5 26 0
45.5 25 1
10.5 25 0
10.5 24 1
45.5 24 0
45.5 23 1
10.5 23 0
10.5 22 1
45.5 22 0
45.5 21 1
10.5 21 0
10.5 20 1
45.5 20 0
41 40.5 1
41 49.5 0
66.5 55.5 0