66.5 55.5 0
48.5 48 1
95.5 48 0
95.5 47 1
87.5 47 0
87.5 47.5 1
48.5 47.5 1
48.5 48.5 1
48.5 49.5 1
42.5 49.5 1
41.5 49.5 1
41.5 42.5 0
41.5 41 1
45.5 41 0
45.5 40 1
12.26023252670426 40 0
13.66023252670426 41 1
30.5 41 0
30.5 42 1
15.06023252670426 42 0
16.46023252670426 43 1
30.5 43 0
30.5 40.5 1
30.5 43.5 1
17.16023252670426 43.5 1
10.5 38.7426910523541 1
10.5 13.5 1
48.5 13.5 0
48.5 13 1
107.5 13 0
107.5 14 1
10.5 14 0
10.5 15 1
107.5 15 0
107.5 16 1
10.5 16 0
10.5 17 1
107.5 17 0
107.5 18 1
10.5 18 0
10.5 19 1
45.5 19 0
45.5 18.5 0
48.5 13.5 1
48.5 12.5 1
107.5 12.5 1
107.5 37.5 1
109.5 37.5 1
109.5 42.5 1
95.5 42.5 1
95.5 51.5 1
106.4569767666398 51.5 1
110.0284053380684 56.5 1
103.5 56.5 1
103.5 64.5 1
89.5 64.5 1
89.5 54.5 0
73.5 54.5 0
71 55.5 1
71 76.5 0
70 76.5 1
70 55.5 0
66.5 55.5 0