54.1217 57.71339999999999 0
54.1217 57.71339999999999 1
68.52529999999999 68.50909999999999 0
67.17896092425687 67.5 1
100 67.5 0
100 70.5 1
67.05030336269206 70.5 0
65.4298 72.68729999999999 1
51.19280000000001 63.0107 0
53.38397914350081 64.5 1
0 64.5 0
0 67.5 1
57.79782284893454 67.5 0
62.21166655436826 70.5 1
0 70.5 0
0 73.5 1
100 73.5 0
100 76.5 1
0 76.5 0
0 79.5 1
100 79.5 0
100 82.5 1
0 82.5 0
0 85.5 1
100 85.5 0
100 88.5 1
0 88.5 0
0 91.5 1
100 91.5 0
100 94.5 1
0 94.5 0
0 97.5 1
100 97.5 0
100 100 1
0 100 0
0 55.5 1
100 55.5 0
100 52.5 1
0 52.5 0
0 49.5 1
100 49.5 0
100 46.5 1
0 46.5 0
0 43.5 1
100 43.5 0
100 58.5 1
55.17118004853785 58.5 0
54.1217 57.71339999999999 0