54.1217 57.71339999999999 0
59.17377367377752 61.5 1
100 61.5 0
100 64.5 1
63.1763672990172 64.5 0
65.53440000000001 39.74939999999999 1
90.1789 20.2381 0
89.60648946960404 19.5 1
100 19.5 0
100 16.5 1
87.27993264642583 16.5 0
84.95337582324763 13.5 1
100 13.5 0
100 22.5 1
87.3219199653534 22.5 0
83.53265425778906 25.5 1
100 25.5 0
100 28.5 1
79.74338855022475 28.5 0
75.95412284266041 31.5 1
100 31.5 0
100 34.5 1
72.16485713509607 34.5 0
68.37559142753173 37.5 1
100 37.5 0
100 40.5 1
0 40.5 0
0 37.5 1
63.71268502540875 37.5 0
61.28308383230225 34.5 1
0 34.5 0
0 31.5 1
58.85348263919576 31.5 0
41.4567 11.8546 1
37.2567 11.8703 0
35.6396 17.2666 1
19.9305 12.5412 0
19.16774076967042 13.5 1
0 13.5 0
0 16.5 1
16.78113491757534 16.5 0
14.39452906548026 19.5 1
0 19.5 0
0 22.5 1
16.47360088505108 22.5 0
12.8317 21.4645 1
32.42270000000001 27.0348 0
32.92814605147315 25.5 1
61.26016896648899 25.5 0
65.26625308206826 22.5 1
33.91611722323458 22.5 0
34.90408839499601 19.5 1
69.27233719764754 19.5 0
73.2784213132268 16.5 1
33.09111816565793 16.5 0
23.11793071062768 13.5 1
77.28450542880606 13.5 0
81.29058954438534 10.5 1
41.14349086042702 10.5 0
40.8468 9.216840000000001 1
37.0055 8.871259999999999 0
37.14192348484849 10.5 1
0 10.5 0
0 7.5 1
100 7.5 0
100 4.5 1
0 4.5 0
0 1.5 1
100 1.5 0
100 10.5 1
82.62681900006942 10.5 0
82.13589999999999 9.866980000000002 1
56.7373 28.887 0
57.25408485090972 28.5 1
0 28.5 0
0 25.5 1
27.02473816670556 25.5 0
52.02807254072829 61.5 1
0 61.5 0
0 58.5 1
53.68678546995639 58.5 0
54.1217 57.71339999999999 0