50.392 55.0667 0
50.5 54.20313069486404 1
50.5 58.79964787231874 0
44.5 54.62189636225122 1
44.5 72.79859718478261 0
41.5 72.31631457608697 1
41.5 54.39541793162556 0
38.5 54.16893950099991 1
38.5 71.8340319673913 0
35.5 71.35174935869566 1
35.5 53.94246107037425 0
32.5 53.71598263974859 1
32.5 70.86946674999999 0
32.10209999999999 70.80549999999999 1
30.9413 78.21780000000001 0
32.5 78.45935209050074 1
32.5 83.6428336073767 0
35.5 78.92426276702747 1
35.5 84.04040200446514 0
36.10290000000001 84.12029999999999 1
35.3265 94.29519999999999 0
35.5 94.31281104666093 1
35.5 92.02144272282328 0
47.5 100 1
47.5 80.78390547313438 0
44.5 80.31899479660765 1
44.5 100 0
41.5 100 1
41.5 79.85408412008093 0
38.5 79.3891734435542 1
38.5 100 0
36.21667561070346 98.90867966486383 1
12.77712621249179 96.52945777343265 0
17.26093379482836 100 1
12.80034368748632 99.54722962238773 0
12.80382711348624 100 1
36.22507177312403 100 1
36.18184939821167 94.38202189143121 0
36.19345813570892 95.89090781590875 1
12.75390873749726 93.51168592447755 0
11.5 100 1
11.5 69.11499038784947 0
8.5 66.2528216916281 1
8.5 100 0
5.5 100 1
5.5 63.39065299540675 0
4.013030000000001 61.97199999999999 0
5.5 60.67994008974306 1
5.5 47.88467694642411 0
2.5 45.71734605556573 1
2.5 100 0
0 100 1
0 0 0
32.79554729561838 0 1
10.28136982892278 2.240284155058522 0
2.5 0 1
2.5 13.56642713976075 0
1.76162 13.6399 1
2.33205 24.9972 0
2.5 24.98144193606002 1
2.5 40.15897152332423 0
5.5 32.5934199925284 1
5.5 24.69996416398546 0
8.5 24.4184863919109 1
8.5 27.9651654365728 0
7.6313 27.2186 1
0.7867230000000001 44.4796 0
6.233930000000001 48.4149 1
10.4455 38.282 1
14.1159 32.7915 0
11.5 30.54338151774974 1
11.5 24.13700861983633 0
14.5 23.85553084776177 1
14.5 60.53340060314979 0
17.5 64.22862736538804 1
17.5 23.5740530756872 0
20.5 23.29257530361264 1
20.5 67.32614964205021 0
23.5 70.42367191871239 1
23.5 53.03654734787163 0
26.5 53.26302577849728 1
26.5 82.84769681319989 0
29.5 83.2452652102883 1
29.5 53.48950420912294 0
50.5 66.80313076378064 1
50.5 100 0
53.5 100 1
53.5 69.14591098200367 0
48.4395 80.92949999999999 1
49.5821 73.6156 0
47.5 73.28087979347825 1
47.5 64.46035054555759 0
46.35129999999999 63.5633 1
61.0692 46.66379999999999 1
64.941 59.91289999999999 1
55.5254 70.7276 0
56.5 69.60818046008751 1
56.5 100 0
59.5 100 1
59.5 66.16239899103616 0
62.5 62.71661752198479 1
62.5 100 0
74.5 73.24185703388494 1
74.5 100 0
71.5 100 1
71.5 58.06351188022064 0
69.93709999999999 50.1561 1
76.28210000000001 82.25829999999999 0
78.2183 81.78800000000001 0
77.5 78.46290906590241 1
77.5 55.59340536272147 0
80.5 54.86857858911024 1
80.5 100 0
77.5 100 1
77.5 81.96247396446648 0
78.2183 81.78800000000001 1
73.07314076441611 57.97048318428445 0
73.06309999999999 56.66540000000001 1
73.07314076441611 57.97048318428445 1
71.5653220761298 50.99062205288573 0
71.5 50.6882388660061 1
71.5 15.80288093030615 0
74.03280000000001 14.7452 1
70.2714 7.423730000000001 0
68.5 8.312858274910294 1
68.5 6.119117431639403 0
68.37010000000001 6.315379999999999 1
72.04400000000001 0.7645789999999999 0
71.5 1.586494605759547 1
71.5 9.815168837135108 0
80.5 14.22568134130473 1
80.5 15.79693686989918 0
80.87119999999999 15.7073 1
78.02770000000001 4.357670000000001 0
78.0157803632861 2.808373871395229 1
80.32754574800526 2.19155 0
86.14599999999999 2.19155 1
78.01103477828929 2.19155 0
78.00571428169906 1.5 1
91.38992313705697 1.5 0
92.5 0 1
92.5 22.7109030279623 0
91.00239999999999 21.2873 0
89.5 22.74654613286089 1
89.5 13.6372590606805 0
91.4495 9.24371 1
89.25110000000001 14.1982 1
85.27940000000001 19.4779 0
86.5 17.85531979001435 1
86.5 25.66037627036265 0
84.62430000000001 27.4822 0
86.5 29.15670801952054 1
86.5 100 0
83.5 100 1
83.5 20.49148371539149 0
80.57679999999999 22.1566 0
80.5 22.1804135829091 1
80.5 48.14974733515905 0
80.76070000000001 48.11069999999999 1
82.31399999999999 54.4303 0
89.5 52.56682909938405 1
89.5 30.16431497152674 0
92.5 27.27631509878154 1
92.5 51.28539345041557 0
95.5 52.40599575031311 1
95.5 0 0
98.5 0 1
98.5 100 0
95.5 100 1
95.5 57.65676889324672 0
94.8998 59.1384 1
97.3475 53.09610000000001 0
94.8998 59.1384 0
92.5 58.26692353505693 1
92.5 100 0
89.5 100 1
89.5 57.17748716751414 0
87.91829999999999 56.6031 1
90.3211 50.47150000000001 0
74.5 64.57557396595425 1
74.5 56.31823213633268 0
73.06309999999999 56.66540000000001 1
71.56309999999999 50.70180000000001 1
71.5653220761298 50.99062205288573 1
71.2747 49.64530000000001 0
74.5 50.26184587692812 1
74.5 0 0
77.5 0 1
77.5 16.52137277964474 0
76.49690000000001 16.7636 1
76.8725 18.3189 1
75.63220000000001 18.7212 0
76.07849999999999 23.5514 0
77.5 23.11063166529578 1
77.5 48.59908375816305 0
75.53899999999999 48.89279999999999 0
71.2747 49.64530000000001 0
62.5 51.55992383904128 1
62.5 15.99424535498738 0
65.5 13.16316288333333 1
65.5 100 0
68.5 100 1
68.5 17.05566156474963 0
67.7123 17.3846 1
64.1123 10.5152 0
65.5 9.818664318001005 1
65.5 4.959190184893671 0
64.87620000000001 4.664429999999999 1
64.84031382559414 0 0
63.13951150684279 6.025055403844084 1
10.35090078786606 11.27781173199402 0
10.36248928102327 12.78406632814994 1
10.3165 6.80645 1
7.418570000000001 2.65332 0
5.794517003704879 3.966444105360772 1
5.764000840972004 0 0
3.178127528811691 0 1
3.22463 6.044320000000001 1
6.50201 10.1997 0
5.5 8.929254609535665 1
5.5 13.26791068384681 0
8.5 12.96939422793286 1
8.5 8.422351109978006 0
10.32772380155163 8.265302539682189 1
63.11633452052837 3.01254621153225 0
64.86311686162131 2.963903706570921 1
70.31067600887053 0 0
72.03811764881431 0 1
64.84031382559414 0 1
63.09315724940353 0 0
63.09315753421394 3.701922041698996e-05 1
10.30454681523721 5.252793347370355 0
8.799731789118081 4.632713726294279 1
8.764089626462781 0 0
10.26413401920817 0 1
63.09315724940353 0 1
63.1511 7.53131 1
62.2398 19.3763 0
59.5 19.6333642666433 1
59.5 48.46559885717392 0
56.5 51.91028186222219 1
56.5 19.91484203871786 0
51.89328499747111 21.85365934126855 1
20.77321444835349 24.77352871625819 0
20.79637984286019 27.78453122315172 1
51.9164503919778 24.86466184816209 0
51.93961578648451 27.87566435505561 1
20.8195452373669 30.79553373004524 0
20.84271063187359 33.80653623693877 1
51.96278118099121 30.88666686194914 0
51.98594657549792 33.89766936884267 1
20.8658760263803 36.8175387438323 0
11.5 56.49564789456048 1
11.5 36.70458820564517 0
8.5 42.96280951996523 1
8.5 58.07317618006712 0
11.0353 55.8702 1
16.4071 63.1002 1
24.2853 71.2345 0
23.5 71.98714995066226 1
23.5 82.45012841611145 0
20.5 82.05256001902305 1
20.5 74.86242035940643 0
17.5 81.65499162193461 1
17.5 74.83932778029217 0
14.5 71.97715908407082 1
14.5 81.25742322484621 0
13.3936 81.11080000000001 0
12.7423 92.00280000000001 1
13.3936 81.11080000000001 0
47.5 62.24433087736702 1
47.5 54.84837479287687 0
53.5 55.35496486727047 1
53.5 20.19631981079242 0
51.88170230021775 20.34815808782179 1
52.047 41.83329999999999 0
52.03227736451132 39.91967438262972 1
40.64169006130764 40.98840676153858 0
52.00911197000461 36.90867187573619 1
22.69595579355018 39.65900584007692 0
22.3449 39.633 1
20.9892 52.84699999999999 1
20.88858825771016 39.76963979488859 1
22.3449 39.633 1
52.047 41.83329999999999 1
50.392 55.0667 0
50.392 55.0667 0