18.2169 21.6755
8.65117 9.75762
0.365123 15.8682
8.6312 25.8823
17.8281 26.8007

43.1603 12.4505
37.013 7.7708
30.1728 17.6916
31.136 24.1007
32.8762 25.7534

54.2616 22.8576
42.0442 17.6438
31.2039 45.0652
43.3509 50.5707

75.4602 37.7057
56.852 27.4707
51.1309 35.4016
71.3199 45.0938

68.7208 19.2933
63.6715 13.7649
60.2229 17.558
65.322 22.7102

78.4777 22.2624
77.9672 16.9081
73.558 16.6695
72.1141 5.8694
65.3108 6.78162
65.2817 8.64816

66.6611 78.4295
63.2415 75.1719
58.9293 79.2123
62.2701 82.2432

69.4152 91.4427
67.6329 85.4135
61.0532 86.7638
62.8056 93.0312

81.8098 65.5744
81.5778 55.8033
70.7985 58.105
71.7084 67.6748

89.0899 79.7163
83.4344 76.2971
76.7549 87.0128
76.858 90.7379
80.7558 92.7812

91.2844 58.0977
89.3478 56.6953
84.311 60.5804
86.9656 62.3466

96.305 54.626
95.1855 42.1405
90.7513 43.0932
92.1416 55.2228