17.3283 60.4042
10.933 53.8527
0.324475 64.5445
6.85306 71.2956

44.4319 13.5851
43.873 9.47933
13.2225 14.3731
13.1765 18.9729

45.4295 88.7165
34.3871 79.0497
31.4942 82.5106
23.8193 76.8193
20.3627 82.4928
28.2974 89.949
31.0492 86.5822
41.2433 94.3668

29.7153 63.6947
25.291 61.583
22.9915 66.51
27.428 68.2825
28.6065 66.2021

31.5696 58.5658
27.2514 49.6549
26.4968 50.3764
23.7297 51.1135
28.6768 60.3773

75.0228 61.9934
53.6981 43.6479
48.4346 49.5602
70.4441 67.6798

83.7217 50.8413
78.7204 49.9197
78.7474 37.7742
72.0346 37.6716
70.6685 51.6779
75.4762 52.2126
75.5984 65.5488
82.8023 65.5173

99.6926 84.8
95.3927 84.8319
95.3217 88.7326
99.6201 88.5007