26.5611 59.3606
14.5423 45.0218
7.77173 50.9724
18.5717 65.378

23.6274 40.761
21.1171 30.3242
12.3344 31.6405
15.4174 42.7261

39.0881 38.4615
34.7661 37.5104
34.5932 27.6369
27.7054 27.0808
26.7674 35.6437
38.7366 41.2095

42.1328 65.2192
37.9592 61.4895
35.5428 65.9551
32.4718 69.8716
28.8373 72.3836
32.4966 74.796
37.1985 72.1404
39.6447 69.1511

40.5584 44.9987
37.1487 42.5808
32.302 49.5886
35.9932 52.059

52.0223 58.1213
51.0898 51.7312
43.8344 52.6637
44.6671 59.4199

67.5132 56.0447
65.7383 36.4437
53.6277 37.0429
56.6284 56.6671

84.0846 26.6818
83.4714 18.4796
65.5428 20.4521
66.156 28.6542

80.6837 73.7709
68.1871 60.512
64.0129 66.3687
67.2356 70.4851
76.9143 77.6245

86.612 90.7261
79.1447 77.5886
71.0464 81.8595
78.2846 95.0681