47.7226 50.61879999999999 0
47.7226 50.61879999999999 1
45.8556 44.56270000000001 0
46.5 46.65297897161221 1
46.5 36.21366448790802 0
49.37569999999999 34.1469 1
31.3144 8.4208 0
31.5 8.685164368013378 1
31.5 0 0
28.5 0 1
28.5 10.35479421265266 0
25.5 12.41632869174517 1
25.5 0 0
46.5 0 1
46.5 30.05081911047377 0
43.5 25.77768816198169 1
43.5 0 0
40.5 0 1
40.5 21.50455721348962 0
37.5 17.23142626499754 1
37.5 0 0
34.5 0 1
34.5 12.95829531650546 0
31.3144 8.4208 0
20.4977 15.8538 0
22.5 18.87546518955926 1
22.5 100 0
25.5 100 1
25.5 23.40275658878905 0
28.5 27.93004798801883 1
28.5 100 0
31.5 100 1
31.5 32.45733938724861 0
34.5 36.98463078647839 1
34.5 100 0
37.5 100 1
37.5 41.51192218570817 0
38.0252 42.3045 1
20.4977 15.8538 0
22.5 14.47786317083769 1
22.5 0 0
19.5 0 1
19.5 100 0
16.5 100 1
16.5 0 0
13.5 0 1
13.5 100 0
10.5 100 1
10.5 0 0
7.5 0 1
7.5 100 0
4.5 100 1
4.5 0 0
1.5 0 1
1.5 100 0
46.5 100 1
46.5 51.02671875804894 0
43.5 52.02766450820991 1
43.5 100 0
40.5 100 1
40.5 40.52586218844985 0
43.5 38.36976333817894 1
43.5 45.68655988624394 0
41.1086 46.8275 1
42.753 52.2769 0
52.5 74.25068295104319 1
52.5 0 0
49.5 0 1
49.5 100 0
52.5 100 1
52.5 79.23566626676404 0
51.29900000000001 77.8554 1
57.73390000000001 85.2508 0
58.5 84.94780645498921 1
58.5 100 0
55.5 100 1
55.5 82.68345877325211 0
57.73390000000001 85.2508 0
61.5 83.76130255858874 1
61.5 100 0
64.5 100 1
64.5 82.57479866218827 0
67.5 81.3882947657878 1
67.5 100 0
100 100 1
100 0 0
97.5 0 1
97.5 100 0
94.5 100 1
94.5 0 0
91.5 0 1
91.5 100 0
88.5 100 1
88.5 0 0
85.5 0 1
85.5 100 0
82.5 100 1
82.5 0 0
79.5 0 1
79.5 100 0
76.5 100 1
76.5 0 0
73.5 0 1
73.5 100 0
70.5 100 1
70.5 0 0
67.5 0 1
67.5 80.34773857036416 0
68.24359999999999 81.0942 1
57.6409 70.45070000000001 0
58.5 71.3131058824639 1
58.5 0 0
55.5 0 1
55.5 72.03318234742719 0
57.6409 70.45070000000001 0
61.5 74.32465011176399 1
61.5 0 0
64.5 0 1
64.5 77.33619434106407 0
47.7226 50.61879999999999 0