60.8505 63.7394 0
62.5 67.48229159041395 1
62.5 0 0
12.7317 18.113 1
9.288609999999998 7.242749999999999 1
9.288609999999998 1.87095 0
9.288609999999998 1.5 1
20.2908 1.5 0
20.2908 1.87095 1
12.7853 1.87095 0
10.99550660235628 1.87095 1
9.288609999999998 4.493174780731906 0
12.7853 1.87095 0
15.51912111154407 1.87095 1
20.2908 5.002577646703617 0
20.2908 6.79677 1
12.7317 18.113 0
11.5 14.2243746881435 1
11.5 100 0
8.5 100 1
8.5 0 0
5.5 0 1
5.5 100 0
2.5 100 1
2.5 0 0
0 0 1
0 100 0
14.5 100 1
14.5 15.46579470981995 0
17.5 10.97469259448876 1
17.5 100 0
20.5 100 1
20.5 0 0
23.5 0 1
23.5 100 0
26.5 100 1
26.5 0 0
29.5 0 1
29.5 100 0
32.5 100 1
32.5 0 0
35.5 0 1
35.5 100 0
38.5 100 1
38.5 0 0
41.5 0 1
41.5 100 0
44.5 100 1
44.5 0 0
47.5 0 1
47.5 100 0
50.5 100 1
50.5 0 0
53.5 0 1
53.5 100 0
56.5 100 1
56.5 70.4811647718698 0
56.8659 71.29409999999999 1
54.878 66.8775 0
56.5 66.02526087065718 1
56.5 0 0
59.5 0 1
59.5 64.44898627877774 0
60.8505 63.7394 0