55.7535 45.5757 0
50.1199 41.72629999999999 1
55.0749 32.86579999999999 0
52.5 37.47022007063572 1
52.5 30.96722851845748 0
51.4341 30.1813 1
58.3801 19.5219 0
58.5 19.59198322767342 1
58.5 0 0
55.5 0 1
55.5 23.94172982147999 0
52.5 28.54555936366254 1
52.5 0 0
49.5 0 1
49.5 100 0
46.5 100 1
46.5 0 0
43.5 0 1
43.5 100 0
40.5 100 1
40.5 0 0
37.5 0 1
37.5 100 0
34.5 100 1
34.5 0 0
31.5 0 1
31.5 100 0
52.5 100 1
52.5 43.35260590386254 0
55.5 45.40248519951719 1
55.5 69.55342392380794 0
58.5 63.22233856202067 1
58.5 41.66535488568603 0
61.5 37.39408769364456 1
61.5 56.89125320023341 0
25.5 72.38476774847871 1
25.5 0 0
28.5 0 1
28.5 100 0
25.5 100 1
25.5 89.06349306242274 0
28.3677 87.8794 1
23.9169 77.16300000000001 0
23.81315610096363 75.53845866574761 1
20.1416 77.37010350471536 0
20.1416 79.04640000000001 1
24.4845 89.4828 0
22.5 84.71385855534319 1
22.5 100 0
19.5 100 1
19.5 76.07952995476319 0
20.1416 75.99904333872004 1
27.29 75.10230000000001 1
22.36 67.61770000000001 0
22.5 67.83024442190668 1
22.5 0 0
19.5 0 1
19.5 69.14242563647605 0
16.5 70.74178819222013 1
16.5 0 0
13.5 0 1
13.5 72.34115074796424 0
10.5 73.94051330370834 1
10.5 0 0
1.5 0 1
1.5 100 0
4.5 100 1
4.5 0 0
7.5 0 1
7.5 100 0
10.5 100 1
10.5 77.20855044165262 0
13.5 76.83221027935613 1
13.5 100 0
16.5 100 1
16.5 76.45587011705967 0
25.5 76.37323215638492 1
25.5 80.97470415206254 0
58.5 74.31941859347293 1
58.5 100 0
55.5 100 1
55.5 72.47063710488138 0
54.4301 71.81129999999999 1
66.42609999999999 46.4954 0
64.5 50.56016783844615 1
64.5 0 0
67.5 0 1
67.5 46.98048018459501 0
76.5 51.04577645180343 1
76.5 0 0
79.5 0 1
79.5 52.40087520753957 0
81.83279999999999 53.4546 1
69.04400000000001 78.33320000000001 0
70.5 75.50078088327285 1
70.5 100 0
67.5 100 1
67.5 77.87404333761233 0
64.5 76.98189956354301 1
64.5 100 0
61.5 100 1
61.5 76.08975578947368 0
69.04400000000001 78.33320000000001 0
73.5 69.664752483423 1
73.5 100 0
76.5 100 1
76.5 63.82872408357312 0
79.5 57.99269568372326 1
79.5 100 0
82.5 100 1
82.5 0 0
85.5 0 1
85.5 100 0
88.5 100 1
88.5 0 0
91.5 0 1
91.5 100 0
94.5 100 1
94.5 0 0
97.5 0 1
97.5 100 0
100 100 1
100 0 0
73.5 0 1
73.5 49.6906776960673 0
70.5 48.33557894033116 1
70.5 0 0
61.5 0 1
61.5 21.34552520448957 0
64.35839999999999 23.0163 1
58.7628 33.121 0
61.5 28.17808327257131 1
61.5 35.32529248356205 0
62.4281 36.0727 1
55.7535 45.5757 0
55.7535 45.5757 0