55.352 56.0864 0
61.5 50.32725034137557 1
61.5 65.46634450693929 0
64.5 62.11143276616316 1
64.5 47.51699514035519 0
79.5 56.08689269012271 1
79.5 22.51952868511364 0
82.5 19.50291645307292 1
82.5 51.63514917924735 0
85.5 47.18340566837198 1
85.5 0 0
88.5 0 1
88.5 46.71955833764279 0
85.6302 46.9902 1
79.25800000000001 56.446 0
82.5 56.17911806472067 1
82.5 100 0
85.5 100 1
85.5 55.93215760641161 0
88.5 55.68519714810255 1
88.5 100 0
91.5 100 1
91.5 68.73856649729319 0
91.0694 68.95949999999999 1
89.2868 65.27189999999999 0
91.5 64.21045296595639 1
91.5 55.43823668979348 0
92.82089999999999 55.3295 1
92.01150000000001 46.3884 0
91.5 46.43663792957548 1
91.5 0 0
94.5 0 1
94.5 65.37451727710339 0
93.3698 63.3137 1
95.28100000000001 66.79859999999999 0
94.5 67.19931775572229 1
94.5 100 0
97.5 100 1
97.5 0 0
100 0 1
100 100 0
73.5 100 1
73.5 20.27596840709703 0
71.6258 18.498 1
77.39940000000001 12.5062 0
76.5 13.43959076486074 1
76.5 0 0
82.5 1.078181407045482 1
82.5 0 0
79.5 0 1
79.5 14.39399206935001 0
80.75640000000001 8.184339999999999 1
82.70089999999999 0.2594 1
84.32990000000001 6.71349 0
82.5 7.466675508605006 1
82.5 17.0900675754197 0
83.7671 18.2288 1
77.7354 24.2939 0
76.5 23.12193213631008 1
76.5 100 0
79.5 100 1
79.5 56.42607852302973 0
70.5 64.71846279925651 1
70.5 0 0
73.5 0 1
73.5 16.55296889981986 0
67.5 0 1
67.5 62.28734755762082 0
65.66929999999999 60.8038 1
57.18859999999999 70.2878 0
58.5 71.60458183014316 1
58.5 75.90629827892889 0
55.5 79.75587281861448 1
55.5 55.94776074341632 0
55.352 56.0864 1
49.959 31.1009 1
64.68190000000001 47.3466 0
52.5 33.9047174340653 1
52.5 24.97217836175567 0
51.428 23.6452 1
53.2165 25.8591 0
55.5 24.09248056313484 1
55.5 37.21500956401253 0
58.5 40.52530169395976 1
58.5 21.77154414509435 0
61.5 19.45060772705386 1
61.5 43.83559382390698 0
64.5 47.1458859538542 1
64.5 17.12967130901336 0
66.3004 15.7368 1
65.14490000000001 12.6457 0
64.5 13.16284144959867 1
64.5 0 0
61.5 0 1
61.5 15.56852349145944 0
58.5 17.97420553332021 1
58.5 0 0
55.5 0 1
55.5 20.37988757518098 0
52.5 22.78556961704174 1
52.5 0 0
49.5 0 1
49.5 78.53603587379109 0
50.3415 77.67250000000001 0
52.5 80.1099302631315 1
52.5 42.87322625625814 0
55.352 56.0864 0