49.9492 45.70269999999999 0
48.88902276033352 46.5 1
100 46.5 0
100 43.5 1
48.26839045427728 43.5 0
46.7157 41.4652 1
41.2303 45.43689999999999 0
42.10668796685424 46.5 1
34.33730419170749 46.5 0
34.41245191151963 43.5 1
43.90539410579854 43.5 0
44.9255 37.53100000000001 1
78.55070000000001 28.4597 0
78.91032351061023 27.7297 1
78.20767842236199 26.62014774441661 0
77.57501464729461 23.22730557260616 1
78.41457679343401 27.7297 0
80.6858 27.7297 1
99.82769999999999 35.1238 0
100 35.1238 1
100 27.8453 1
95.5309 27.8453 0
94.27077510473347 28.49999999999999 1
90.55700912095176 28.49999999999999 0
91.53380000000001 29.922 1
95.5309 27.8453 0
97.27277592069038 27.8453 1
100 32.46504037917869 0
100 25.49999999999999 1
88.4962688697951 25.49999999999999 0
86.43552861863847 22.5 1
100 22.5 0
100 19.5 1
84.37478836748181 19.5 0
84.2587 19.331 1
76.84846997838483 19.331 0
77.29420595498479 21.72138787820657 1
81.32045031024893 19.331 0
76.32057299511308 16.5 1
100 16.5 0
100 13.5 1
58.79952421448172 13.5 0
60.23693952057879 10.5 1
100 10.5 0
100 7.499999999999998 1
58.52536141134139 7.499999999999998 0
55.53057114467856 4.5 1
100 4.5 0
100 1.5 1
0 1.5 0
0 4.5 1
51.52533290803622 4.5 0
50.32915520765033 7.499999999999998 1
0 7.499999999999998 0
0 10.5 1
49.13297750726444 10.5 0
47.93679980687857 13.5 1
34.819870259276 13.5 0
34.78230000000001 13.4539 1
30.0237 17.8882 0
31.51342521480279 16.5 1
16.3661410515749 16.5 0
16.4693 16.0877 1
7.900080000000001 15.3236 0
7.54548832124264 16.5 1
0 16.5 0
0 13.5 1
34.73282850280766 13.5 0
34.78230000000001 13.4539 0
37.26478951801784 16.5 1
48.67407330574942 16.5 0
47.10429999999999 15.5879 1
54.6747 19.9866 1
56.41719999999999 18.4721 0
56.56567198601775 18.16222716355256 1
68.67080126012416 15.6909 0
57.74977981643904 15.6909 1
76.16970000000001 15.6909 1
55.12837265585827 19.9866 1
54.6747 19.9866 0
53.8372351490213 19.5 1
37.41898618284768 19.5 0
38.7491 18.3213 1
33.8464 22.6659 0
33.71366124913661 22.5 1
0 22.5 0
0 19.5 1
6.641225284629172 19.5 0
6.48738 20.0104 1
15.1483 21.3674 0
15.6155302214141 19.5 1
31.31332217384934 19.5 0
33.8464 22.6659 0
34.0336112346361 22.5 1
49.37275924012786 22.5 0
48.48514180147551 25.49999999999999 1
0 25.49999999999999 0
0 28.49999999999999 1
47.59752436282315 28.49999999999999 0
46.7099069241708 31.49999999999999 1
0 31.49999999999999 0
0 34.5 1
45.82228948551844 34.5 0
44.9255 37.53100000000001 0
45.04040979242228 37.5 1
100 37.5 0
100 40.5 1
32.8041675134963 40.5 0
34.48269999999999 40.6956 1
29.0781 40.0658 0
29.05120374223011 40.5 1
0 40.5 0
0 43.5 1
28.86537054713649 43.5 0
28.67953735204286 46.5 1
0 46.5 0
0 49.49999999999999 1
28.49370415694923 49.49999999999999 0
28.4433 50.3137 1
35.1143 51.0964 0
35.1999443041872 49.49999999999999 1
44.5797985872688 49.49999999999999 0
44.70229999999999 49.6486 1
49.9492 45.70269999999999 0
49.9492 45.70269999999999 0