49.9492 45.70269999999999 0
45.30671604086078 61.49999999999999 1
98.77608675033207 61.49999999999999 0
100 62.4514577509775 1
90.84669555090974 83.77180000000001 0
89.22290000000001 89.3115 1
92.7816 92.3415 1
89.96700000000001 94.93430000000001 0
90.43845201326752 94.49999999999997 1
100 94.49999999999997 0
100 91.5 1
91.79326797029702 91.5 0
94.11148665272924 83.77180000000001 1
100 70.05597522873634 0
100 77.66049270649521 1
97.37627775454871 83.77180000000001 0
93.90100000000001 72.8553 1
33.8267 58.81740000000001 0
31.34357471486194 67.5 1
0 67.5 0
0 64.5 1
32.20154074524618 64.5 0
33.05950677563041 61.49999999999999 1
0 61.49999999999999 0
0 58.49999999999999 1
100 58.49999999999999 0
100 58.81740000000001 1
100 83.77180000000001 1
89.21430000000001 83.77180000000001 1
30.6999 69.75069999999999 0
33.82696135181972 70.5 1
0 70.5 0
0 73.5 1
46.3468920277296 73.5 0
58.86682270363947 76.5 1
0 76.5 0
0 79.5 1
71.38675337954933 79.5 0
83.90668405545921 82.5 1
0 82.5 0
0 100 1
100 100 0
100 97.49999999999997 1
0 97.49999999999997 0
0 94.49999999999997 1
86.0604626434733 94.49999999999997 0
86.60810000000001 95.02029999999999 1
85.1317 93.61760000000001 0
87.14361916583454 91.5 1
0 91.5 0
0 88.5 1
100 88.5 0
100 85.5 1
0 85.5 0
0 37.5 1
44.93467204686607 37.5 0
44.9255 37.53100000000001 0
56.16071228489855 34.5 1
98.21280201106285 34.5 0
90.44638013416102 31.49999999999999 1
67.28101477737482 31.49999999999999 0
78.40131726985109 28.49999999999999 1
82.67995825725916 28.49999999999999 0
83.82164348727369 70.5 1
94.91218348463335 70.5 0
96.20015123986627 67.5 1
70.98333433846938 67.5 0
58.14502518966508 64.5 1
97.48811899509917 64.5 0
100 55.49999999999999 1
0 55.49999999999999 0
0 52.49999999999999 1
100 52.49999999999999 0
100 49.49999999999999 1
44.89989480473403 49.49999999999999 0
49.9492 45.70269999999999 0