54.93940000000001 48.98220000000001 0
54.51603428405301 49.5 1
100 49.5 0
100 52.5 1
52.06316223337515 52.5 0
49.61029018269731 55.5 1
100 55.5 0
100 58.5 1
0 58.5 0
0 61.5 1
100 61.5 0
100 64.5 1
0 64.5 0
0 67.5 1
100 67.5 0
100 76.5 1
20.71234424951267 76.5 0
20.5958 74.84450000000001 1
23.5902 72.94970000000001 0
22.72054709731898 73.5 1
100 73.5 0
100 70.5 1
22.28841911560389 70.5 0
21.3718 68.77510000000001 1
15.3054 73.17160000000001 0
17.2405 78.44880000000001 1
20.7222 76.63999999999999 0
0 94.5 1
100 94.5 0
100 97.5 1
0 97.5 0
0 100 1
100 100 0
100 91.5 1
0 91.5 0
0 88.5 1
100 88.5 0
100 85.5 1
0 85.5 0
0 82.5 1
100 82.5 0
100 79.5 1
0 79.5 0
0 76.5 1
16.52589322367923 76.5 0
15.42582121579625 73.5 1
0 73.5 0
0 70.5 1
18.99174009780507 70.5 0
28.6061 41.7465 0
29.38434695856039 37.5 1
100 37.5 0
100 34.5 1
0 34.5 0
0 37.5 1
22.81286722450472 37.5 0
23.0532 35.9508 1
29.4738 37.0119 0
42.43591809613572 46.5 1
0 46.5 0
0 49.5 1
41.66472604244551 49.5 0
40.4295 48.5628 1
49.5959 55.5176 0
49.57270326680853 55.5 1
0 55.5 0
0 52.5 1
45.61871465462703 52.5 0
49.5959 55.5176 0
54.93940000000001 48.98220000000001 0