54.93940000000001 48.98220000000001 0
54.93940000000001 48.98220000000001 1
46.6215 42.1968 0
45.35391998114986 43.5 1
0 43.5 0
0 40.5 1
22.34746680720171 40.5 0
22.332 40.5997 1
28.6061 41.7465 0
28.83454338486884 40.5 1
100 40.5 0
100 43.5 1
48.21903106375453 43.5 0
36.7814517161145 19.5 1
88.34937708460478 19.5 0
89.22559999999999 18.7742 1
83.88460000000001 23.1983 0
84.72762350760607 22.5 1
0 22.5 0
0 25.5 1
85.70847133733798 25.5 0
85.77170000000001 25.4743 1
81.88079999999999 27.0558 0
83.4308 29.2756 1
87.12370000000001 28.1631 1
85.77170000000001 25.4743 1
85.92368413782279 25.4743 1
88.45050000000001 28.2947 1
87.24160134997254 28.2947 1
87.12370000000001 28.1631 0
86.00537369887641 28.5 1
100 28.5 0
100 31.5 1
0 31.5 0
0 28.5 1
82.88922868726911 28.5 0
83.4308 29.2756 0
88.45050000000001 28.2947 1
93.4502 23.7545 0
91.52804318972733 25.5 1
100 25.5 0
100 22.5 1
92.3860551292091 22.5 0
89.84126867056202 19.5 1
100 19.5 0
100 16.5 1
40.68082589777377 16.5 0
44.58020007943304 13.5 1
100 13.5 0
100 10.5 1
48.47957426109232 10.5 0
49.7336 9.535209999999999 1
34.2375 21.4572 0
32.29309649171766 19.5 1
0 19.5 0
0 16.5 1
29.31271097932904 16.5 0
29.2536 16.4405 0
29.1737 14.7594 1
44.25660000000001 3.48521 0
42.89898795948977 4.5 1
0 4.5 0
0 7.5 1
38.88551115982612 7.5 0
34.87203436016246 10.5 1
0 10.5 0
0 13.5 1
30.8585575604988 13.5 0
0 1.5 1
100 1.5 0
100 4.5 1
45.17527848429752 4.5 0
47.89114625289257 7.5 1
100 7.5 0
100 46.5 1
51.89658876116367 46.5 0
54.93940000000001 48.98220000000001 0