56.1713 47.8956 0
52.5 38.65064627712647 1
52.5 100 0
49.5 100 1
49.5 41.06003764654528 0
48.4387 41.91240000000001 1
36.9161 28.1459 1
36.9161 0 0
36.9161 1.5 1
72.49270000000001 1.5 0
73.5 0 1
73.5 48.1150712536833 0
73.82589999999999 47.19571549384881 1
90.36600000000001 50.23042035934014 0
90.36600000000001 52.24252107650953 1
89.15538476364179 50.95384599314194 0
86.6687 50.49760000000001 1
90.36600000000001 51.17596435687699 1
90.36600000000001 54.4333 0
88.5 56.08787752089633 1
88.5 100 0
85.5 100 1
85.5 58.74796999822159 0
82.16550000000001 88.45422948512606 1
77.9056947327291 97.95079999999999 0
82.16550000000001 95.78428845537823 1
81.1936841981873 97.95079999999999 0
82.16550000000001 97.95079999999999 1
82.16550000000001 84.78919999999999 0
79.5 77.51535891381349 1
79.5 83.42698063041871 0
77.70179999999999 82.50800000000001 1
82.0215 70.5145 0
75.13579999999999 67.53749999999999 1
69.19890000000001 80.8143 0
70.5 77.90462584682243 1
70.5 51.40521113257148 0
72.06790000000001 53.1824 1
66.47620000000001 46.8443 0
67.5 48.00476046461719 1
67.5 64.06364256186984 0
67.45310000000001 63.9486 1
69.63509999999999 69.30090000000001 0
73.5 71.19566999444154 1
73.5 52.05057903225807 0
76.5 51.27656493419829 1
76.5 68.12730545187853 0
79.5 69.42434133784511 1
79.5 54.24003760160156 0
82.5 57.20351026900482 1
82.5 100 0
82.16550000000001 99.45079999999999 1
69.68889999999999 99.45079999999999 0
69.68889999999999 100 1
69.68889999999999 95.1885 1
73.81110000000001 83.01329999999999 0
73.5 82.86497406010147 1
73.5 83.93215515501433 0
70.5 81.43463712761806 1
70.5 92.79286060356122 0
69.68889999999999 95.1885 0
69.68889999999999 96.81558201659553 1
72.39011303309596 97.95079999999999 0
76.26169999999999 97.95079999999999 1
69.68889999999999 97.95079999999999 0
67.5 100 1
67.5 70.16153905230385 0
64.5 71.37081129103342 1
64.5 100 0
61.5 100 1
61.5 85.85562633272701 0
58.5 88.19356532810971 1
58.5 100 0
55.5 100 1
55.5 88.89035857614809 0
56.3496 89.86940000000001 1
52.9897 85.99760000000001 0
55.5 84.198152211066 1
55.5 56.24173107309309 0
56.70610000000001 59.6395 1
54.94670000000001 54.68300000000001 0
55.5 54.57372298301486 1
55.5 36.24125490770766 0
56.1713 35.70211343227737 1
69.5162 24.98441780369169 0
69.5162 27.21180712642356 1
56.1713 38.18549281035652 0
25.5 59.15398387811976 1
25.5 30.96521073179375 0
28.3338 30.6785 1
29.2587 45.08880000000001 0
28.5 33.26796033084655 1
28.5 69.70885809911243 0
25.5 71.77732096996215 1
25.5 100 0
28.5 100 1
28.5 69.87997083642281 0
28.4657 69.87379999999999 1
29.0065 67.2732 0
31.5 67.62065093892144 1
31.5 44.85297486776268 0
34.5 44.53732082916369 1
34.5 68.03867893842587 0
34.6566 68.06049999999999 1
33.9952 70.86859999999999 0
31.5 70.41969413871055 1
31.5 100 0
34.5 100 1
34.5 68.72537520411251 0
40.5 73.70656855012808 1
40.5 32.42772522607744 0
37.5 28.84350812229879 1
37.5 100 0
40.5 100 1
40.5 77.12598669462369 0
39.0296 76.03399999999999 1
42.50369999999999 70.535 0
43.5 71.26110430387229 1
43.5 36.01194232985611 0
46.5 39.59615943363477 1
46.5 73.44750690511381 0
47.5782 74.23330000000001 0
46.5 75.84892471743257 1
46.5 100 0
43.5 100 1
43.5 79.35392472772429 0
43.9419 79.68209999999999 1
47.5782 74.23330000000001 0
54.94670000000001 54.68300000000001 0
58.5 51.0951044735085 1
58.5 53.98122153541787 0
64.5 46.50985163907102 1
64.5 65.13473126293997 0
58.5 59.29636544680547 1
58.5 82.04767483115049 0
59.075 81.63550000000001 1
62.0672 85.4136 0
61.5 84.69742517211415 1
61.5 69.58692080121924 0
62.60120000000001 72.1362 1
60.3047 66.81979999999999 0
61.5 66.33970020703933 1
61.5 58.72252985976962 0
62.29689999999999 58.5701 1
61.1639 53.4551 0
61.5 54.97244466019416 1
61.5 49.04363317035227 0
58.7174 51.3938 1
56.1713 47.8956 0
56.1713 47.8956 0