56.1713 47.8956 0
56.1713 42.06953568621391 1
69.5162 31.09585000228095 0
76.5 29.55078818885949 1
76.5 0 0
79.5 0 1
79.5 23.34453434480881 0
77.86699999999999 22.8695 1
73.82589999999999 42.6206 0
73.82589999999999 44.14563849794961 1
90.36600000000001 47.18034336344094 0
91.5 45.86336620233133 1
91.5 100 0
94.5 100 1
94.5 0 0
100 0 1
100 100 0
97.5 100 1
97.5 0 0
91.5 0 1
91.5 45.32768351513018 0
91.77269999999999 45.9134 1
81.54150000000001 23.9384 0
82.5 25.99710645672061 1
82.5 0 0
85.5 0 1
85.5 32.44063214285713 0
88.5 38.88415782899365 1
88.5 0 0
72.49270000000001 20.13938401916248 1
63.02214206092403 7.87283 0
66.81222618277209 7.87283 1
72.49270000000001 15.23035205748745 0
72.49270000000001 10.32132009581242 1
70.60231030462012 7.87283 0
72.49270000000001 4.5 1
36.9161 4.5 0
34.5 0 1
34.5 28.24732867501648 0
31.8369 28.3991 1
31.029 17.5548 0
31.5 23.87695038989971 1
31.5 0 0
28.5 0 1
28.5 17.98263809102605 0
25.5 18.49015658571888 1
25.5 0 0
22.5 0 1
22.5 38.24438525080404 0
19.5 37.81341983862777 1
19.5 0 0
16.5 0 1
16.5 53.22745273128351 0
19.5 54.16163295922908 1
19.5 44.18953764272973 0
22.5 44.77798443420738 1
22.5 55.73965879228318 0
21.7212 54.8533 1
28.2161 62.2452 1
24.1479 76.52250000000001 0
22.5 76.02720546727915 1
22.5 100 0
19.5 100 1
19.5 75.12552235655482 0
16.5 74.22383924583053 1
16.5 100 0
13.5 100 1
13.5 73.32215613510621 0
10.5 72.42047302438189 1
10.5 100 0
1.5 100 1
1.5 0 0
4.5 0 1
4.5 100 0
7.5 100 1
7.5 71.5187899136576 0
6.131259999999999 71.10740000000001 1
11.3854 51.6348 0
13.5 52.29327250333792 1
13.5 0 0
10.5 0 1
10.5 54.91621999261535 0
7.5 66.03465231455576 1
7.5 0 0
36.9161 10.53807883805647 1
40.09905845760831 7.87283 0
44.77195657813979 7.87283 1
36.9161 14.45092798515503 0
36.9161 18.3637771322536 1
49.44485469867128 7.87283 0
54.11775281920276 7.87283 1
36.9161 22.27662627935216 0
36.9161 26.18947542645072 1
58.79065093973425 7.87283 0
61.1271 7.87283 1
36.9161 7.87283 0
36.9161 7.500000000000002 1
72.49270000000001 7.500000000000002 0
72.49270000000001 7.87283 1
72.49270000000001 22.5939 0
70.5 24.19429806061363 1
70.5 47.5723004229293 0
67.5 47.02952959217531 1
67.5 43.97607010778975 0
69.5162 42.2732 1
66.714 39.22620000000001 0
67.5 40.08086490614517 1
67.5 38.5798619272103 0
69.5162 34.97989287813834 1
56.1713 45.9535785620713 0
56.1713 47.8956 0