48.9303 45.22320000000001 0
48.9303 45.22320000000001 1
52.8689 42.3917 1
49.38760000000001 39.21980000000001 0
50.79267590403228 40.5 1
100 40.5 0
100 37.5 1
75.10479886455616 37.5 0
77.23423946173216 34.5 1
100 34.5 0
100 31.5 1
79.36368005890819 31.5 0
82.74799999999999 26.7321 0
73.07385266443728 19.5 1
100 19.5 0
100 22.5 1
77.08685608069095 22.5 0
81.09985949694462 25.5 1
100 25.5 0
100 28.5 1
81.49312065608419 28.5 0
82.74799999999999 26.7321 1
71.6277 18.4189 0
70.85209285297012 19.5 1
35.61828892372664 19.5 0
35.19408877015613 16.5 1
100 16.5 0
100 13.5 1
0 13.5 0
0 16.5 1
27.07640594445866 16.5 0
26.9536 15.6315 1
35.0003 15.1295 0
37.49908484628256 7.5 1
0 7.5 0
0 10.5 1
100 10.5 0
100 7.5 1
44.14192045217237 7.5 0
44.127 7.54874 1
40.6699 6.77079 0
40.03638999138965 7.5 1
43.91040631917218 7.5 0
44.127 7.54874 0
45.06029050791965 4.5 1
100 4.5 0
100 1.5 1
0 1.5 0
0 4.5 1
36.88261573142992 4.5 0
35.7487 6.94628 1
39.4894 8.129619999999999 0
26.9536 15.6315 0
27.92480625159969 22.5 1
0 22.5 0
0 19.5 1
27.50060609802918 19.5 0
28.0585 23.4455 1
36.1052 22.9435 0
36.04248907729716 22.5 1
68.69982068472513 22.5 0
66.54754851648013 25.5 1
56.81484630135184 25.5 0
57.4188 24.8251 0
55.3134 22.8273 1
53.0515 24.4975 1
51.705 22.9325 0
49.29561794956868 25.5 1
0 25.5 0
0 28.5 1
49.71207335306619 28.5 0
48.02809999999999 26.8507 1
50.7187 29.4859 0
54.6981 27.8654 1
53.3539 26.7952 0
51.68426423235589 28.5 1
64.39527634823514 28.5 0
62.29430000000001 31.4285 0
66.19576999907477 34.5 1
23.40945989528796 34.5 0
26.77699916230367 37.5 1
30.88393704101964 37.5 0
27.0418 37.7359 1
20.6098 32.0059 1
9.1343 38.5292 0
11.1692 40.4092 1
14.4504 37.4397 1
22.5944 43.0247 0
14.38377047987877 37.5 1
14.53832895255148 37.5 0
18.91290370635631 40.5 1
0 40.5 0
0 37.5 1
10.94482298683182 37.5 0
16.2222899130808 34.5 1
0 34.5 0
0 31.5 1
62.38512048019984 31.5 0
62.29430000000001 31.4285 1
73.27709999999999 40.0749 0
70.00641951794967 37.5 1
46.39661298884235 37.5 0
49.38760000000001 39.21980000000001 1
44.69589999999999 36.52209999999999 1
38.1318 35.7722 1
32.74630000000001 36.38639999999999 1
27.4584 39.5483 0
26.5258 40.31010000000001 0
26.68843166776186 40.5 1
24.71744318181818 40.5 0
31.34691360294118 46.5 1
0 46.5 0
0 43.5 1
29.2576523275069 43.5 0
29.3525 44.53149999999999 1
35.3326 50.43389999999999 0
34.38640601280835 49.5 1
0 49.5 0
0 64.5 1
28.68472663027843 64.5 0
24.42098190773872 67.5 1
0 67.5 0
0 70.5 1
23.97487655404417 70.5 0
22.8316 68.6183 1
41.11069999999999 55.75700000000001 0
37.21221607535786 58.5 1
0 58.5 0
0 61.5 1
32.94847135281815 61.5 0
41.11069999999999 55.75700000000001 0
43.12438021935584 58.5 1
100 58.5 0
100 61.5 1
45.32672825364949 61.5 0
45.863 62.23050000000001 0
42.62346070261933 64.5 1
100 64.5 0
100 67.5 1
38.34118800284314 67.5 0
34.05891530306697 70.5 1
100 70.5 0
100 73.5 1
29.77664260329079 73.5 0
45.863 62.23050000000001 1
26.9856 75.45529999999999 0
25.79760582126664 73.5 1
0 73.5 0
0 76.5 1
100 76.5 0
100 79.5 1
0 79.5 0
0 82.5 1
100 82.5 0
100 85.5 1
0 85.5 0
0 88.5 1
100 88.5 0
100 91.5 1
0 91.5 0
0 94.5 1
100 94.5 0
100 97.5 1
0 97.5 0
0 100 1
100 100 0
100 55.5 1
0 55.5 0
0 52.5 1
100 52.5 0
100 49.5 1
36.282932358249 49.5 0
35.3326 50.43389999999999 1
43.67789999999999 42.2329 0
42.3885048494086 43.5 1
44.90193465162984 43.5 0
39.33571860382879 46.5 1
100 46.5 0
100 43.5 1
51.32726115839661 43.5 0
48.9303 45.22320000000001 0