47.5 58.5 0
47.5 58.5 1
42.5 58.5 1
42.5 50.5 1
47.5 50.5 1
47.50000000000001 39.30901699437495 1
40.5 35.80901699437495 1
40.5 36.5 1
37.5 36.5 1
37.5 32.5 0
37.99999999999999 32.5 1
37.99999999999996 11.5 0
38.99999999999996 11.5 1
38.99999999999999 32.5 0
37.5 32.5 1
42.5 32.5 1
42.5 19.5 0
39.99999999999999 32.5 1
39.99999999999996 11.5 0
40.99999999999996 11.5 1
40.99999999999999 32.5 0
41.99999999999999 32.5 1
41.99999999999996 11.5 0
42.99999999999996 11.5 1
42.99999999999997 19.5 0
44.99999999999997 19.5 1
44.99999999999996 11.5 0
43.99999999999996 11.5 1
43.99999999999997 19.5 0
42.5 19.5 1
45.5 19.5 1
45.5 11.5 1
32.5 11.5 1
32.5 13.5 1
15.5 13.5 1
15.5 36.5 1
17.5 36.5 0
15.99999999999999 36.5 1
15.99999999999996 13.5 0
16.99999999999996 13.5 1
16.99999999999999 36.5 0
17.5 36.5 1
17.5 38.18496203810774 1
12.08711031837806 44.50000000000001 1
13.5 44.5 1
13.5 55.5 1
20.5 55.5 0
42.5 50.5 0
46 50.5 1
45.99999999999999 38.55901699437494 0
46.99999999999999 39.05901699437494 1
47 50.5 0
45 50.5 1
44.99999999999999 38.05901699437494 0
43.99999999999999 37.55901699437494 1
44 50.5 0
43 50.5 1
42.99999999999999 37.05901699437494 0
41.99999999999999 36.55901699437494 1
42.00000000000003 81.5 0
41.00000000000003 81.5 1
40.99999999999999 36.05901699437494 0
40.5 36.5 0
39.99999999999999 36.5 1
40.00000000000003 81.5 0
39.00000000000003 81.5 1
38.99999999999999 36.5 0
37.99999999999999 36.5 1
38.00000000000003 81.5 0
33.00000000000003 81.5 1
32.99999999999996 11.5 0
33.99999999999996 11.5 1
34.00000000000003 81.5 0
35.00000000000003 81.5 1
34.99999999999996 11.5 0
35.99999999999996 11.5 1
36.00000000000003 81.5 0
37.00000000000003 81.5 1
36.99999999999996 11.5 0
32.5 13.5 0
31.99999999999996 13.5 1
32.00000000000003 81.5 0
31.00000000000002 81.5 1
30.99999999999996 13.5 0
29.99999999999996 13.5 1
30.00000000000002 81.5 0
29.5 81.5 1
29.5 84.5 1
20.5 84.5 1
20.5 55.5 0
19 55.5 1
18.99999999999996 13.5 0
17.99999999999996 13.5 1
18 55.5 0
16 55.5 1
15.99999999999999 39.93496203810776 0
14.99999999999999 41.10162870477443 1
15 55.5 0
14 55.5 1
13.99999999999999 42.26829537144108 0
13.5 42.85162870477441 1
13.5 44.5 0
12.7456492081847 44.5 1
13.5 43.61992407621548 0
16.99999999999999 38.76829537144108 1
17 55.5 0
20 55.5 1
19.99999999999996 13.5 0
20.99999999999996 13.5 1
21.00000000000002 84.5 0
22.00000000000002 84.5 1
21.99999999999996 13.5 0
22.99999999999996 13.5 1
23.00000000000002 84.5 0
24.00000000000002 84.5 1
23.99999999999996 13.5 0
24.99999999999996 13.5 1
25.00000000000002 84.5 0
26.00000000000002 84.5 1
25.99999999999996 13.5 0
26.99999999999996 13.5 1
27.00000000000002 84.5 0
28.00000000000002 84.5 1
27.99999999999996 13.5 0
28.99999999999996 13.5 1
29.00000000000002 84.5 0
29.5 81.5 1
43.5 81.5 1
43.50000000000001 90.151387818866 0
52.5 95.5 1
53.5 95.5 0
54.00000000000003 95.5 1
54.00000000000004 113.5 0
55.00000000000004 113.5 1
55.00000000000003 95.5 0
57.00000000000003 95.5 1
57.00000000000004 113.5 0
56.00000000000004 113.5 1
56.00000000000003 95.5 0
53.5 95.5 1
61.5 95.5 1
67.5 91.5 1
67.5 89.5 1
66.5 89.5 1
65.5 89.5 1
65.5 67.5 0
76.00000000000003 73.55039052967913 1
76.00000000000006 107.5 0
75.00000000000006 107.5 1
75 72.30039052967913 0
74 71.05039052967913 1
74.00000000000006 107.5 0
73.5 106.5 0
73.00000000000003 106.5 1
73 69.80039052967913 0
71.95968757625671 68.50000000000001 0
75 68.5 1
75 58.5 0
74 58.5 1
74 68.5 0
73 68.5 1
73 58.5 0
72 58.5 1
72 68.5 0
71.95968757625671 68.50000000000001 0
72 68.55039052967913 1
72.00000000000003 106.5 0
71.00000000000003 106.5 1
71 58.5 0
70 58.5 1
70.00000000000003 106.5 0
69.00000000000003 106.5 1
69 58.5 0
68.5 61.5 1
68.5 58.5 1
75.5 58.5 1
75.5 68.5 1
71.95968757625671 68.50000000000001 1
76.75968757625671 74.5 0
77.00000000000003 74.5 1
77.00000000000006 107.5 0
78.00000000000006 107.5 1
78.00000000000003 74.5 0
81.00000000000003 74.5 1
81.00000000000006 107.5 0
82.00000000000006 107.5 1
82.00000000000003 74.5 0
80.00000000000003 74.5 1
80.00000000000006 107.5 0
79.00000000000006 107.5 1
79.00000000000003 74.5 0
76.75968757625671 74.5 1
82.5 74.5 1
82.5 107.5 1
73.5 107.5 1
73.5 106.5 1
57.5 106.5 1
57.5 113.5 1
40.5 113.5 1
40.5 94.651387818866 0
40.5 95.5 1
39.93425854591067 95.50000000000001 1
43.50000000000001 90.151387818866 0
43.00000000000003 90.90138781886597 0
42.00000000000003 92.40138781886597 1
42.00000000000004 113.5 0
41.00000000000004 113.5 1
41.00000000000003 93.90138781886597 0
43.00000000000003 90.90138781886597 1
43.00000000000004 113.5 0
44.00000000000004 113.5 1
44 58.5 0
47.5 58.5 0