47.5 58.5 0
47.5 58.5 1
47.5 63.5 1
54.5 63.5 0
56 63.5 1
55.99999999999999 39.5 0
54.99999999999999 39.5 1
55 63.5 0
54.5 63.5 1
54.5 39.5 1
57.5 39.5 1
57.5 35.5 1
74.5 35.5 1
74.5 41.5 1
58.5 41.5 0
58.5 41 1
74.5 41 0
74.5 40 1
58.5 40 0
58.5 39 1
74.5 39 0
74.5 38 1
58.5 38 0
58.5 37 1
74.5 37 0
74.5 36 1
58.5 36 0
57.5 39.5 0
56.99999999999999 39.5 1
57 63.5 0
58.5 65 1
48.5 65 0
48.5 66 1
58.5 66 0
58.5 67 1
48.5 67 0
48.5 64 1
58.5 64 0
58.5 63.5 1
58.5 68.5 0
58.5 68 1
48.5 68 0
43.00000000000003 81.5 1
43 58.5 0
45 58.5 1
45.00000000000004 113.5 0
46.00000000000004 113.5 1
46 58.5 0
47.5 63.5 0
48 63.5 1
48.00000000000004 113.5 0
49.00000000000004 113.5 1
49.00000000000003 83.5 0
49.5 83.5 1
52.5 83.5 1
52.5 95.5 0
53.00000000000003 95.5 1
53.00000000000004 113.5 0
52.00000000000004 113.5 1
52.00000000000003 83.5 0
51.00000000000003 83.5 1
51.00000000000004 113.5 0
50.00000000000004 113.5 1
50.00000000000003 83.5 0
49.5 83.5 1
48.5 83.5 1
48.5 69.5 1
48.5 68.5 1
61.5 68.5 1
61.5 67.5 1
64.5 67.5 1
65.5 67.5 0
65 67.5 1
65 61.5 0
66 61.5 1
66.00000000000003 89.5 0
67.00000000000003 89.5 1
67 61.5 0
64 61.5 1
64 67.5 0
63.00000000000001 67.5 1
63 61.5 0
62 61.5 1
62.00000000000001 67.5 0
61.5 67.5 0
61.00000000000001 68.5 1
61 61.5 0
60 61.5 1
60.00000000000001 68.5 0
59.00000000000001 68.5 1
59 61.5 0
58 63.5 1
57.99999999999999 35.5 0
58.5 35.5 1
58.5 61.5 1
68.5 61.5 0
68 61.5 1
68.00000000000003 106.5 0
67.00000000000003 106.5 1
67.00000000000003 91.83333333333331 0
66.00000000000003 92.49999999999997 1
66.00000000000003 106.5 0
65.00000000000003 106.5 1
65.00000000000003 93.16666666666666 0
64.00000000000003 93.83333333333331 1
64.00000000000003 106.5 0
63.00000000000004 106.5 1
63.00000000000003 94.49999999999997 0
62.00000000000003 95.16666666666666 1
62.00000000000004 106.5 0
61.00000000000004 106.5 1
61.00000000000003 95.5 0
60.00000000000003 95.5 1
60.00000000000004 106.5 0
59.00000000000004 106.5 1
59.00000000000003 95.5 0
58.00000000000003 95.5 1
58.00000000000004 106.5 0
57.5 106.5 0
47.00000000000004 113.5 1
47 58.5 0
47.5 58.5 0