52.7856 52.3751 0
53.5 52.51710719828297 1
53.5 65.31836490057475 0
41.5 62.16674093304475 1
41.5 100 0
38.5 100 1
38.5 62.86451301228063 0
5.5 100 1
5.5 0 0
2.5 0 1
2.5 100 0
0 100 1
0 0 0
8.5 0 1
8.5 100 0
11.5 100 1
11.5 0 0
14.5 0 1
14.5 100 0
17.5 100 1
17.5 0 0
20.5 0 1
20.5 100 0
23.5 100 1
23.5 0 0
26.5 0 1
26.5 100 0
29.5 100 1
29.5 55.15170393062908 0
32.5 60.20712463077238 1
32.5 100 0
35.5 100 1
35.5 63.56228509151649 0
34.6134 63.7685 1
27.7748 52.2445 0
29.5 51.81845244072051 1
29.5 0 0
32.5 0 1
32.5 51.07758606126396 0
35.5 50.33671968180739 1
35.5 0 0
38.5 0 1
38.5 49.59585330235083 0
39.5664 49.3325 1
43.1146 61.7912 0
41.5 56.12189809480863 1
41.5 0 0
44.5 0 1
44.5 100 0
47.5 100 1
47.5 0 0
50.5 0 1
50.5 100 0
53.5 100 1
53.5 70.06852260693626 0
51.77460000000001 69.2116 1
54.80200000000001 62.3805 0
52.7856 52.3751 0