41.80970000000001 65.9708 0
41.80970000000001 65.9708 1
25.8043 57.265 0
25.41901007632254 58.5 1
0 58.5 0
0 61.5 1
24.48308313621533 61.5 0
0 70.5 1
38.49832695624485 70.5 0
29.406703850134 67.5 1
0 67.5 0
0 64.5 1
24.21439103040308 64.5 0
23.6624 64.13059999999999 1
28.0072 67.03819999999999 1
39.4284 70.80690000000001 0
39.57951783668659 70.5 1
100 70.5 0
100 73.5 1
0 73.5 0
0 76.5 1
100 76.5 0
100 79.5 1
0 79.5 0
0 82.5 1
100 82.5 0
100 85.5 1
0 85.5 0
0 88.5 1
100 88.5 0
100 89.2741 1
100 99.4588 0
98.12254021365879 99.4588 1
97.15677536617807 89.2741 0
94.11449999999999 89.2741 1
95.6848 89.64060000000001 1
95.65004661339051 89.2741 1
94.11449999999999 89.2741 1
89.22720000000001 90.73159999999999 0
89.30016419011824 91.5 1
0 91.5 0
0 94.5 1
89.58503218901825 94.5 0
89.86990018791823 97.5 1
0 97.5 0
0 100 1
100 100 1
100 99.4588 1
96.61581146087127 99.4588 1
96.56049999999999 98.87549999999999 1
90.05590000000001 99.4588 0
41.80970000000001 65.9708 0