41.80970000000001 65.9708 0
41.0567205413453 67.5 1
100 67.5 0
97.53290000000001 39.22969999999999 1
90.78360000000001 37.931 0
90.79896384685802 37.5 1
0 37.5 0
0 34.5 1
90.90590477626407 34.5 0
91.01284570567014 31.5 1
0 31.5 0
0 40.5 1
100 40.5 0
99.03423914251323 39.22969999999999 1
99.4683 28.95968806829772 0
99.4683 23.3812 1
92.80889999999999 22.4317 1
100 22.4317 1
100 39.22969999999999 1
99.4683 39.22969999999999 1
99.4683 22.4317 0
100 13.5 1
84.34514916690048 13.5 0
85.98248999265036 10.5 1
100 10.5 0
100 7.5 1
86.30926957707106 7.5 0
87.3458 8.002089999999999 1
80.16739999999999 4.52491 0
78.51763988731415 7.5 1
29.30040719612115 7.5 0
28.0019 4.264950000000001 0
27.31201646478434 4.5 1
0 4.5 0
0 1.5 1
100 1.5 0
100 4.5 1
28.096246027557 4.5 0
28.0019 4.264950000000001 1
25.2711 5.195360000000001 0
26.30370890504107 7.5 1
0 7.5 0
0 10.5 1
76.85406657085733 10.5 0
75.19049325440051 13.5 1
0 13.5 0
0 16.5 1
59.88909894158446 16.5 0
60.875091825429 19.5 1
0 19.5 0
0 22.5 1
77.47002020648603 22.5 0
78.96190000000001 23.3634 1
71.96610000000001 19.3147 0
72.28628221651394 19.5 1
65.62823201776689 19.5 0
64.68941408339066 16.5 1
73.52691993794369 16.5 0
65.8681 20.2665 1
61.5714 21.6186 0
69.0394 25.1602 1
74.58590000000001 27.5501 0
73.98998329963607 28.5 1
91.48522579390155 28.5 0
82.70780834115058 16.5 1
100 16.5 0
100 19.5 1
81.07046751540071 19.5 0
79.43312668965081 22.5 1
92.79400176684138 22.5 0
92.13961378037146 25.5 1
69.82801069500815 25.5 0
69.0394 25.1602 0
69.16446290535612 25.5 1
0 25.5 0
0 28.5 1
70.26860862656969 28.5 0
31.3175115158483 46.5 1
68.41295888324873 46.5 0
73.7199 45.5513 1
68.2099 46.5363 0
69.49869768051201 49.5 1
31.24167544168583 49.5 0
31.221 50.31789999999999 1
20.1341 51.5989 0
20.11787953369073 52.5 1
70.5563197314242 52.5 0
71.29426175381241 55.5 1
20.06387731537111 55.5 0
20.0562 55.9265 1
12.3324 56.2161 0
11.68119089880345 55.5 1
0 55.5 0
8.953042171545178 52.5 1
0 52.5 0
0 49.5 1
6.224893444286907 49.5 0
5.46956 48.6694 1
18.2395 47.7914 0
18.26277599593308 46.5 1
0 46.5 0
0 43.5 1
18.31684753674092 43.5 0
18.3175 43.46380000000001 1
31.3947 43.4465 0
31.39334759001077 43.5 1
100 43.5 0
100 46.5 1
74.05760993042091 46.5 0
75.12552369795824 49.5 1
100 49.5 0
100 52.5 1
75.85497231242704 52.5 0
76.12469999999999 53.70399999999999 0
75.85235146378469 55.5 1
100 55.5 0
100 58.5 1
75.39742629193279 58.5 0
75.3151 59.0429 1
71.1593 60.43559999999999 0
71.27525517663599 58.5 1
28.07481724137931 58.5 0
33.59024373865699 61.5 1
100 61.5 0
100 64.5 1
39.10567023593467 64.5 0
41.80970000000001 65.9708 0