49.95099999999999 56.93980000000001 0
49.95099999999999 56.93980000000001 1
60.6357 61.6461 0
60.22541280571021 63.40557926330413 1
77.61291451664215 64.10072342333552 0
77.7998096717202 61.10579881689084 1
57.57317690016792 60.2971475292016 0
63.52092268632748 42.52055609268567 1
0 39.98101940827267 0
0 42.98341599532449 1
66.72597060385851 45.65108899164316 0
61.32599999999999 49.355 1
67.07730000000001 49.3056 1
75.9451 52.66200000000001 0
74.06174387814704 51.94916293924229 1
100 52.98616224853167 0
100 49.98376566147984 1
0 45.98581258237633 0
22.5325640162627 37.87946415811 1
0 36.97862282122085 0
0 33.97622623416902 1
22.20300486040123 34.86389195063894 0
22.6464 38.9211 1
27.0817 38.2017 0
27.06381925724717 38.06062161653897 1
63.93090778747292 39.53455051760895 0
62.2449 41.27419999999999 1
69.35050000000001 48.2146 0
67.07730000000001 49.3056 1
0 46.6238810192705 0
0 46.98702784881819 1
61.32939643286575 49.43894834190155 0
61.45106601509775 52.44620922176254 1
0 49.98942443587001 0
0 52.99182102292183 1
61.57273559732977 55.45347010162355 0
61.6503 57.3706 1
49.59185386532263 56.88850898146663 1
45.6678 56.32810000000001 0
45.32792644214025 57.80640684086099 1
0 55.99421760997366 0
0 58.99661419702548 1
44.64394041832371 60.781457987613 0
29.1723 65.83349999999999 1
19.728 66.33760000000001 0
19.7072607608117 65.78929440952297 1
14.54226119451581 65.58280015032653 0
19.59352541844709 62.78235073684904 1
0 61.9990107840773 0
0 65.00140737112912 1
11.95481803838426 65.47935538699593 0
12.8649 64.2748 1
16.77981321160958 67.32763506381517 1
31.2992 78.6498 0
29.92665044461753 80.20862848286953 1
74.18416025267055 81.97802295897512 0
72.93219999999999 84.93469999999999 0
72.95461476228985 84.93126289423529 1
100 86.01252470610174 0
100 89.01492129315355 1
90.19503441385027 88.62292336959703 0
85.68956655768986 91.44519346576547 1
100 92.01731788020538 0
100 95.01971446725722 1
81.18409870152942 94.26746356193391 0
77.83320000000001 96.3665 1
92.33680000000001 87.28129999999999 0
100 83.01012811904991 1
80.92484557939085 82.2475123955474 0
80.1677 83.8252 1
72.93219999999999 84.93469999999999 0
72.93400429947542 84.93043889760258 1
27.37293411064909 83.10892868911588 0
25.4326 85.3126 1
7.95227 70.77699999999999 0
9.752917145144799 68.39372100948768 1
0 68.00380395818095 0
0 71.00620054523279 1
8.643472172286916 71.35176250708616 0
12.436480182292 74.50580177466463 1
0 74.00859713228459 0
0 77.01099371933643 1
16.22948819229708 77.6598410422431 0
20.02249620230216 80.81388030982157 1
0 80.01339030638826 0
0 83.01578689344007 1
23.81550421230725 83.96791957740004 0
25.4326 85.3126 1
89.02129714541306 87.85484627548686 1
74.24549999999999 90.4109 0
80.93388134679125 89.25388208183392 1
40.05036451585013 87.6193782618455 0
39.5151 86.90299999999999 1
26.9668 90.9992 0
28.52355298929761 93.16333491960089 1
0 92.02297665459554 0
0 98.5 1
100 98.5 0
100 97.25271826313872 1
43.18531904061264 94.98129397634005 1
39.25579999999999 98.096 1
32.3934 90.995 1
28.5846 93.2482 0
28.71510992804428 93.17099327613175 1
34.72861689359962 93.41141046302329 0
37.74673896453321 96.53447015434108 1
0 95.02537324164737 0
0 96.52657153517328 1
39.25579999999999 98.096 0
42.53091853508526 95.5 1
56.15960896840393 95.5 0
44.6711 93.80359999999999 1
43.18531904061264 94.98129397634005 0
44.66472703759196 93.80865148446813 1
77.07284867230931 95.10431298124294 0
75.21954660246669 92.02782224702474 1
42.36277567281209 90.71422396194862 0
39.5151 86.90299999999999 0
37.61839768392743 87.52214936900589 1
0 86.0181834804919 0
0 89.02058006754373 1
29.42440113223038 90.19695381861749 0
31.2992 78.6498 0
29.42212155824333 77.18606106766993 1
75.43431620586571 79.02560702034765 0
76.68447215906085 76.07319108172018 1
25.36382431880301 74.02141566117473 0
19.728 66.33760000000001 0
19.5762 62.32429999999999 1
28.8672 61.9829 0
28.96021537620641 63.15682660642535 1
43.95995439450715 63.756509134365 0
43.94629999999999 63.8159 1
51.95180000000001 65.90610000000001 1
58.91800000000001 69.01230000000001 1
16.77981321160958 67.32763506381517 0
17.24722983992239 67.69212484818433 1
100 71.0005417708426 0
100 67.9981451837908 1
59.53176050949267 66.38024395702107 0
58.91800000000001 69.01230000000001 0
54.83987265611476 67.1938797485607 1
25.59241738388305 66.0245802099451 0
21.3055270793627 70.85677025467953 1
77.93462811225598 73.12077514309274 0
78.81460000000001 71.04259999999999 1
85.136 73.4726 0
84.95042506198925 73.40126341326825 1
100 74.00293835789444 0
100 80.00773153199808 1
82.33859606491006 79.30163688956225 0
83.75234655042925 76.35576138357709 1
100 77.00533494494627 0
83.53567131730111 64.33751246121528 1
100 64.99574859673896 0
100 61.99335200968714 1
83.99494313930003 61.35347734611251 0
84.1412 60.4032 1
77.93600000000001 58.9234 0
75.84428202849159 55.02282456516201 1
100 55.98855883558349 0
97.3934277559699 48.32858234854342 1
99.13352775596988 33.01748234854342 0
100 28.96698955211707 1
62.84373462075881 27.48149949630783 0
63.59086126757174 24.50897268203706 1
100 25.96459296506525 0
100 22.96219637801342 1
80.06563499973137 22.16522981868545 0
83.4786 19.3016 0
83.47556729312984 19.29916072475289 1
100 19.9597997909616 0
100 16.95740320390978 1
80.20440568091664 16.16598463130314 0
80.87379999999999 17.2065 1
83.4786 19.3016 1
78.47970000000001 23.4959 1
63.99108148864504 22.91665183010572 0
64.09580440761783 22.5 1
77.24151551238603 22.5 0
78.47970000000001 23.4959 1
75.8749 21.4008 0
74.89693321608809 19.5 1
64.84983627359736 19.5 0
65.60386813957689 16.5 1
77.88604296199861 16.5 0
74.8656 19.4391 1
79.44399999999999 14.984 1
100 15.80581923494052 0
100 13.5 1
65.18748557265519 13.5 0
62.38005755558 10.5 1
100 10.5 0
100 7.5 1
59.5726295385048 7.5 0
59.3866 7.301209999999999 1
48.955 4.40826 0
49.28580246253824 4.5 1
100 4.5 0
100 1.5 1
0 1.5 0
0 2.451062070124871 1
48.955 4.40826 0
48.60334736528799 5.895399386188695 1
0 3.952260363650783 0
0 6.954656950702606 1
47.90004209586395 8.869678158566082 0
47.19673682643992 11.84395693094347 1
0 9.95705353775443 0
0 12.95945012480626 1
28.38980262425069 14.0944611129739 0
28.8281 12.7339 1
41.74379999999999 16.4155 0
34.45135143684888 14.33679899036853 1
46.49343155701588 14.81823570332086 0
45.79012628759185 17.79251447569825 1
41.4148296064912 17.61759216731627 0
45.08682101816781 20.76679324807564 1
40.60207152326089 20.58749506755392 0
39.78931344003057 23.55739796779158 1
44.38351574874378 23.74107202045303 0
44.3138 24.0359 1
62.4913 28.8837 0
56.24423048962134 27.21765441769145 1
38.97655535680026 26.52730086802924 0
38.16379727356995 29.49720376826689 1
81.55936068959537 31.2321380320522 0
81.56729999999999 31.1168 1
89.09719999999999 32.9272 0
82.14428295351493 31.25552294971293 1
100 31.9693861391689 0
100 33.0521235023032 1
100 48.43279188383268 1
95.89060000000001 48.2685 1
89.6618 47.8954 1
80.71340000000001 43.5218 0
80.73494782811471 43.2087647408794 1
77.13994617116049 43.06503826144139 0
77.8193 43.6925 1
68.36449999999999 34.9599 0
66.73218568719727 36.64414770660341 1
26.68134750740404 35.04293398838759 0
31.52053150719503 32.2340057070589 1
0 30.9738296471172 0
0 24.96903647301355 1
24.57017331195418 25.9513404734799 0
25.52508064002831 22.9871206333534 1
0 21.96663988596173 0
0 18.96424329890991 1
26.47998796810244 20.0229007932269 0
27.43489529617656 17.0586809531004 1
0 15.96184671185808 0
0 27.97143306006537 1
22.80252443188814 28.88306728770338 0
22.6507 29.641 1
36.9782 33.8295 0
37.35103919033965 32.46710666850454 1
81.35325747422522 34.22629470925901 0
81.14715425885504 37.2204513864658 1
70.34439544582958 36.78856215787232 0
73.74217080849502 39.92680020965685 1
80.94105104348489 40.2146080636726 0
77.8193 43.6925 1
69.35050000000001 48.2146 0
73.63411015086504 45.92727316937149 1
86.70410908623541 46.44980559424693 0
100 58.99095542263531 1
50.07639565940829 56.99503314570117 0
49.95099999999999 56.93980000000001 0