43.34350000000001 41.6134 0
18.8404 83.2038 0
13.5 85.78787677095337 1
13.5 100 0
16.5 100 1
16.5 84.33625698351045 0
18.8404 83.2038 1
15.4866 76.28540000000001 0
13.5 77.13598271279253 1
13.5 0 0
16.5 0 1
16.5 78.37589632059158 0
10.5 47.52596401629668 1
10.5 78.42046279855589 0
7.87496 79.5444 1
11.8117 86.60480000000001 0
10.5 84.25231376011624 1
10.5 100 0
7.5 100 1
7.5 48.71829746927719 0
7.175420000000001 48.8473 1
4.54651 43.8015 0
7.5 42.615079134064 1
7.5 0 0
4.5 0 1
4.5 100 0
1.5 100 1
1.5 0 0
10.5 0 1
10.5 42.20099718675431 0
10.1915 41.5339 1
12.5802 46.6992 0
28.5 36.55792234010306 1
28.5 0 0
31.5 0 1
31.5 31.97415070118942 0
29.7954 31.4364 1
28.1459 37.9579 0
28.5 38.07558852801979 1
28.5 100 0
25.5 100 1
25.5 0 0
22.5 0 1
22.5 100 0
19.5 100 1
19.5 0 0
88.5 0 1
88.5 100 0
85.5 100 1
85.5 0 0
82.5 0 1
82.5 100 0
79.5 100 1
79.5 0 0
76.5 0 1
76.5 100 0
73.5 100 1
73.5 0 0
70.5 0 1
70.5 100 0
67.5 100 1
67.5 0 0
64.5 0 1
64.5 100 0
61.5 100 1
61.5 0 0
58.5 0 1
58.5 100 0
55.5 100 1
55.5 0 0
52.5 0 1
52.5 100 0
49.5 100 1
49.5 0 0
46.5 0 1
46.5 100 0
43.5 100 1
43.5 41.10061542142252 0
43.34350000000001 41.6134 0