50.5 37.5 0
50.5 30.5 0
43 17.5 1
43 88.5 0
42 88.5 1
42 17.5 0
41 17.5 1
41 88.5 0
40 88.5 1
40 16.6164389866239 0
39 15.47358184376676 1
39 88.5 0
38 88.5 1
38 14.33072470090962 0
37 13.18786755805248 1
37 88.5 0
36 88.5 1
36 12.04501041519533 0
18.5 12.5 0
13 12.5 1
13 53.5 0
14 53.5 1
14 12.5 0
15 12.5 1
15 53.5 0
16 53.5 1
16 12.5 0
17 12.5 1
17 53.5 0
18 53.5 1
18 12.5 0
18.5 12.5 0
19 9.5 1
19 53.5 0
20 53.5 1
20 9.5 0
21 9.5 1
21 53.5 0
22 53.5 1
22 9.5 0
23 9.5 1
23 53.5 0
24 53.5 1
24 9.5 0
25 9.5 1
25 53.5 0
26 53.5 1
26 9.5 0
27 9.5 1
27 53.5 0
28 53.5 1
28 9.5 0
29 9.5 1
29 53.5 0
30 53.5 1
30 9.5 0
31 9.5 1
31 53.5 0
32 53.5 1
32 9.5 0
33 9.5 1
33 53.5 0
34 53.5 1
34 9.759296129481047 0
35 10.90215327233819 1
35 53.5 0
44.5 30.5 0
46 30.5 1
46 17.5 0
47 17.5 1
47 30.5 0
49 30.5 1
49 12.5 0
50 12.5 1
50 30.5 0
50.5 30.5 1
50.5 37.5 0
50.5 37.5 0