33.4101 26.7162
20.6433 24.4738
19.4212 29.4927
6.20924 27.6526
4.7408 35.1909
20.0071 38.4092
21.0396 33.1088
32.3669 34.5818

53.0602 89.3023
15.2698 52.2135
8.11436 59.3152
43.9209 95.9138

30.5166 46.7235
29.9369 41.4919
21.1009 42.7794
21.6027 48.1022

64.8065 61.9995
52.7904 57.9105
51.0541 62.8226
39.5597 60.1023
37.9375 67.4118
50.7516 71.607
52.1546 66.7587
62.9823 69.6069

57.8541 41.4012
55.4457 38.2123
56.711 35.7801
50.0187 35.1583
51.6523 37.4467
47.6498 42.6823
47.1056 46.7329
49.7892 49.4611

70.9123 79.7585
66.8365 76.4279
64.9317 78.4822
69.3423 81.4292

80.1328 69.34
79.8972 64.2472
70.2611 66.1435
70.2534 71.7848
73.7256 71.3555
73.676 70.2834

82.7685 37.7671
77.0252 36.6017
74.8535 43.9311
81.5422 44.1073