50.8531 50.83710000000001 0
45.2916 39.6957 1
16.8353 21.4519 1
30.9157 16.2798 1
38.2312 20.662 0
38.89246068936201 22.5 1
65.12586618723913 22.5 0
66.3032 25.3078 1
72.48500000000001 22.4805 0
71.56137914412298 19.5 1
100 19.5 0
100 16.5 1
70.63171547439271 16.5 0
69.38640000000001 12.4814 1
65.15049999999999 14.0274 0
64.92802788671753 13.5 1
66.59552824062095 13.5 0
69.38640000000001 12.4814 0
69.70205180466243 13.5 1
100 13.5 0
100 10.5 1
63.66254373835307 10.5 0
62.3970595899886 7.5 1
100 7.5 0
100 40.5 1
0 40.5 0
0 37.5 1
41.86679278275361 37.5 0
37.18745514476151 34.5 1
0 34.5 0
0 31.5 1
32.50811750676942 31.5 0
27.82877986877735 28.5 1
0 28.5 0
0 25.5 1
23.14944223078525 25.5 0
18.47010459279317 22.5 1
0 22.5 0
0 19.5 1
22.14910537112584 19.5 0
30.31623284352584 16.5 1
0 16.5 0
0 13.5 1
56.79020681001221 13.5 0
55.76079019556113 10.5 1
0 10.5 0
0 7.5 1
54.73137358111005 7.5 0
54.5123 6.861560000000001 1
60.86320000000001 3.86378 0
61.13157544162415 4.5 1
100 4.5 0
100 1.5 1
0 1.5 0
0 4.5 1
59.51534605541434 4.5 0
54.5123 6.861560000000001 0
57.81962342446327 16.5 1
31.28329461001324 16.5 0
36.29139556387203 19.5 1
63.86794132140727 19.5 0
62.7873 16.9228 1
58.4662 18.3843 0
66.3032 25.3078 0
72.44236388073426 22.5 1
100 22.5 0
100 25.5 1
37.69764317921909 25.5 0
37.34481471352348 28.5 1
100 28.5 0
100 31.5 1
39.94169915279167 31.5 0
38.88030000000001 30.7372 1
43.6104 34.1366 0
43.72030053785684 34.5 1
100 34.5 0
100 37.5 1
44.62756970013132 37.5 0
50.8531 50.83710000000001 0