50.8531 50.83710000000001 0
50.8531 50.83710000000001 1
67.65469999999999 47.58069999999999 0
67.99210082070155 49.5 1
87.4048519204843 49.5 0
87.45065502039415 52.5 1
68.51948187739129 52.5 0
68.85849999999999 54.4285 1
50.8531 50.83710000000001 0
52.15041840324761 61.5 1
27.22900500357717 61.5 0
28.9072 59.5667 0
27.89576252197337 58.5 1
100 58.5 0
100 55.5 1
25.05118350811762 55.5 0
43.51679188092014 64.5 1
0 64.5 0
0 61.5 1
26.65850264642351 61.5 0
26.9659 61.8031 1
12.2232 47.26649999999999 0
14.4883665760907 49.5 1
0 49.5 0
0 52.5 1
17.53090059367391 52.5 0
20.57343461125711 55.5 1
0 55.5 0
0 58.5 1
23.61596862884031 58.5 0
1.5294 75.15589993193649 1
4.348760072172492 72.2355 0
8.518653357390832 72.2355 1
1.5294 79.47523331064551 0
1.5294 72.2355 1
1.5294 81.63489999999999 0
1.5294 83.68121767616199 1
8.55267518836213 90.19839999999999 0
10.7579 90.19839999999999 1
19.8737 81.15719999999999 1
10.6036 72.2355 1
0 72.2355 0
0.0294000000000002 72.2355 1
0.0294000000000002 90.19839999999999 0
0 91.5 1
100 91.5 0
100 100 1
0 100 0
0 97.5 1
100 97.5 0
100 94.5 1
0 94.5 0
4.14222556508639 90.19839999999999 1
1.5294 87.77385302848597 0
1.5294 90.19839999999999 1
10.7579 90.19839999999999 0
12.47031369729681 88.5 1
100 88.5 0
100 85.5 1
15.49506704862186 85.5 0
18.5198203999469 82.5 1
43.84701352539037 82.5 0
42.86455898922638 79.5 1
18.15178492551869 79.5 0
19.8737 81.15719999999999 0
41.8821044530624 76.5 1
15.03463236490804 76.5 0
11.9174798042974 73.5 1
40.8996499168984 73.5 0
39.91719538073441 70.5 1
0 70.5 0
0 67.5 1
38.93474084457043 67.5 0
38.52079999999999 66.23599999999999 1
57.2362 59.7328 0
63.54519999999999 78.6335 0
60.89627724161309 79.5 1
100 79.5 0
100 82.5 1
51.72516555648831 82.5 0
44.6093 84.82769999999999 1
63.54519999999999 78.6335 0
62.83304375710952 76.5 1
100 76.5 0
100 73.5 1
61.8316522742544 73.5 0
60.83026079139927 70.5 1
100 70.5 0
100 67.5 1
59.82886930854413 67.5 0
58.827477825689 64.5 1
100 64.5 0
87.49340000000001 55.2997 0
87.35904882057446 46.5 1
16.51744646655037 46.5 0
14.721 44.6054 0
12.94266326707 46.5 1
0 46.5 0
0 43.5 1
100 43.5 0
94.98147693138455 46.5 1
100 46.5 0
94.16325424167891 49.5 1
100 49.5 0
100 52.5 1
92.55080499774417 52.5 0
100 61.5 1
57.82608634283386 61.5 0
59.19001030238907 52.5 1
22.20660449426187 52.5 0
19.36202548040612 49.5 1
57.75195129590956 49.5 0
50.8531 50.83710000000001 0