66.3219 62.863 0
45.8476 74.46279999999999 1
43.4586 85.40110000000001 0
37.5 84.0512894220829 1
37.5 100 0
40.5 100 1
40.5 84.73088391302898 0
43.4586 85.40110000000001 0
43.5 85.2115455336961 1
43.5 100 0
46.5 100 1
46.5 0 0
43.5 0 1
43.5 73.80707151977535 0
40.5 72.96911554743173 1
40.5 0 0
37.5 0 1
37.5 72.13115957508808 0
34.52290000000001 71.2996 1
31.4638 82.68389999999999 0
31.5 82.69210044019076 1
31.5 100 0
28.5 100 1
28.5 0 0
25.5 0 1
25.5 100 0
22.5 100 1
22.5 0 0
19.5 0 1
19.5 100 0
34.5 100 1
34.5 83.37169493113683 0
31.4638 82.68389999999999 0
31.5 82.54918336438823 1
31.5 0 0
34.5 0 1
34.5 71.38482129711352 0
14.9857 72.95140000000001 1
11.364 67.92699999999999 0
10.5 68.58061225600747 1
10.5 0 0
7.5 0 1
7.5 70.85009925603339 0
5.577450000000001 72.30449999999999 1
9.501830000000002 77.55779999999999 0
7.5 74.87808663406705 1
7.5 100 0
4.5 100 1
4.5 0 0
1.5 0 1
1.5 100 0
10.5 100 1
10.5 76.71934644657878 0
13.5 74.19937423717192 1
13.5 100 0
16.5 100 1
16.5 0 0
13.5 0 1
13.5 70.8902819946434 0
49.5 100 1
49.5 0 0
52.5 0 1
52.5 100 0
55.5 100 1
55.5 0 0
58.5 0 1
58.5 100 0
61.5 100 1
61.5 0 0
64.5 0 1
64.5 100 0
66.3219 62.863 0