51.965 39.5693 0
50.81865666554805 40.5 1
100 40.5 0
100 1.5 1
0 1.5 0
0 4.5 1
100 4.5 0
100 7.5 1
0 7.5 0
0 10.5 1
100 10.5 0
100 13.5 1
0 13.5 0
0 16.5 1
100 16.5 0
100 19.5 1
0 19.5 0
0 22.5 1
100 22.5 0
100 25.5 1
77.02835355670251 25.5 0
74.43190000000001 23.4234 1
78.76820000000001 26.8915 0
77.9482950649581 28.5 1
100 28.5 0
100 31.5 1
75.48264892152363 31.5 0
75.24520000000001 31.7616 1
71.3321 27.8516 1
73.84370000000001 25.4669 0
73.80883860863003 25.5 1
0 25.5 0
0 28.5 1
71.98101407672635 28.5 0
74.98339259335037 31.5 1
0 31.5 0
0.8169500000000001 31.6599 1
0.8169500000000001 72.94390000000001 0
0 73.5 1
100 73.5 0
100 100 1
0 100 0
0 97.5 1
100 97.5 0
100 94.5 1
0 94.5 0
0 91.5 1
100 91.5 0
100 88.5 1
0 88.5 0
0 85.5 1
100 85.5 0
100 82.5 1
64.37728313917842 82.5 0
66.8261 81.79300000000001 0
68.0430121884965 79.5 1
100 79.5 0
100 76.5 1
69.20753497942385 76.5 0
69.5222 76.71279999999999 1
66.50389999999999 74.67160000000001 1
59.9473 79.92240000000001 0
60.47474493029634 79.5 1
0 79.5 0
0 76.5 1
64.22080267387827 76.5 0
59.9473 79.92240000000001 0
59.44275644119773 82.5 1
0 82.5 0
5.31695 66.17224537915013 1
9.135451960159763 72.94390000000001 0
10.8575 72.94390000000001 1
51.965 39.5693 0
51.965 39.5693 0