50.5 37.5 0
52 39.25 1
52 12.5 0
53 12.5 1
53 40.41666666666667 0
54 41.58333333333333 1
54 12.5 0
55 12.5 1
55 42.75 0
71 37.5 1
71 67.5 0
72 67.5 1
72 37.5 0
74 37.5 1
74 67.5 0
73 67.5 1
73 37.5 0
70 37.5 1
70 67.5 0
69 67.5 1
69 37.5 0
68 37.5 1
68 67.5 0
67 67.5 1
67 37.5 0
66 37.5 1
66 67.5 0
65 67.5 1
65 37.5 0
64.5 37.5 1
74.5 37.5 1
74.5 67.5 1
52.5 67.5 1
52.5 73.5 1
44.5 73.5 1
44.5 88.5 1
35.5 88.5 1
35.5 77.5 1
29.5 77.5 1
29.5 73.5 1
15.5 73.5 1
15.5 68.5 1
35.5 68.5 1
35.5 53.5 1
12.5 53.5 1
12.5 12.5 1
18.5 12.5 1
18.5 9.5 1
33.77311588670408 9.5 1
40.77311588670408 17.5 1
48.5 17.5 1
48.5 12.5 1
59.5 12.5 1
59.5 14.5 1
84.5 14.5 1
84.5 18.5 1
75.5 18.5 1
75.5 25.5 1
79.5 25.5 1
79.5 30.5 1
64.5 30.5 0
50.5 37.5 0