60.5 99.5 0
60.5 98.5 1
65.5 98.5 1
65.5 87.5 1
65.5 86.5 1
71.5 86.5 1
72.5 86.5 0
92.5 89 1
103.5 89 0
103.5 88 1
92.5 88 0
103.5 87 1
92.5 87 0
92.5 86 1
103.5 86 0
103.5 85 1
92.5 85 0
92.5 84 1
103.5 84 0
103.5 83 1
92.5 83 0
92.5 82 1
103.5 82 0
103.5 81 1
92.5 81 0
92 80.5 1
92 118.5 0
91 118.5 1
91 80.5 0
90 80.5 1
90 118.5 0
89 118.5 1
89 80.5 0
88 80.5 1
88 118.5 0
87 118.5 1
87 80.5 0
86 80.5 1
86 118.5 0
85 118.5 1
85 80.5 0
84 80.5 1
84 118.5 0
83 118.5 1
83 80.5 0
82 80.5 1
82 118.5 0
81 118.5 1
81 80.5 0
80 80.5 1
80 118.5 0
79 118.5 1
79 80.5 0
78 80.5 1
78 118.5 0
77 118.5 1
77 80.5 0
76 80.5 1
76 118.5 0
72.5 109.5 1
67.5 109.5 1
67.5 138.5 1
67.5 139.5 1
63.5 139.5 1
62.5 139.5 0
62 131.5 1
62 160.5 0
61 160.5 1
61 131.5 0
60 131.5 1
60 171.5 0
59 171.5 1
59 131.5 0
58 131.5 1
58 167.5 0
57 167.5 1
57 131.5 0
56.5 131.5 1
57.5 131.5 1
62.5 131.5 1
62.5 139.5 0
63 139.5 1
63 160.5 0
64 160.5 1
64 139.5 0
65 139.5 1
65 160.5 0
66 160.5 1
66 139.5 0
67 139.5 1
67 160.5 0
67.26759187924399 160.5 1
60.5 160.5 0
56 167.5 1
56 89.5 0
56.5 89.5 0
66.5 85 1
72.5 85 0
72.5 84 1
66.5 84 0
66.5 83 1
72.5 83 0
72.5 82 1
66.5 82 0
66.5 81 1
72.5 81 0
73 80.5 1
73 180.5 0
74 180.5 1
74 80.5 0
75 80.5 1
75 180.5 0
76 180.5 1
76 126.5 0
78 126.5 1
78 180.5 0
77 180.5 1
77 126.5 0
75.5 126.5 0
78.5 130.5 0
79 130.5 1
79 180.5 0
80 180.5 1
80 130.5 0
81 130.5 1
81 180.5 0
82 180.5 1
82 130.5 0
83 130.5 1
83 180.5 0
84 180.5 1
84 130.5 0
85 130.5 1
85 180.5 0
86 180.5 1
86 127.5 0
87 127.5 1
87 180.5 0
88 180.5 1
88 127.5 0
89 127.5 1
89 180.5 0
90 180.5 1
90 127.5 0
91 127.5 1
91 180.5 0
92 180.5 1
92 127.5 0
93 127.5 1
93 180.5 0
94 180.5 1
94 127.5 0
95 127.5 1
95 180.5 0
96 180.5 1
96 127.5 0
97 127.5 1
97 180.5 0
98 180.5 1
98 127.5 0
106 147.5 1
106 124.5 0
105 124.5 1
105 147.5 0
104 147.5 1
104 124.5 0
103 124.5 1
103 147.5 0
102 147.5 1
102 124.5 0
101 124.5 1
101 147.5 0
100.5 147.5 0
60.5 160.5 1
60.5 171.5 1
58.5 171.5 1
58.5 167.5 1
53.5 167.5 1
53.5 164.5 1
47.5 164.5 1
47.5 154.5 1
24.5 154.5 0
25 154.5 1
25 89.5 0
22 89.5 1
22 162.5 0
23 162.5 1
23 89.5 0
24 89.5 1
24 162.5 0
24.5 154.5 1
24.5 162.5 1
20.5 162.5 0
21 162.5 1
21 89.5 0
20 89.5 1
20 137.5 0
20.5 137.5 0
20.5 140.2071067811866 0
20 140.7071067811866 1
20 165.5 0
20.5 162.5 1
20.5 165.5 1
17.5 165.5 1
17.5 150.5 1
18.5 150.5 1
18.5 145.5 1
18.5 142.2071067811866 0
18.5 142.9142135623731 1
15.9142135623731 145.5 0
17.3284271247462 145.5 1
18.5 144.3284271247462 0
19 141.7071067811866 1
19 165.5 0
18 165.5 1
18 150.5 0
18.5 150.5 0
18.5 145.5 1
15.20710678118654 145.5 1
20.5 140.2071067811866 1
20.5 137.5 1
13.5 137.5 1
13.5 115.5 1
16.5 115.5 0
19.5 104.5 0
19 104.5 1
19 137.5 0
18 137.5 1
18 104.5 0
17 104.5 1
17 137.5 0
16 137.5 1
16 115.5 0
14 115.5 1
14 137.5 0
15 137.5 1
15 115.5 0
16.5 115.5 1
16.5 104.5 1
19.5 104.5 1
19.5 89.5 1
56.5 89.5 1
56.5 54.5 1
49.5 54.5 1
49.5 67.5 1
48.83333333333333 67.5 1
40.5 73.75 0
40 84.5 1
40 55.5 0
39 55.5 1
39 84.5 0
38 84.5 1
38 55.5 0
37 55.5 1
37 84.5 0
36 84.5 1
36 55.5 0
35 55.5 1
35 84.5 0
34 84.5 1
34 55.5 0
33 55.5 1
33 84.5 0
32 84.5 1
32 55.5 0
31 55.5 1
31 84.5 0
30 84.5 1
30 55.5 0
29 55.5 1
29 84.5 0
28 84.5 1
28 55.5 0
27 55.5 1
27 84.5 0
26 84.5 1
26 55.5 0
25 55.5 1
25 84.5 0
24 84.5 1
24 55.5 0
23 55.5 1
23 84.5 0
22 84.5 1
22 55.5 0
21 55.5 1
21 84.5 0
20 84.5 1
20 55.5 0
18 55.5 1
18 70.5 0
17 70.5 1
17 55.5 0
19 55.5 1
19 70.5 0
40.17539052967912 55.5 0
41 54.8403124237433 1
41 73.375 0
40.5 73.75 1
40.5 84.5 1
19.5 84.5 1
19.5 70.5 1
16.5 70.5 1
16.5 55.5 1
40.17539052967912 55.5 1
45.5 51.2403124237433 1
45.5 42.5 1
41.5 42.5 1
41.5 35.5 1
28.5 35.5 0
28 40.5 1
28 12.5 0
27 12.5 1
27 40.5 0
26 40.5 1
26 12.5 0
25 12.5 1
25 40.5 0
24 40.5 1
24 12.5 0
23 12.5 1
23 40.5 0
18 40.5 1
18 27.5 0
19 27.5 1
19 40.5 0
20 40.5 1
20 27.5 0
21 27.5 1
21 40.5 0
22 40.5 1
22 27.5 0
30 35.5 1
30 12.5 0
29 12.5 1
29 35.5 0
28.5 35.5 1
28.5 40.5 1
17.5 40.5 1
17.5 27.5 1
22.5 27.5 1
22.5 12.5 1
32.5 12.5 1
32.5 10.5 1
51.5 10.5 1
51.5 35.5 1
48.5 35.5 0
48.5 46.5 1
48.5 35.5 0
50 35.5 1
50 10.5 0
51 10.5 1
51 35.5 0
49 35.5 1
49 10.5 0
32 35.5 1
32 12.5 0
31 12.5 1
31 35.5 0
33 35.5 1
33 10.5 0
34 10.5 1
34 35.5 0
35 35.5 1
35 10.5 0
36 10.5 1
36 35.5 0
37 35.5 1
37 10.5 0
38 10.5 1
38 35.5 0
39 35.5 1
39 10.5 0
40 10.5 1
40 35.5 0
41 35.5 1
41 10.5 0
42 10.5 1
42 42.5 0
43 42.5 1
43 10.5 0
44 10.5 1
44 42.5 0
45 42.5 1
45 10.5 0
46 10.5 1
46 69.625 0
47 68.875 1
47 10.5 0
48 10.5 1
48 68.125 0
48.83333333333333 67.5 0
49 67.5 1
49 46.5 0
48.5 46.5 1
62.5 46.5 1
62.5 12.5 1
66.5 12.5 1
66.5 14.5 1
97.61721778146267 14.5 0
98.49221778146267 15 1
66.5 15 0
66.5 16 1
100.2422177814627 16 0
101.9922177814627 17 1
66.5 17 0
66.5 18 1
100.5 18 0
100.5 19 1
66.5 19 0
66.5 20 1
100.5 20 0
100.5 21 1
66.5 21 0
66.5 22 1
100.5 22 0
100.5 23 1
66.5 23 0
66.5 24 1
100.5 24 0
100.5 25 1
66.5 25 0
66.5 26 1
100.5 26 0
100.5 27 1
66.5 27 0
66.5 28 1
100.5 28 0
100.5 29 1
66.5 29 0
66.5 30 1
100.5 30 0
100.5 31 1
66.5 31 0
66.5 32 1
100.5 32 0
100.5 33 1
66.5 33 0
66.5 34 1
100.5 34 0
100.5 35 1
66.5 35 0
66.5 36 1
100.5 36 0
100.5 37 1
66.5 37 0
96.60943556292537 14.5 1
96.5 14.43746539261408 0
96.5 14.5 1
96.5 13.86158983916418 1
102.5 17.29016126773562 1
102.5 17.5 1
100.5 17.5 1
100.5 47.5 1
94.5 47.5 1
94.5 41.5 0
94.5 42 1
100.5 42 0
100.5 43 1
94.5 43 0
94.5 46 1
100.5 46 0
100.5 47 1
94.5 47 0
94.5 45 1
100.5 45 0
100.5 44 1
94.5 44 0
94.5 41.5 1
66.5 41.5 1
66.5 80.5 1
103.5 80.5 1
103.5 89.5 1
92.5 89.5 1
92.5 118.5 1
75.5 118.5 1
75.5 126.5 1
78.5 126.5 1
78.5 130.5 1
85.5 130.5 1
85.5 127.5 1
99.5 127.5 0
99 127.5 1
99 180.5 0
100 180.5 1
100 124.5 0
99.5 127.5 1
99.5 124.5 1
106.5 124.5 1
106.5 147.5 1
100.5 147.5 1
100.5 155.5 1
104.5 155.5 1
104.5 168.5 1
101.5 168.5 0
102 168.5 1
102 155.5 0
104 155.5 1
104 168.5 0
103 168.5 1
103 155.5 0
101 155.5 1
101 180.5 0
102 180.5 1
102 171.5 0
104 171.5 1
104 180.5 0
103 180.5 1
103 171.5 0
101.5 171.5 0
101.5 168.5 1
101.5 171.5 1
104.5 171.5 1
104.5 180.5 1
66.5 180.5 1
66.5 171.5 1
70.5 171.5 0
68 171.5 1
68 180.5 0
67 180.5 1
67 171.5 0
69 171.5 1
69 180.5 0
70 180.5 1
70 171.5 0
70.5 171.5 1
70.5 167.5 1
71.93425854591067 167.5 1
67.26759187924399 160.5 0
68 161.598612181134 1
68 109.5 0
69 109.5 1
69 163.098612181134 0
70 164.598612181134 1
70 109.5 0
71 109.5 1
71 166.098612181134 0
71.93425854591067 167.5 0
71 167.5 1
71 180.5 0
72 180.5 1
72 109.5 0
72.5 109.5 1
72.5 108.5 1
72.5 104.5 1
71.5 104.5 1
69.5 104.5 1
69.5 95.5 1
72.5 95.5 0
71 95.5 1
71 104.5 0
70 104.5 1
70 95.5 0
72 104.5 1
72 95.5 0
72.5 95.5 1
72.5 94.5 1
72.5 86.5 0
72.5 86 1
66.5 86 0
66 86.5 1
66 12.5 0
65 12.5 1
65 98.5 0
64 98.5 1
64 12.5 0
63 12.5 1
63 98.5 0
60.5 98.5 1
60.5 99.5 0
60.5 99.5 0