54.6105 49.15519999999999 0
57.2734 50.07640000000001 1
61.5793 48.43040000000001 0
60.27960788241785 46.5 1
100 46.5 0
100 43.5 1
58.25977968476634 43.5 0
57.3077 42.0859 1
51.78879999999999 38.25020000000001 0
55.02586786766432 40.5 1
100 40.5 0
100 37.5 1
49.96606765575446 37.5 0
51.78879999999999 38.25020000000001 1
47.2689 36.3899 1
42.94199999999999 36.5228 1
38.4756 37.0806 0
38.57926326852545 37.5 1
29.34576002081475 37.5 0
29.1811 39.0745 1
22.5212 38.271 0
22.57311709705186 37.5 1
11.60074603742762 37.5 0
5.464650000000001 39.4629 0
2.71817 39.4629 1
2.71817 29.6881 0
2.71817 35.23337142940748 1
3.906564200245623 39.4629 0
5.464650000000001 39.4629 1
18.4774 35.3002 1
22.63622724237669 36.56277652625997 1
23.2722 27.1182 0
20.87164766070522 26.38941737523294 1
22.80492207095588 34.057557239738 0
20.15255504904936 35.80875958170719 1
17.48563813558989 25.2307 0
18.88326023458461 25.2307 1
0 25.2307 0
1.21817 25.2307 1
1.21817 39.4629 0
0 40.5 1
39.32077448830698 40.5 0
30.2362 28.9855 0
29.51302432050212 28.5 1
100 28.5 0
100 25.5 1
25.044379545026 25.5 0
20.57573476954988 22.5 1
100 22.5 0
100 19.5 1
0 19.5 0
0 16.5 1
100 16.5 0
100 13.5 1
0 13.5 0
0 10.5 1
100 10.5 0
100 7.500000000000002 1
37.65585262070122 7.500000000000002 0
35.25001328828736 4.5 1
100 4.5 0
100 1.5 1
0 1.5 0
0 4.5 1
32.67750562297341 4.5 0
34.2343 3.23344 1
31.7021 5.293559999999999 0
33.60709813627305 7.500000000000002 1
0 7.500000000000002 0
11.24367641422705 25.2307 1
2.71817 28.1051378849241 0
0 22.5 1
19.10175772965786 22.5 0
19.1769 21.5609 1
30.2362 28.9855 0
29.9732354891466 31.50000000000001 1
100 31.50000000000001 0
100 34.5 1
29.65949775498067 34.5 0
40.42534523939892 43.5 1
0 43.5 0
0 46.5 1
41.97485244874369 46.5 0
43.125 48.7268 1
51.8616 44.9109 0
48.22331517597421 46.5 1
52.89081023254718 46.5 0
54.6105 49.15519999999999 0