14.1159 32.7915
7.6313 27.2186
0.786723 44.4796
6.23393 48.4149
10.4455 38.282

63.1511 7.53131
1.76162 13.6399
2.33205 24.9972
62.2398 19.3763

10.3165 6.80645
7.41857 2.65332
3.22463 6.04432
6.50201 10.1997

24.2853 71.2345
16.4071 63.1002
11.0353 55.8702
4.01303 61.972
19.0155 76.2852

52.047 41.8333
22.3449 39.633
20.9892 52.847
50.392 55.0667

36.1029 84.1203
13.3936 81.1108
12.7423 92.0028
35.3265 94.2952

49.5821 73.6156
32.1021 70.8055
30.9413 78.2178
48.4395 80.9295

64.941 59.9129
61.0692 46.6638
46.3513 63.5633
55.5254 70.7276

74.0328 14.7452
70.2714 7.42373
64.1123 10.5152
67.7123 17.3846

72.044 0.764579
64.8762 4.66443
68.3701 6.31538

78.2183 81.788
71.2747 49.6453
69.9371 50.1561
76.2821 82.2583

82.314 54.4303
80.7607 48.1107
75.539 48.8928
75.8354 50.0618
71.5631 50.7018
73.0631 56.6654

91.4495 9.24371
91.4021 3.08273
91.2176 1.89278
86.2869 2.77479
86.146 2.19155
78.0277 4.35767
80.8712 15.7073
76.4969 16.7636
76.8725 18.3189
75.6322 18.7212
76.0785 23.5514
80.5768 22.1566
85.2794 19.4779
89.2511 14.1982

94.8862 24.9792
91.0024 21.2873
84.6243 27.4822
88.5996 31.0311

97.3475 53.0961
90.3211 50.4715
87.9183 56.6031
94.8998 59.1384