58.7753 36.7227 0
58.41660075803402 34.5 1
14.17832709059056 34.5 0
18.78200686111254 38.22751698907514 1
68.64266857213556 36.86780968624345 0
67.26312132878036 33.9043148512291 1
100 33.01157553583145 0
100 36.01269081945242 1
72.99818624948381 36.74903410264156 0
100 22.5 1
0 22.5 0
0 19.5 1
100 19.5 0
100 16.5 1
0 16.5 0
0 13.5 1
100 13.5 0
100 10.5 1
0 10.5 0
0 7.5 1
100 7.5 0
100 4.5 1
0 4.5 0
0 1.5 1
100 1.5 0
66.68501890732577 30.91896450247387 1
100 30.01046025221049 0
100 29.51459093561277 1
66.58949999999999 30.4257 1
57.9216 31.4327 0
57.93246087145558 31.5 1
33.65468286620623 31.5 0
31.5223 33.2627 1
37.54770000000001 28.2819 0
37.28385890218439 28.5 1
100 28.5 0
100 25.5 1
35.93465106213489 25.5 0
35.58240000000001 24.8925 0
35.19473659811918 25.5 1
0 25.5 0
0 28.5 1
33.2803494283373 28.5 0
31.36596225855543 31.5 1
0 31.5 0
10.48288808574392 32.80289541492984 1
7.753654832248118 44.88692539448266 0
7.705550000000001 45.07769999999999 1
0 45.28783143925081 1
0 33.08876525692196 1
12.0302 32.7607 1
18.28712290502179 37.82681832064021 0
17.88348506895638 37.5 1
30.2715975728199 37.5 0
22.36777343701073 41.13084791059205 1
100 39.01380610307338 0
100 42.01492138669434 1
20.86561394995493 44.17292729606159 0
58.7753 36.7227 0