41.607 51.6867 0
34.57954592269327 40.5 1
73.18750401050841 40.5 0
73.01519999999999 40.25409999999999 1
78.22819999999999 38.7465 1
87.10059999999999 33.0149 0
100 25.5 1
87.91184757206773 25.5 0
87.93745517126334 34.5 1
100 34.5 0
100 37.5 1
89.62795784030249 37.5 0
90.64750000000001 39.30929999999999 1
77.62950000000001 46.83929999999999 0
77.39174989521959 46.5 1
0 46.5 0
0 43.5 1
24.81309483398675 43.5 0
22.4828724421469 40.5 1
0 40.5 0
0 37.5 1
24.21155488301119 37.5 0
27.6652 35.2985 0
30.07875158565465 34.5 1
0 34.5 0
0 31.5 1
39.14657219550304 31.5 0
40.0461 31.2024 1
27.6652 35.2985 1
21.4968 39.23050000000001 0
25.9744 44.99509999999999 1
35.1862 40.1831 1
43.5033 37.3 0
42.92634463945059 37.5 1
80.15775659850652 37.5 0
84.80169546374486 34.5 1
41.91576392023092 34.5 0
40.2148324061926 31.5 1
56.69190443908266 31.5 0
57.68559999999999 32.6266 1
61.5125 29.0487 0
58.89060448307667 31.5 1
100 31.5 0
100 28.5 1
61.02265685245902 28.5 0
58.34445484294024 25.5 1
82.92623937379309 25.5 0
84.92740000000001 27.9572 1
92.33860000000001 21.8553 0
91.55556510267294 22.5 1
100 22.5 0
100 19.5 1
90.44107449007123 19.5 0
88.02415242927796 16.5 1
100 16.5 0
100 13.5 1
85.60723036848472 13.5 0
83.19030830769148 10.5 1
100 10.5 0
100 7.5 1
80.77338624689821 7.5 0
80.54339999999999 7.21453 1
73.11850000000001 13.4572 1
77.57366942797231 18.92764658737042 1
61.2166 13.2442 1
72.5054818718979 13.2442 0
76.63573129366119 10.5 1
0 10.5 0
0 1.5 1
100 1.5 0
100 4.5 1
0 4.5 0
0 7.5 1
80.20386800439556 7.5 0
67.93528056330311 13.2442 1
74.92213488437383 15.67186062236286 0
72.91051663107569 19.5 1
78.03979799448277 19.5 0
80.48301868413793 22.5 1
72.19491503745019 22.5 0
71.89670000000001 23.7502 1
67.70230000000001 23.9981 1
61.0361 21.9333 0
62.86568908368849 22.5 1
0 22.5 0
0 19.5 1
60.90106306746671 19.5 0
60.73457689740962 16.5 1
0 16.5 0
0 13.5 1
61.13946446850925 13.5 0
56.30741578347579 25.5 1
0 25.5 0
0 28.5 1
54.04581294010167 28.5 0
57.68559999999999 32.6266 0
75.28962695286401 43.5 1
28.83652846633417 43.5 0
41.607 51.6867 0