41.607 51.6867 0
40.60486626247122 52.5 1
0 52.5 0
0 49.5 1
100 49.5 0
100 46.5 1
78.21608796812748 46.5 0
83.40254215139441 43.5 1
100 43.5 0
100 40.5 1
88.58899633466135 40.5 0
100 52.5 1
42.27035928476749 52.5 0
44.71727660224261 55.5 1
100 55.5 0
100 58.5 1
47.1641939197177 58.5 0
54.50494587214301 67.5 1
60.85143545681198 67.5 0
63.40944277326001 64.5 1
52.05802855466791 64.5 0
49.6111112371928 61.5 1
100 61.5 0
100 64.5 1
63.48701560359589 64.5 0
63.4421 64.46170000000001 1
63.98999999999999 64.9289 0
62.65942159617428 67.5 1
100 67.5 0
100 70.5 1
56.95186318961811 70.5 0
59.39878050709322 73.5 1
100 73.5 0
100 76.5 1
61.84569782456832 76.5 0
64.29261514204342 79.5 1
100 79.5 0
100 82.5 1
66.73953245951853 82.5 0
68.92830000000001 85.18350000000001 1
66.77799999999999 86.81649999999999 0
65.68356683888314 85.5 1
0 85.5 0
0 100 1
100 100 0
100 97.5 1
0 97.5 0
0 94.5 1
100 94.5 0
100 91.5 1
0 91.5 0
0 88.5 1
100 88.5 0
100 85.5 1
68.51153946723821 85.5 0
66.77799999999999 86.81649999999999 0
63.18960597040569 82.5 1
0 82.5 0
0 79.5 1
60.69564510192824 79.5 0
58.20168423345079 76.5 1
0 76.5 0
0 73.5 1
55.70772336497333 73.5 0
53.21376249649589 70.5 1
0 70.5 0
0 67.5 1
50.71980162801843 67.5 0
48.22584075954099 64.5 1
0 64.5 0
0 61.5 1
45.73187989106353 61.5 0
43.23791902258608 58.5 1
0 58.5 0
0 55.5 1
40.74395815410863 55.5 0
39.1987 53.6412 1
41.607 51.6867 0
41.607 51.6867 0