39.1418 55.1846 0
38.35996769803982 55.50000000000001 1
100 55.50000000000001 0
100 58.50000000000001 1
0 58.50000000000001 0
0 61.50000000000001 1
100 61.50000000000001 0
100 64.5 1
0 64.5 0
0 73.5 1
31.48277202315099 73.5 0
31.08854696851942 76.5 1
0 76.5 0
0 79.5 1
30.69432191388785 79.5 0
30.6362 79.94229999999999 1
39.9974 82.55879999999999 0
39.78702791515387 82.5 1
0 82.5 0
0 85.5 1
100 85.5 0
100 88.5 1
0 88.5 0
0 91.5 1
100 91.5 0
100 94.5 1
0 94.5 0
0 97.50000000000003 1
100 97.50000000000003 0
100 100 1
0 100 0
31.87699707778255 70.5 1
0 70.5 0
0 67.5 1
31.55878394956186 67.5 0
31.324 67.6746 1
35.09910000000001 64.8672 0
37.1825343308071 67.5 1
100 67.5 0
100 70.5 1
41.05171066934857 70.5 0
44.64525222078483 79.5 1
40.26483336612294 79.5 0
40.00254093171441 82.5 1
44.96608016386374 82.5 0
45.15770000000001 84.29179999999999 1
65.80459999999999 80.56559999999999 0
65.29865965053847 79.5 1
100 79.5 0
100 82.5 1
55.08607620632273 82.5 0
65.80459999999999 80.56559999999999 0
63.87427803606344 76.5 1
100 76.5 0
100 73.5 1
62.44989642158841 73.5 0
61.21510000000001 70.89930000000001 1
44.5625 78.72620000000001 0
49.29898802463298 76.5 1
40.52712580053148 76.5 0
40.78941823494003 73.5 1
55.68182158581301 73.5 0
31.80318140241406 46.5 1
100 46.5 0
100 49.50000000000001 1
34.33822686135953 49.50000000000001 0
36.87327232030501 52.50000000000001 1
100 52.50000000000001 0
75.88521124008506 40.5 1
95.00387832333351 40.5 0
94.77250000000001 38.6318 1
63.4177 41.7332 0
63.25970038510722 40.5 1
0 40.5 0
0 43.5 1
25.7433291251084 43.5 0
25.6262 43.5997 1
27.7935 41.75490000000001 0
29.26813594346859 43.5 1
100 43.5 0
99.69099283110242 41.7332 1
97.73188153039234 25.9149 0
94.70896051013077 25.9149 1
96.66807181084087 41.7332 0
95.15661130071007 41.7332 1
100 41.7332 1
100 25.9149 0
100 25.50000000000001 1
55.69375814728988 25.50000000000001 0
57.41562555247837 22.5 1
100 22.5 0
100 19.5 1
10.74233507690995 19.5 0
12.8826125782605 16.5 1
100 16.5 0
100 13.5 1
80.07953280431826 13.5 0
80.02760000000001 13.7564 1
74.4297 12.4358 1
66.6155 7.06546 0
67.3614219361601 4.5 1
0 4.5 0
0 1.5 1
100 1.5 0
100 4.5 1
76.77679867202104 4.5 0
81.62010000000001 5.893990000000001 0
80.68717092036667 10.5 1
100 10.5 0
100 7.500000000000002 1
81.29480903641505 7.500000000000002 0
81.62010000000001 5.893990000000001 1
68.08850000000001 1.99935 0
66.6155 7.06546 0
67.2477844490293 7.500000000000002 1
0 7.500000000000002 0
0 10.5 1
71.61298292808277 10.5 0
50.05880000000001 20.6129 0
49.97621346124367 22.5 1
8.602057575559407 22.5 0
8.111719999999998 23.1873 1
0 23.1873 1
0 11.0237 1
1.23486 11.0237 1
1.23486 23.1873 0
0 25.50000000000001 1
51.24155559374042 25.50000000000001 0
50.9824 27.9228 0
62.87533544456367 37.5 1
0 37.5 0
0 34.5 1
62.49097050402011 34.5 0
62.10660556347655 31.50000000000001 1
0 31.50000000000001 0
0 28.50000000000001 1
61.72224062293299 28.50000000000001 0
61.67440000000001 28.1266 1
93.19749999999999 25.9149 0
78.94074435862487 13.5 1
9.657701368581122 13.5 0
13.1301 16.1531 1
6.416700000000001 11.0237 0
4.532984262596095 11.0237 1
1.23486 15.36536721567493 0
1.23486 19.74452642402247 1
5.666643140596912 23.1873 0
27.9915977581029 46.5 1
0 46.5 0
0 49.50000000000001 1
30.43830784820001 49.50000000000001 0
32.88501793829712 52.50000000000001 1
0 52.50000000000001 0
0 55.50000000000001 1
35.33172802839425 55.50000000000001 0
36.0814 56.4192 1
39.1418 55.1846 0
39.1418 55.1846 0