44.366 49.56189999999999 0
65.69110000000001 35.2273 1
57.7465 22.2973 0
59.5 20.94182907212318 1
59.5 0 0
62.5 0 1
62.5 18.62280267712433 0
65.5 16.30377628212549 1
65.5 0 0
68.5 0 1
68.5 14.22134709095227 0
71.25999999999999 6.845436460108168 1
74.21101395296094 1.82887 0
75.9513 1.82887 1
83.4537 5.868410000000001 1
94.41249999999999 5.868410000000001 0
94.41249999999999 4.5 1
80.91223260915848 4.5 0
85.76396879349295 5.868410000000001 1
94.41249999999999 13.25155253057304 0
94.41249999999999 9.307057591719133 1
90.38450638047888 5.868410000000001 0
94.41249999999999 1.5 1
71.25999999999999 1.5 0
71.25999999999999 0 1
71.25999999999999 13.7712877226312 0
75.58668795248713 12.21489492721095 1
78.84620000000001 17.5045494759044 0
78.84620000000001 23.22314892032519 1
71.25999999999999 10.91198800042081 0
71.25999999999999 9.803830000000001 1
78.84620000000001 14.0312716254802 1
78.84620000000001 24.9359 0
77.5 25.98904917256425 1
77.5 64.22796666754482 0
83.03299999999999 68.72049999999999 0
80.5 72.76132631630273 1
80.5 100 0
77.5 100 1
77.5 77.54714508807859 0
74.5 82.33296385985443 1
74.5 100 0
71.5 100 1
71.5 86.55310595238095 0
71.7533 86.71469999999999 1
83.03299999999999 68.72049999999999 0
80.5 66.66382424885072 1
80.5 14.95285858076996 0
83.5 16.99502391971664 1
83.5 100 0
86.5 100 1
86.5 19.57086946454615 0
89.47040000000001 22.1213 1
94.41249999999999 15.2238 0
92.5 17.89300312215455 1
92.5 100 0
95.5 100 1
95.5 0 0
98.5 0 1
98.5 100 0
89.5 100 1
89.5 22.07998841180874 0
89.47040000000001 22.1213 0
68.5 33.02986224126005 1
68.5 75.12311465552273 0
65.5 80.55439467029922 1
65.5 34.91628081715882 0
62.5 30.03371907710898 1
62.5 100 0
59.5 100 1
59.5 25.15115733705913 0
44.366 49.56189999999999 0