58.0017 51.7585 0
34.5 52.79726778221267 1
34.5 35.43252660436315 0
33.71680000000001 35.3176 1
34.6521 31.0932 0
34.5 31.78017876617128 1
34.5 23.16980165050609 0
37.5 31.54943114575295 1
37.5 25.77906029058634 0
37.7116 25.9631 1
40.79470000000001 22.1214 0
40.5 21.85537908555248 1
40.5 0 0
37.5 0 1
37.5 19.14732769993129 0
34.5 16.43927631431011 1
34.5 0 0
31.5 0 1
31.5 13.73122492868892 0
31.1889 13.4504 1
27.8419 17.3789 0
28.5 16.60646323573349 1
28.5 0 0
25.5 0 1
25.5 39.28662505156275 0
28.5 38.06387398064413 1
28.5 17.9512843703456 0
31.5 20.56054301042585 1
31.5 41.28421896428206 0
43.5 36.75318472396016 1
43.5 100 0
28.5 100 1
28.5 91.12576650653855 0
31.5 89.90519004536964 1
31.5 100 0
34.5 100 1
34.5 63.51218887528748 0
36.1942 68.02109999999999 1
25.411 39.3229 0
25.5 39.55976287929371 1
25.5 89.37259409167831 0
13.5 87.43874990377134 1
13.5 0 0
16.5 0 1
16.5 100 0
13.5 100 1
13.5 91.20826931661489 0
15.089 89.63040000000001 1
12.6469 86.2621 1
9.105989999999998 95.57149999999999 0
10.5 91.90651086048501 1
10.5 0 0
7.5 0 1
7.5 39.17440082145825 0
4.59735 36.6426 0
4.5 36.77927535241349 1
4.5 0 0
1.5 0 1
1.5 40.99115061939342 0
1.29654 41.27679999999999 0
4.5 44.09168941024596 1
4.5 100 0
1.5 100 1
1.5 41.45558088048817 0
1.29654 41.27679999999999 1
4.59735 36.6426 0
9.18188 40.6414 1
5.665480000000001 45.11579999999999 0
7.5 42.78148755317939 1
7.5 100 0
10.5 100 1
10.5 94.18725481053852 0
19.5 100 1
19.5 0 0
22.5 0 1
22.5 100 0
25.5 100 1
25.5 92.3463429677075 0
24.544 92.7353 1
27.2622 83.17410000000001 0
28.5 82.82501169004357 1
28.5 47.54390487795831 0
31.5 55.52804687662289 1
31.5 82.08223434701031 0
31.4615 81.9898 1
34.28619999999999 88.77160000000001 0
46.5 92.25836118025973 1
46.5 37.19340409715916 0
47.7021 37.3698 1
48.1297 33.25230000000001 0
46.5 32.99122345298866 1
46.5 0 0
43.5 0 1
43.5 32.51062601724342 0
40.5 32.03002858149819 1
40.5 22.48861124517531 0
30.4534 37.2677 1
38.2702 67.26609999999999 0
37.5 67.54620645472062 1
37.5 100 0
40.5 100 1
40.5 36.31296535076116 0
37.5 35.87274597756216 1
37.5 64.3103166001433 0
49.5 86.29800793350648 1
49.5 0 0
52.5 0 1
52.5 81.42822710154883 0
58.5 54.83789014046216 1
58.5 82.05641664456235 0
58.6943 82.18700000000001 1
49.235 95.08590000000001 0
49.5 94.72454043851025 1
49.5 100 0
46.5 100 1
46.5 92.80502131248292 0
46.3062 92.64340000000001 1
51.1187 83.08199999999999 1
54.3211 79.24789999999999 0
55.5 80.04020426003842 1
55.5 0 0
58.5 0 1
58.5 51.61797593388498 0
58.0017 51.7585 0