58.0017 51.7585 0
70.5 35.56603346024569 1
70.5 48.23389246332448 0
67.5 49.0799133309646 1
67.5 31.97250747791428 0
64.5 28.37898149558286 1
64.5 49.92593419860472 0
61.5 50.77195506624484 1
61.5 0 0
64.5 0 1
64.5 27.0861544905588 0
67.5 25.18826378203473 1
67.5 0 0
70.5 0 1
70.5 23.03315457565274 0
63.75 27.4806 1
77.19759999999999 43.5887 0
79.5 42.01606121025189 1
79.5 72.18066277221453 0
76.80539999999999 72.5523 0
77.1251 77.2013 0
79.5 77.28950594656803 1
79.5 100 0
82.5 100 1
82.5 77.40092867582155 0
85.5 77.51235140507504 1
85.5 100 0
88.5 100 1
88.5 77.62377413432853 0
91.5 77.73519686358202 1
91.5 100 0
94.5 100 1
94.5 77.84661959283551 0
95.02449999999999 77.86609999999999 1
93.96770000000001 71.05619999999999 0
94.5 74.48628116010599 1
94.5 45.09382511946697 0
97.5 42.49076949564457 1
97.5 100 0
100 100 1
100 0 0
97.5 0 1
97.5 39.57438673249403 0
98.93620000000001 41.24460000000001 1
92.8597 34.178 0
94.5 36.08556915658686 1
94.5 0 0
91.5 0 1
91.5 35.48378390733771 0
88.5 38.36482510908304 1
88.5 0 0
85.5 0 1
85.5 71.35314723495009 0
82.5 71.76690500358231 1
82.5 39.96693144598663 0
84.0061 38.93819999999999 1
71.64670000000001 22.2094 0
73.5 24.71789434762205 1
73.5 0 0
76.5 0 1
76.5 28.77847981293591 0
79.5 32.83906527824975 1
79.5 0 0
82.5 0 1
82.5 36.8996507435636 0
86.85509999999999 39.94450000000001 1
89.75640000000001 45.47029999999999 1
91.61199999999999 47.5997 0
91.5 47.47117402457427 1
91.5 70.97995285816745 0
88.80879999999999 70.89680000000001 0
88.5 70.93938946631786 1
88.5 43.07736748009513 0
72.63679999999999 47.6313 1
74.02799999999999 54.1275 0
73.5 54.28496449727933 1
73.5 100 0
76.5 100 1
76.5 42.75308542490853 0
73.5 39.15955944257712 1
73.5 51.6620071880391 0
74.02799999999999 54.1275 0
70.5 55.17964914091189 1
70.5 100 0
67.5 100 1
67.5 56.07433378454445 0
64.5 56.96901842817702 1
64.5 100 0
52.5 90.63367747824893 1
52.5 100 0
55.5 100 1
55.5 86.54281451798758 0
58.5 82.45195155772626 1
58.5 100 0
61.5 100 1
61.5 57.86370307180958 0
59.1052 58.5779 1
58.0017 51.7585 0
58.0017 51.7585 0