45.69289999999999 45.1044 0
47.5 54.25252598527989 1
47.5 100 0
14.5 42.50890978957 1
14.5 100 0
11.5 100 1
11.5 44.17066388743319 0
8.5 45.60841329044999 1
8.5 100 0
5.5 100 1
5.5 47.04616269346678 0
5.36951 47.1087 1
1.68928 40.5615 0
2.5 40.11863913293892 1
2.5 0 0
0 0 1
0 100 0
2.5 100 1
2.5 42.00378648318176 0
1.68928 40.5615 0
5.5 38.47987038271289 1
5.5 0 0
8.5 0 1
8.5 36.84110163248687 0
11.5 35.20233288226083 1
11.5 12.56999343156935 0
14.5 18.55647892561984 1
14.5 33.56356413203481 0
16.6211 32.4049 1
20.7054 38.64100000000001 0
20.5 38.76902859940982 1
20.5 100 0
17.5 100 1
17.5 40.6389691944899 0
20.7054 38.64100000000001 0
20.5 38.32738568665377 1
20.5 19.80918124172643 0
17.5 33.74684556962025 1
17.5 21.62961386759379 0
15.4465 22.8757 1
14.2849 17.5749 1
9.148969999999998 8.344819999999999 0
11.5 7.216821645555823 1
11.5 0 0
14.5 0 1
14.5 5.777454617771181 0
15.663 5.21946 1
22.3208 18.7043 0
20.5 15.01641561296524 1
20.5 0 0
17.5 0 1
17.5 8.940156187929947 0
23.5 0 1
23.5 100 0
26.5 100 1
26.5 0 0
29.5 0 1
29.5 100 0
32.5 100 1
32.5 0 0
35.5 0 1
35.5 100 0
38.5 100 1
38.5 15.85943124184631 0
37.3169 12.0792 0
44.5 0 1
44.5 16.28242670684931 0
44.9512 20.7097 1
43.8562 9.965319999999998 0
41.5 10.72698012508984 1
41.5 0 0
38.5 0 1
38.5 11.69675364824981 0
37.3169 12.0792 1
40.5363 22.3658 0
41.5 22.00430062968584 1
41.5 100 0
44.5 100 1
44.5 20.87895237717728 0
47.5 45.74310777373591 1
47.5 0 0
50.5 0 1
50.5 46.80343831504949 0
53.5 47.86376885636307 1
53.5 0 0
56.5 0 1
56.5 48.92409939767664 0
59.5 49.9844299389902 1
59.5 0 0
62.5 0 1
62.5 51.04476048030378 0
65.5 52.10509102161735 1
65.5 0 0
68.5 0 1
68.5 53.16542156293093 0
74.66040000000001 40.4015 0
97.39169999999999 37.5628 1
99.21690000000001 47.6026 0
98.5 43.65917866535175 1
98.5 0 0
95.5 0 1
95.5 37.79903676560514 0
92.5 38.17367877904036 1
92.5 0 0
89.5 0 1
89.5 38.54832079247558 0
86.5 38.9229628059108 1
86.5 0 0
83.5 0 1
83.5 39.29760481934601 0
80.5 39.67224683278123 1
80.5 0 0
77.5 0 1
77.5 40.04688884621645 0
74.66040000000001 40.4015 1
76.78829999999999 51.10339999999999 0
77.5 50.99231329106587 1
77.5 73.65292563112564 0
76.73269999999999 96.92830000000001 1
77.74279999999999 66.2878 0
86.5 49.58753546275737 1
86.5 100 0
89.5 100 1
89.5 49.11927618665455 0
92.5 48.6510169105517 1
92.5 100 0
95.5 100 1
95.5 48.18275763444888 0
98.5 47.71449835834603 1
98.5 100 0
80.5 85.74566605465716 1
80.5 100 0
83.5 100 1
83.5 50.0557947388602 0
80.5 50.52405401496304 1
80.5 66.30253517841729 0
83.18790000000001 66.3169 1
78.93960000000001 97.02459999999999 0
77.5 96.96178180252844 1
77.5 100 0
74.5 100 1
74.5 0 0
71.5 0 1
71.5 59.202016 0
70.13159999999999 53.74209999999999 1
72.44159999999999 62.959 0
71.5 63.15473433277444 1
71.5 100 0
68.5 100 1
68.5 63.77835688834294 0
65.5 64.40197944391144 1
65.5 100 0
62.5 100 1
62.5 65.02560199947996 0
59.5 65.64922455504848 1
59.5 100 0
56.5 100 1
56.5 66.27284711061696 0
53.5 66.89646966618548 1
53.5 100 0
50.5 100 1
50.5 67.52009222175397 0
50.1358 67.5958 1
45.69289999999999 45.1044 0
45.69289999999999 45.1044 0