47.2405 48.447 0
44.17939157066407 49.5 1
32.46451017200813 49.5 0
31.549 51.0759 0
67.70805254237288 58.5 1
0 58.5 0
0 55.5 1
63.69807630774856 55.5 0
49.2270967146795 52.51179999999999 1
76.4844834894356 45.1874 0
83.56582583717469 46.39097692442476 1
60.78749014403851 52.51179999999999 0
68.60382792874708 52.51179999999999 1
86.50790000000001 45.1874 1
70.7042867747561 45.1874 1
75.0301 44.02500000000001 0
74.93297374371861 43.5 1
100 43.5 0
100 46.5 1
85.49171846058005 46.5 0
83.16919475323596 49.5 1
100 49.5 0
100 52.5 1
80.84667104589187 52.5 0
78.52414733854781 55.5 1
100 55.5 0
100 58.5 1
76.20162363120372 58.5 0
73.87909992385963 61.5 1
100 61.5 0
100 64.5 1
31.8278 64.5 0
34.80506884293284 67.5 1
100 67.5 0
100 70.5 1
75.33309223168413 70.5 0
77.48997167429096 73.5 1
100 73.5 0
100 76.5 1
79.64685111689775 76.5 0
81.80373055950454 79.5 1
100 79.5 0
100 82.5 1
83.96061000211134 82.5 0
84.52600000000001 83.28639999999999 1
77.84710000000001 87.839 0
75.27912615077386 91.5 1
100 91.5 0
100 94.5 1
79.19636262072567 94.5 0
77.59243864304617 97.5 1
100 97.5 0
100 100 1
0 100 0
0 97.5 1
73.41392018640411 97.5 0
76.87440000000001 99.3441 1
70.08930000000001 95.72829999999999 0
70.4996197842398 94.5 1
0 94.5 0
0 91.5 1
71.7665629070589 91.5 0
72.5565 89.93559999999999 1
79.5284 93.94159999999999 0
81.27853414752011 85.5 1
100 85.5 0
100 88.5 1
0 88.5 0
0 86.83598184167761 1
0.06032505822958062 87.10040000000001 0
0 87.10040000000001 1
0 79.42930000000001 1
2.925844950025667 79.42930000000001 0
2.941974635081682 79.5 1
7.465134054595762 79.5 0
7.77632 79.42930000000001 0
8.443222845441486 82.5 1
55.1326368884703 82.5 0
53.52119999999999 82.12790000000001 1
61.33759999999999 83.93279999999999 0
61.56701417525773 82.5 1
74.062733401222 82.5 0
76.18918026324374 85.5 1
9.094770875638009 85.5 0
9.197520000000001 85.97309999999999 1
4.67595 87.10040000000001 0
3.137408352743194 87.10040000000001 1
1.38730330276886 79.42930000000001 0
3.16487 80.477 1
7.77632 79.42930000000001 0
7.791674815244965 79.5 1
54.21249365065856 79.5 0
54.75749999999999 77.4282 1
62.0334 79.5872 0
61.73953317276518 79.5 1
71.93628653920027 79.5 0
69.80983967717853 76.5 1
0 76.5 0
0 73.5 1
68.74893283714371 73.5 0
68.0675 74.0419 1
74.31030000000001 69.07740000000001 0
72.52139733507906 70.5 1
36.24480175212484 70.5 0
37.0538 69.76589999999999 1
33.8901 72.63669999999999 0
31.94418474156106 70.5 1
0 70.5 0
0 67.5 1
29.21205305469963 67.5 0
26.4799213678382 64.5 1
0 64.5 0
0 61.5 1
27.95162356453378 61.5 0
28.3438 60.9894 0
28.85053115706717 61.5 1
71.71802877699722 61.5 0
73.0865 62.52379999999999 1
62.8501 54.8656 1
68.60382792874708 52.51179999999999 1
43.4469 52.51179999999999 0
42.9558 49.8569 0
47.2405 48.447 0