47.2405 48.447 0
49.01184058557222 43.46739608747562 1
58.56194395321025 40.6818 0
69.27570053463157 40.6818 1
47.77152175671667 46.95418826242687 0
47.78948382033984 48.447 1
42.9558 49.8569 0
43.44471725112057 52.5 1
0 52.5 0
0 49.5 1
29.03053930755092 49.5 0
31.549 51.0759 1
27.2886 48.41 0
28.62859927635863 46.5 1
0 46.5 0
0 43.5 1
12.17836024279211 43.5 0
20.8839 24.2102 1
14.9911 18.3332 0
19.4332560331756 13.5 1
16.26586207547633 13.5 0
14.8557 11.0514 1
10.7257 13.776 0
11.14406599867871 13.5 1
0 13.5 0
0 10.5 1
22.19053239242553 10.5 0
24.94780875167547 7.5 1
0 7.5 0
0 16.5 1
11.93300386069745 16.5 0
12.6245 18.0602 1
15.24201214869175 18.0602 1
18.97991079767007 13.99325331570556 1
12.6245 18.0602 0
16.16103687936022 19.5 1
0 19.5 0
0 22.5 1
19.16910221881913 22.5 0
20.8839 24.2102 0
22.46993629732671 22.5 1
100 22.5 0
100 19.5 1
25.25213071434234 19.5 0
28.03432513135797 16.5 1
100 16.5 0
100 13.5 1
42.05902013119425 13.5 0
42.0829 13.5902 1
38.283 14.4682 1
35.63977192956526 4.46397 1
35.0117 2.08681 1
38.8566 1.40369 0
38.31452493412577 1.5 1
0 1.5 0
0 4.5 1
27.70508511092541 4.5 0
27.7382 4.46397 1
35.63977192956526 4.46397 0
36.147798773031 6.386776981755938 1
34.17889561185504 4.46397 0
29.88509853728501 4.46397 1
37.64098758568508 12.03827731284978 0
36.99085416668795 13.5 1
30.81651954837361 13.5 0
33.91893403140024 10.5 1
33.59871396538925 10.5 0
33.7509 10.3359 1
37.98226519168314 14.4682 0
38.283 14.4682 0
42.0829 13.5902 0
41.26478946137983 10.5 1
100 10.5 0
100 7.5 1
40.47055879156542 7.5 0
39.67632812175101 4.5 1
100 4.5 0
100 1.5 1
38.8820974519366 1.5 0
100 25.5 1
0 25.5 0
0 28.5 1
100 28.5 0
74.41159999999999 40.6818 1
53.20506566249959 40.6818 0
49.63200000000001 41.724 1
46.5153 40.4182 0
46.48961138176617 40.5 1
29.99787628621137 40.5 0
28.7797 42.1465 1
24.3587 44.59480000000001 0
26.33562717395743 43.5 1
45.54748601866733 43.5 0
46.5153 40.4182 0
46.71054127737786 40.5 1
100 40.5 0
100 37.5 1
31.96108608596425 37.5 0
32.7466 35.8964 0
28.58664622612514 34.5 1
100 34.5 0
100 31.5 1
0 31.5 0
0 34.5 1
20.58057228028345 34.5 0
19.76963770500936 37.5 1
0 37.5 0
0 40.5 1
14.38219107073831 40.5 0
14.4217 40.1952 1
18.7434 41.29649999999999 0
18.95870312973527 40.5 1
15.61779022064833 40.5 0
21.1695 32.32129999999999 1
25.9618 33.6189 1
32.7466 35.8964 0
30.1971 44.26430000000001 1
34.09220000000001 46.6982 0
33.77500996754181 46.5 1
44.6053606555685 46.5 0
44.38549999999999 47.20010000000001 0
47.2405 48.447 0