29.7766 34.4811
20.4574 27.4325
16.8616 32.178
25.5108 39.1931

31.9934 15.0359
31.1409 11.2744
28.3644 12.4359
29.6711 16.4274

55.6905 11.8875
54.1719 11.1996
32.5787 13.5464
31.5524 17.6332
41.8414 20.3122
43.2258 16.1884
53.6674 18.0072

55.2498 4.66732
52.3075 3.28954
50.4174 1.26408
46.8119 6.9464
48.8984 9.35743
51.5726 10.7223

82.8621 60.678
44.961 26.2531
36.2272 33.3916
76.1375 68.1891

68.9532 71.5128
62.3035 65.78
56.3423 68.6228
64.3667 76.2099

78.8576 90.5248
77.6627 85.8312
71.072 87.0581
72.4327 92.5839