53.16930000000001 83.73779999999999 0
53.5 84.03301806292484 1
53.5 0 0
56.5 0 1
56.5 86.71113777497348 0
56.65600000000001 86.85040000000001 0
56.5 86.99702288632494 1
56.5 100 0
59.5 100 1
59.5 0 0
62.5 0 1
62.5 100 0
65.5 100 1
65.5 0 0
68.5 0 1
68.5 100 0
71.5 100 1
71.5 0 0
74.5 0 1
74.5 100 0
77.5 100 1
77.5 0 0
80.5 0 1
80.5 100 0
83.5 100 1
83.5 0 0
86.5 0 1
86.5 58.75081306640836 0
89.5 56.89014144871381 1
89.5 0 0
92.5 0 1
92.5 55.02946983101927 0
93.09780000000001 54.6587 1
99.9049 65.47130000000001 0
98.5 63.23971507543594 1
98.5 0 0
95.5 0 1
95.5 58.47442589208326 0
99.9049 65.47130000000001 0
98.5 66.37245380733785 1
98.5 100 0
95.5 100 1
95.5 68.29676259943233 0
92.5 70.22107139152678 1
92.5 100 0
89.5 100 1
89.5 67.16587722053956 0
91.34379999999999 70.96270000000001 1
85.66499999999999 59.2687 0
86.5 60.98816361907446 1
86.5 100 0
54.0125 89.33500000000001 0
53.5 88.83902593053296 1
53.5 100 0
50.5 100 1
50.5 0 0
47.5 0 1
47.5 100 0
44.5 100 1
44.5 0 0
41.5 0 1
41.5 100 0
38.5 100 1
38.5 0 0
35.5 0 1
35.5 100 0
32.5 100 1
32.5 0 0
29.5 0 1
29.5 100 0
26.5 100 1
26.5 0 0
23.5 0 1
23.5 100 0
20.5 100 1
20.5 0 0
17.5 0 1
17.5 100 0
14.5 100 1
14.5 0 0
11.5 0 1
11.5 100 0
8.5 100 1
8.5 0 0
5.5 0 1
5.5 100 0
2.5 100 1
2.5 0 0
0 0 1
0 100 0
53.16930000000001 83.73779999999999 0