50.947 44.1224 0
52.70607868432293 46.5 1
86.561892685777 46.5 0
86.09270733048135 43.5 1
0 43.5 0
0 76.5 1
29.69370475215076 76.5 0
38.2049706267923 73.5 1
0 73.5 0
0 70.5 1
100 70.5 0
100 73.5 1
63.57340111696688 73.5 0
60.36360000000001 71.05709999999999 1
65.37479999999999 74.87100000000001 0
64.25319594051072 76.5 1
100 76.5 0
100 79.5 1
48.84829790067261 79.5 0
47.65326653531716 76.5 1
57.7887494584517 76.5 0
60.29179999999999 78.32140000000001 1
57.19589999999999 76.0686 0
58.8194766177791 73.5 1
46.45823516996172 73.5 0
45.4421 70.94909999999999 1
28.8213 76.8075 0
29.74539184019918 79.5 1
0 79.5 0
0 82.5 1
30.77502063150747 82.5 0
31.80464942281576 85.5 1
0 85.5 0
0 88.5 1
32.83427821412404 88.5 0
33.3702 90.0615 1
50.71899999999999 84.1962 0
50.04332926602804 82.5 1
100 82.5 0
100 85.5 1
46.86252796276405 85.5 0
37.98891535982814 88.5 1
100 88.5 0
100 91.5 1
0 91.5 0
0 94.5 1
100 94.5 0
100 97.5 1
0 97.5 0
0 100 1
100 100 0
80.18069488956846 61.5 1
100 61.5 0
100 58.5 1
80.04838092422699 58.5 0
79.91606695888549 55.5 1
100 55.5 0
92.49045174495143 50.08199999999999 1
98.82550000000001 48.23846263800154 0
98.82550000000001 46.67623980784698 1
96.19820000000001 47.4408 1
98.82550000000001 44.80719999999999 1
97.8871 40.65049999999999 1
90.7619 42.6955 0
90.24259825254836 40.5 1
100 40.5 0
100 37.5 1
54.35975084286807 37.5 0
54.3173 39.19410000000001 1
36.0598 37.7651 0
48.04637246811342 46.5 1
0 46.5 0
0 49.5 1
44.38642857693753 49.5 0
40.72648468576166 52.5 1
0 52.5 0
0 55.5 1
13.0776001321312 55.5 0
11.91399061868491 58.5 1
0 58.5 0
0 61.5 1
10.75038110523861 61.5 0
10.4831 62.1891 1
18.2827 64.3134 0
19.22717658160302 61.5 1
43.75117431060302 61.5 0
41.41337891997516 58.5 1
20.23429599043541 58.5 0
20.7677 56.9111 1
13.4773 54.4695 0
16.55428115989515 55.5 1
39.07558352934731 55.5 0
38.2925 54.49509999999999 1
50.947 44.1224 0
50.947 44.1224 0