50.947 44.1224 0
54.3173 39.19410000000001 0
54.58527329479688 28.5 1
100 28.5 0
100 31.5 1
54.51009914415394 31.5 0
54.434924993511 34.5 1
100 34.5 0
90.0797 39.8113 1
85.583 40.2409 0
85.6235219751857 40.5 1
0 40.5 0
0 37.5 1
36.07932350053667 37.5 0
36.30026088872988 34.5 1
0 34.5 0
0 31.5 1
36.52119827692307 31.5 0
36.74213566511628 28.5 1
0 28.5 0
0 25.5 1
36.96307305330949 25.5 0
33.84802640026004 22.5 1
0 22.5 0
0 19.5 1
17.4115889787252 19.5 0
12.51997375311107 16.5 1
0 16.5 0
0 13.5 1
11.26945697238845 13.5 0
10.3675 15.1799 1
21.9634 22.2916 0
27.13244628527315 19.5 1
23.88065817790531 19.5 0
24.6441 18.3884 1
35.6628 23.3107 0
37.089 23.7901 1
54.67449999999999 24.9392 0
54.66044744543981 25.5 1
100 25.5 0
100 22.5 1
36.06748703312715 22.5 0
37.56503372041156 19.5 1
100 19.5 0
100 16.5 1
89.77119440422049 16.5 0
87.5463 18.2373 1
91.06620000000001 15.4888 1
88.99160000000001 13.4554 0
89.03710366873219 13.5 1
100 13.5 0
100 10.5 1
87.87990178206297 10.5 0
100 1.5 1
0 1.5 0
0 4.5 1
100 4.5 0
100 7.5 1
0 7.5 0
0 10.5 1
12.88019030006591 10.5 0
13.6584 9.05058 1
24.852 14.1373 0
25.24109018032954 13.5 1
23.44958719174635 13.5 0
16.84792639657775 10.5 1
27.07267740924628 10.5 0
27.5991 9.63776 1
39.0201 16.5851 0
38.88020082995794 16.5 1
86.18971148470126 16.5 0
83.84713072956617 13.5 1
33.94838519980308 13.5 0
29.01656956964824 10.5 1
82.99739260754203 10.5 0
86.0301 8.269110000000001 1
82.04920000000001 11.1975 0
75.613 51.6767 0
75.68769510892892 55.5 1
59.08704925700124 55.5 0
55.38923513060719 58.5 1
75.74630555717695 58.5 0
75.80491600542499 61.5 1
51.69142100421314 61.5 0
47.99360687781909 64.5 1
100 64.5 0
100 67.5 1
0 67.5 0
0 64.5 1
46.08896970123087 64.5 0
46.8267 65.44669999999999 1
59.2606 55.3592 0
57.14520726185391 52.5 1
75.62908466068086 52.5 0
75.613 51.6767 1
79.739 51.4853 0
79.783752993544 52.5 1
100 52.5 0
98.82550000000001 50.08199999999999 1
98.82550000000001 40.65049999999999 0
97.8871 40.65049999999999 1
98.82550000000001 40.65049999999999 1
100 40.65049999999999 1
100 50.08199999999999 1
87.12209999999999 50.08199999999999 0
87.03107804107265 49.5 1
54.92564297308843 49.5 0
50.947 44.1224 0