38.822 56.00360000000001 0
38.37694075307031 55.5 1
82.96882964393083 55.5 0
78.85890000000001 32.4067 1
84.34100000000001 36.09739999999999 0
81.96825051074322 34.5 1
0 34.5 0
0 31.5 1
79.62722149020337 31.5 0
82.1693682538629 28.5 1
43.89139092382496 28.5 0
43.97799999999999 28.4714 1
39.8674 29.8288 1
35.0051 29.3301 1
28.6236 27.2215 0
32.49287238452054 28.5 1
0 28.5 0
0 25.5 1
26.53775089863407 25.5 0
28.6236 27.2215 1
22.7247 22.353 0
26.385 19.5509 1
22.7247 22.353 0
22.90281200575126 22.5 1
0 22.5 0
0 19.5 1
37.15526996906546 19.5 0
33.59380790459134 22.5 1
32.49864940385667 22.5 0
29.2 19.6771 1
33.0419 22.9649 1
40.3334 16.8229 0
42.90343204765561 19.5 1
68.44355211636477 19.5 0
68.3168 19.9183 1
88.58099999999999 17.8692 0
88.49922960407247 16.5 1
100 16.5 0
100 19.5 1
72.45350141037528 19.5 0
68.3168 19.9183 0
69.35260387131183 16.5 1
25.72692465691176 16.5 0
31.55447168953922 13.5 1
47.90221669619356 13.5 0
47.43510000000001 11.7333 0
49.03400000000001 11.1647 1
54.014 13.2664 1
48.4798 15.6845 0
53.47936986890534 13.5 1
70.26165562625886 13.5 0
71.17070738120591 10.5 1
32.27671609724452 10.5 0
33.3276 12.5872 1
24.7782 16.9884 0
24.56930794291174 16.5 1
0 16.5 0
0 13.5 1
23.28618719912639 13.5 0
22.00306645534103 10.5 1
0 10.5 0
0 1.5 1
100 1.5 0
100 4.5 1
0 4.5 0
0 7.5 1
25.86109815524838 7.5 0
21.6762 9.735769999999999 1
29.7265 5.43492 0
30.7662467084622 7.5 1
100 7.5 0
100 10.5 1
88.14090183927169 10.5 0
88.32006572167208 13.5 1
100 13.5 0
92.76060000000001 25.6981 0
90.49209373130884 28.5 1
100 28.5 0
100 31.5 1
88.06319947881107 31.5 0
85.6343052263133 34.5 1
100 34.5 0
100 37.5 1
0 37.5 0
0 40.5 1
25.34289866171873 40.5 0
9.583274613269875 45.1413 1
3.8871 49.80488525920923 0
3.8871 53.68209508640308 1
14.31895820442329 45.1413 0
16.6868 45.1413 1
0 45.1413 1
0 58.67870000000001 1
5.127459999999999 58.67870000000001 1
18.5357 47.30500000000001 0
17.84782067292139 46.5 1
30.73747183634435 46.5 0
26.35107654310721 43.5 1
0 43.5 0
4.847591022116456 45.1413 1
3.8871 45.92767543201538 0
2.3871 45.1413 1
2.3871 58.67870000000001 0
3.8871 58.67870000000001 1
3.8871 55.6207 1
5.127459999999999 58.67870000000001 0
5.338126053087388 58.5 1
34.50655192118226 58.5 0
32.74438443349753 55.5 1
8.874769361773215 55.5 0
12.41141267045904 52.5 1
30.98221694581281 52.5 0
29.22004945812808 49.5 1
15.94805597914487 49.5 0
31.2808 46.8716 1
24.2478 42.0615 0
26.6479 38.6392 1
33.7319 43.1675 0
29.55890571958572 40.5 1
100 40.5 0
100 43.5 1
33.51187604006371 43.5 0
31.52669745417241 46.5 1
100 46.5 0
97.7281512681422 48.3751 1
99.84350000000001 51.49896840279015 0
99.84350000000001 48.3751 1
99.84350000000001 63.1092 1
85.1131 63.1092 1
89.5626 59.35120000000001 0
90.41757127102056 63.1092 1
99.84350000000001 59.06996900101267 0
99.84350000000001 55.80612300033756 1
87.49434776264118 61.09802366737709 0
85.1131 63.1092 0
84.07106949801266 61.5 1
38.30051414602347 61.5 0
42.4966 73.6728 1
45.5051 75.3886 1
47.6313 75.36160000000001 0
47.17449079389105 76.5 1
100 76.5 0
100 73.5 1
69.21580205467916 73.5 0
71.27477583787123 70.5 1
100 70.5 0
100 67.5 1
70.6154342913776 67.5 0
66.40870000000001 66.32220000000001 0
64.93514495150461 70.5 1
2.486403312744859 70.5 0
1.84524 70.22370000000001 1
18.4888 77.39599999999999 0
17.1466 80.9958 0
0 100 1
100 100 0
100 97.5 1
0 97.5 0
0.4400309999999999 79.14319843201213 1
5.058767614152533 80.9958 0
13.11732253805084 80.9958 1
0.4400309999999999 75.91086614400405 0
0.4400309999999999 74.29470000000001 1
1.84524 70.22370000000001 1
0 70.22370000000001 1
0 80.9958 1
17.1466 80.9958 0
17.70431508417134 79.5 1
41.8836354755784 79.5 0
43.0723 80.06549999999999 1
39.88339999999999 78.54839999999999 0
40.98129131183855 76.5 1
16.40960228657473 76.5 0
9.448002799659797 73.5 1
63.87701264610793 73.5 0
63.5722 74.36420000000001 1
68.00540000000001 75.2636 0
72.8956 68.13839999999999 1
66.40870000000001 66.32220000000001 0
65.99327725690128 67.5 1
0 67.5 0
0.4400309999999999 70.22370000000001 1
0.4400309999999999 80.9958 0
0 82.5 1
100 82.5 0
100 79.5 1
45.97067173351962 79.5 0
52.53282590876694 88.5 1
0 88.5 0
0 85.5 1
55.66616263618776 85.5 0
57.3355 83.90170000000001 1
51.181 89.79429999999999 0
52.86484519598848 91.5 1
0 91.5 0
0 94.5 1
100 94.5 0
100 91.5 1
55.72960828930923 91.5 0
58.6739629264228 88.5 1
100 88.5 0
100 85.5 1
58.83019581722895 85.5 0
41.3459 60.09139999999999 1
36.7028 62.239 0
36.268719408867 61.5 1
0 61.5 0
0 64.5 1
100 64.5 0
98.03406554739178 63.1092 1
99.84350000000001 62.33381500168778 0
99.84350000000001 63.1092 1
100 63.1092 1
100 48.3751 1
95.91659999999999 48.3751 1
91.0017 50.3686 1
85.55359999999999 53.3698 1
81.1542 56.99550000000001 0
82.12843246969919 58.5 1
40.3633337149567 58.5 0
48.1016 26.667 0
47.41696069066536 25.5 1
84.71151501752243 25.5 0
85.2424 24.8735 1
92.76060000000001 25.6981 0
90.95444499151102 25.5 1
100 25.5 0
100 22.5 1
45.65696246615474 22.5 0
48.1016 26.667 0
33.0744080255522 49.5 1
93.14320094808127 49.5 0
91.0017 50.3686 0
87.13255421164868 52.5 1
35.72567438931125 52.5 0
38.822 56.00360000000001 0