23.0109 15.4784
10.5016 13.5503
9.55716 26.7542
20.9188 32.7639

46.5429 54.0565
45.3444 46.6376
40.0404 47.6517
26.1399 62.7467
34.4871 61.4195
34.0215 56.9393

64.9942 32.2
61.6501 21.9694
56.5012 23.2781
51.7497 10.8993
44.8117 13.6415
49.0381 28.268
54.0935 26.5916
55.8896 31.6558

79.2989 84.5517
65.0322 79.1727
63.3369 84.1616
52.4335 80.6239
50.5338 88.6606
62.701 93.6438
64.7349 88.6776
76.835 92.1254

77.6298 73.0961
76.937 69.7713
71.1947 67.6546
69.3279 67.8617
70.5771 75.2284
74.4649 74.7431
74.3584 73.297

84.3083 74.3129
74.7001 53.9175
70.8164 56.1093
80.1505 76.17

98.5421 76.0663
98.4847 64.066
92.476 63.4448
92.536 75.6451