52.3145 51.34480000000001 0
52.3145 51.34480000000001 1
40.5919 47.56189999999999 0
29.53342451180939 43.5 1
59.06246141571938 43.5 0
60.2110286189635 40.5 1
27.47487004848761 40.5 0
25.41631558516583 37.5 1
61.35959582220761 37.5 0
57.91389421247527 46.5 1
0 46.5 0
0 49.5 1
40.04847893145943 49.5 0
39.50660000000001 51.43259999999999 1
36.91094984307571 50.63809999999999 0
36.97699523161135 52.22701063678439 1
46.04033702641098 55.0012 0
66.43559999999999 76.77109999999999 1
73.45869999999999 82.43119999999999 0
69.82164222363562 79.5 1
32.45508281995279 79.5 0
32.0406 79.0352 1
29.5186 78.55090000000001 0
29.33460249344887 79.5 1
0 79.5 0
0 82.5 1
28.75300675047827 82.5 0
28.3127 84.77119999999999 1
41.1454 89.24529999999999 0
39.00771615073425 88.5 1
0 88.5 0
0 85.5 1
30.40305823070564 85.5 0
13.03395114749225 91.5 1
100 91.5 0
100 100 1
0 100 0
0 97.5 1
100 97.5 0
100 94.5 1
14.86629858652702 94.5 0
15.1583 94.3092 1
10.3943 97.4221 0
8.715910864225144 94.5 1
0 94.5 0
0 91.5 1
7.218968363982231 91.5 0
7.05527 91.6088 1
11.0889 88.92789999999999 0
16.23804915505414 72.88849999999999 1
1.31962 67.38762280713993 0
1.31962 70.58506842141981 1
7.566547465162396 72.88849999999999 0
0 76.5 1
66.66434701606155 76.5 0
69.19566773972321 73.5 1
41.47068185926589 73.5 0
37.2012 75.64689999999999 1
44.0659 72.19499999999999 0
43.15188760765847 70.5 1
71.72698846338486 70.5 0
74.25830918704651 67.5 1
41.53416655926638 67.5 0
41.65212407947094 55.0012 1
51.1653 55.0012 0
51.95142269992343 52.5 1
74.81789330465475 52.5 0
74.5257 52.76049999999999 1
77.57640000000001 50.0407 1
84.0232 48.67359999999999 0
84.21754723799322 46.5 1
66.63650298002815 46.5 0
80.12616575232241 49.5 1
46.59776086335881 49.5 0
52.3145 51.34480000000001 0