52.3145 51.34480000000001 0
0 1.5 1
100 1.5 0
100 4.5 1
0 4.5 0
0 7.5 1
100 7.5 0
100 10.5 1
0 10.5 0
0 13.5 1
100 13.5 0
100 16.5 1
0 16.5 0
0 19.5 1
100 19.5 0
100 22.5 1
60.12095223755638 22.5 0
57.3015 20.323 1
62.09690000000001 24.0257 0
61.38276667131308 25.5 1
100 25.5 0
100 28.5 1
0 28.5 0
0 31.5 1
100 31.5 0
100 34.5 1
69.77013222661398 34.5 0
77.15234566534915 37.5 1
100 37.5 0
100 40.5 1
81.67662755370836 40.5 0
82.16290000000001 39.53619999999999 1
63.4859 31.9462 0
60.7069 26.8953 1
56.1747 22.4318 0
56.24394970090736 22.5 1
0 22.5 0
0 25.5 1
59.29012422762406 25.5 0
62.50816302545172 34.5 1
23.35776112184405 34.5 0
22.9103 33.8479 1
19.6272 35.953 0
21.89328916441023 34.5 1
0 34.5 0
0 37.5 1
20.6898673659898 37.5 0
22.75063148878838 40.5 1
0 40.5 0
0 43.5 1
24.81139561158695 43.5 0
26.765 46.34399999999999 0
33.06600647318218 52.5 1
0 52.5 0
0 55.5 1
31.20901588611413 55.5 0
34.72787220171313 58.5 1
0 58.5 0
1.31962 59.84780000000001 1
1.31962 72.88849999999999 1
0 72.88849999999999 1
0 59.84780000000001 1
1.31962 59.84780000000001 0
1.31962 61.58616149289418 1
1.983802775442292 59.84780000000001 0
3.58956 59.84780000000001 1
22.2669 67.1123 0
22.15325870122226 67.5 1
36.08674535721238 67.5 0
35.64570000000001 66.08750000000001 1
39.7145 64.12549999999999 0
39.91644551087428 64.5 1
76.78962991070816 64.5 0
78.739 62.1897 1
85.19929999999999 68.28309999999999 0
84.3690474431352 67.5 1
100 67.5 0
100 70.5 1
83.35963699648715 70.5 0
80.87012957146189 73.5 1
100 73.5 0
100 76.5 1
78.38062214643662 76.5 0
75.89111472141136 79.5 1
100 79.5 0
100 82.5 1
35.13031616732452 82.5 0
37.80554951469624 85.5 1
100 85.5 0
100 88.5 1
40.48078286206795 88.5 0
32.0406 79.0352 0
20.5738 72.88849999999999 1
1.31962 72.88849999999999 0
0 73.5 1
35.68874346314661 73.5 0
33.57529169056278 70.5 1
21.27390895571483 70.5 0
38.93786106014269 64.5 1
15.55056504480696 64.5 0
7.837436818500946 61.5 1
100 61.5 0
100 64.5 1
81.18840937571801 64.5 0
86.15479999999999 55.7133 1
74.78579999999999 56.57850000000001 0
74.71232754059716 55.5 1
38.18577615730385 55.5 0
39.2342 54.2611 1
35.21380000000001 50.63809999999999 1
30.4005 54.8107 1
35.26179999999999 58.9552 0
35.64701473338872 58.5 1
100 58.5 0
100 55.5 1
86.16810016547575 55.5 0
86.35516297104175 52.5 1
100 52.5 0
100 49.5 1
87.78357589912417 49.5 0
84.88028998074415 46.5 1
100 46.5 0
100 43.5 1
78.3098766437391 43.5 0
80.4391 42.9528 1
56.962 48.9863 0
52.3145 51.34480000000001 0