43.2345 62.79179999999999 0
43.2345 62.79179999999999 1
28.8537 63.6183 0
29.52850803303774 76.5 1
0 76.5 0
0 73.5 1
29.37135299145835 73.5 0
29.21419794987897 70.5 1
0 70.5 0
0 67.5 1
29.05704290829957 67.5 0
28.89988786672019 64.5 1
0 64.5 0
0 61.5 1
100 61.5 0
100 100 1
0 100 0
0 97.5 1
100 97.5 0
100 94.5 1
0 94.5 0
0 91.5 1
100 91.5 0
100 88.5 1
0 88.5 0
0 85.5 1
51.1914739122067 85.5 0
54.3904 88.3047 1
47.27889999999999 82.06960000000001 0
47.76979663357444 82.5 1
0 82.5 0
0 79.5 1
29.68566307461713 79.5 0
29.689 79.56370000000001 1
44.40770000000001 79.9134 0
44.37937315671432 79.5 1
49.60339411764706 79.5 0
49.97320000000001 79.09119999999999 0
53.73327354834576 82.5 1
100 82.5 0
100 85.5 1
56.72464272626225 85.5 0
56.8613 85.33580000000001 1
49.97320000000001 79.09119999999999 0
50.42412644524869 79.5 1
100 79.5 0
100 76.5 1
44.17380825623773 76.5 0
43.96824335576115 73.5 1
100 73.5 0
100 70.5 1
43.76267845528456 70.5 0
43.55711355480796 67.5 1
100 67.5 0
100 64.5 1
43.35154865433137 64.5 0
49.45224582858424 28.5 1
100 28.5 0
100 25.5 1
51.44925623610307 25.5 0
53.4462666436219 22.5 1
100 22.5 0
100 19.5 1
68.26522846032549 19.5 0
62.8488 22.3942 1
75.07310000000001 15.8623 0
73.87965917726848 16.5 1
100 16.5 0
100 13.5 1
73.86251653818573 13.5 0
72.32513754930082 10.5 1
100 10.5 0
100 7.5 1
0 7.5 0
0 4.5 1
100 4.5 0
100 1.5 1
0 1.5 0
0 10.5 1
69.01095519749896 10.5 0
71.6429 9.168700000000001 1
55.20140000000001 17.4852 0
52.57550382505559 19.5 1
55.97780638043334 19.5 0
54.4037 21.0617 1
49.6661 17.0147 0
49.45707721673146 13.5 1
63.08003473817111 13.5 0
57.14911427884326 16.5 1
0 16.5 0
0 13.5 1
37.41172877695928 13.5 0
37.71040000000001 15.5185 0
48.02221786608038 19.5 1
0 19.5 0
0 22.5 1
46.03789146614523 22.5 0
44.05356506621007 25.5 1
0 25.5 0
0 28.5 1
43.96488077176397 28.5 0
44.45959999999999 29.4659 1
47.27849999999999 31.7655 0
47.45523542106541 31.5 1
100 31.5 0
100 34.5 1
18.88796793741491 34.5 0
19.3757 35.1438 0
17.59637254298521 37.5 1
100 37.5 0
100 40.5 1
88.14329694189601 40.5 0
86.0915 38.8488 1
91.9427 43.55759999999999 0
91.87112568807339 43.5 1
100 43.5 0
100 46.5 1
89.51534554431305 46.5 0
87.04047354626357 49.5 1
100 49.5 0
100 52.5 1
84.56560154821406 52.5 0
82.09072955016458 55.5 1
100 55.5 0
100 58.5 1
0 58.5 0
0 55.5 1
79.42320997447246 55.5 0
81.11529999999999 56.6824 1
75.00479999999999 52.41249999999999 0
75.13001809644254 52.5 1
0 52.5 0
0 49.5 1
77.13885123912041 49.5 0
79.33701560559638 46.5 1
0 46.5 0
0 43.5 1
81.82028894545454 43.5 0
84.57519803636364 40.5 1
15.33086775941661 40.5 0
14.8607 41.12260000000001 0
14.23821174060004 40.5 1
0 40.5 0
0 37.5 1
11.75831959595208 37.5 0
13.1813 33.41160000000001 0
15.12914117026309 31.5 1
0 31.5 0
0 34.5 1
13.5997908041188 34.5 0
13.1813 33.41160000000001 1
15.9815 30.6635 0
16.6152183447537 31.5 1
46.95304429031135 31.5 0
43.2345 62.79179999999999 0