15.3542 68.3748
10.0947 66.5156
7.88858 70.2779
13.1331 72.737

29.9443 67.1334
15.8167 51.6182
9.21447 56.5571
22.2814 72.7391
27.9068 68.3195

42.2239 43.2753
32.3519 32.7576
33.5011 31.4804
30.7247 27.4488
25.2302 33.2044
22.4469 40.4074
23.035 46.946
25.1505 52.1756
28.1637 56.7585
31.9422 52.7848
31.4375 52.2179
38.2552 45.8941
39.0122 46.7444

43.8143 14.9504
37.6321 12.2247
35.7627 16.8557
41.2388 20.0364

54.3784 27.0401
47.0527 23.6605
39.5747 39.5883
47.4858 42.7898

50.8337 12.9083
47.2863 11.5314
44.5299 17.9938
47.5398 19.4045

43.187 81.8143
32.7056 76.4198
27.5164 87.5701
37.7033 92.2154

52.6148 55.6687
33.9072 55.9385
34.2482 64.9459
52.2384 65.6636

60.1458 17.7866
59.1198 13.4601
55.5232 14.4761
56.5492 18.8026

67.3556 19.646
64.4689 19.3041
58.1998 56.792
60.9511 57.3118

72.2346 61.0465
68.1836 56.6058
65.5522 58.8863
70.2962 63.2299

98.8163 50.9124
84.2317 39.7702
72.9455 55.5461
85.3391 67.4147

95.7015 25.1153
84.8407 14.6232
75.0848 24.6133
86.3832 34.6829

96.1337 16.8141
94.0308 4.18164
90.1656 4.70157
92.2418 17.1358