50.5 37.5 0
50.5 37.5 1
56.5 44.5 0
56.5 45.5 0
56 45.5 1
56 52.5 0
57 52.5 1
57 12.5 0
56 12.5 1
56 43.91666666666667 0
56.5 44.5 1
56.5 45.5 1
55.5 45.5 1
55.5 52.5 1
56.5 52.5 1
57.5 52.5 1
57.5 53.5 1
57.5 54.5 1
52.7 58.5 1
53.5 58.5 0
53.48102496759067 58.5 1
53.5 58.48418747299222 0
53.5 57.83333333333333 1
53.5 67.5 0
54 67.5 1
54 57.41666666666667 0
55 56.58333333333333 1
55 67.5 0
56 67.5 1
56 55.75 0
57 54.91666666666667 1
57 67.5 0
58 67.5 1
58 12.5 0
59 12.5 1
59 67.5 0
60 67.5 1
60 14.5 0
61 14.5 1
61 67.5 0
62 67.5 1
62 14.5 0
63 14.5 1
63 67.5 0
64 67.5 1
64 14.5 0
75.5 18 1
84.5 18 0
84.5 17 1
75.5 17 0
75.5 16 1
84.5 16 0
84.5 15 1
75.5 15 0
75 14.5 1
75 30.5 0
78 30.5 1
78 25.5 0
79 25.5 1
79 30.5 0
77 30.5 1
77 25.5 0
76 25.5 1
76 30.5 0
74 30.5 1
74 14.5 0
73 14.5 1
73 30.5 0
72 30.5 1
72 14.5 0
71 14.5 1
71 30.5 0
70 30.5 1
70 14.5 0
69 14.5 1
69 30.5 0
68 30.5 1
68 14.5 0
67 14.5 1
67 30.5 0
66 30.5 1
66 14.5 0
65 14.5 1
65 30.5 0
64.5 30.5 1
79.5 30.5 1
79.5 25.5 1
75.5 25.5 1
75.5 18.5 1
84.5 18.5 1
84.5 14.5 1
59.5 14.5 1
59.5 12.5 1
48.5 12.5 1
48.5 17.5 1
40.77311588670408 17.5 1
33.77311588670408 9.5 1
18.5 9.5 1
18.5 12.5 1
12.5 12.5 1
12.5 53.5 1
35.5 53.5 1
35.5 68.5 1
15.5 68.5 1
15.5 73.5 1
29.5 73.5 1
29.5 77.5 1
35.5 77.5 1
35.5 88.5 1
44.5 88.5 1
44.5 73.5 1
52.5 73.5 1
52.5 67.5 1
74.5 67.5 1
74.5 37.5 1
64.5 37.5 1
64.5 30.5 0
64.5 37.5 0
65 37.5 1
65 67.5 0
66 67.5 1
66 37.5 0
67 37.5 1
67 67.5 0
68 67.5 1
68 37.5 0
69 37.5 1
69 67.5 0
70 67.5 1
70 37.5 0
73 37.5 1
73 67.5 0
74 67.5 1
74 37.5 0
72 37.5 1
72 67.5 0
71 67.5 1
71 37.5 0
55 42.75 1
55 12.5 0
54 12.5 1
54 41.58333333333333 0
53 40.41666666666667 1
53 12.5 0
52 12.5 1
52 39.25 0
50.5 37.5 0