50.5 37.5 0
51 38.08333333333333 1
51 12.5 0
50 30.5 1
50 12.5 0
49 12.5 1
49 30.5 0
48 30.5 1
48 17.5 0
47 17.5 1
47 30.5 0
46 30.5 1
46 17.5 0
45 17.5 1
45 30.5 0
44.5 30.5 0
35 53.5 1
35 10.90215327233819 0
34 9.759296129481047 1
34 53.5 0
33 53.5 1
33 9.5 0
32 9.5 1
32 53.5 0
31 53.5 1
31 9.5 0
30 9.5 1
30 53.5 0
29 53.5 1
29 9.5 0
28 9.5 1
28 53.5 0
27 53.5 1
27 9.5 0
26 9.5 1
26 53.5 0
25 53.5 1
25 9.5 0
24 9.5 1
24 53.5 0
23 53.5 1
23 9.5 0
22 9.5 1
22 53.5 0
21 53.5 1
21 9.5 0
20 9.5 1
20 53.5 0
19 53.5 1
19 9.5 0
18.5 12.5 0
18 12.5 1
18 53.5 0
17 53.5 1
17 12.5 0
16 12.5 1
16 53.5 0
15 53.5 1
15 12.5 0
14 12.5 1
14 53.5 0
13 53.5 1
13 12.5 0
18.5 12.5 0
36 12.04501041519533 1
36 88.5 0
37 88.5 1
37 13.18786755805248 0
38 14.33072470090962 1
38 88.5 0
39 88.5 1
39 15.47358184376676 0
40 16.6164389866239 1
40 88.5 0
41 88.5 1
41 17.5 0
42 17.5 1
42 88.5 0
43 88.5 1
43 17.5 0
44 17.5 1
44 88.5 0
35.5 70 1
15.5 70 0
15.5 71 1
35.5 71 0
35.5 72 1
15.5 72 0
15.5 73 1
35.5 73 0
35.5 74 1
29.5 74 0
29.5 75 1
35.5 75 0
35.5 76 1
29.5 76 0
29.5 77 1
35.5 77 0
29.5 73.5 0
15.5 69 1
35.5 69 0
44.5 71 1
52.5 71 0
52.5 72 1
44.5 72 0
44.5 73 1
52.5 73 0
52.5 70 1
44.5 70 0
44.5 69 1
52.5 69 0
52.5 68 1
44.5 68 0
44.5 67 1
53.5 67 0
44.5 66 1
53.5 66 0
53.5 65.5 1
45.5 65.5 1
44.5 65.5 1
44.5 31.5 1
44.5 30.5 1
49.5 30.5 1
50.5 30.5 1
50.5 37.5 0
50.5 37.5 0