56.2286 41.5137 0
58.50000000000001 42.68599071089955 1
58.50000000000001 64.31533694647146 0
61.50000000000001 65.77560717856974 1
61.50000000000001 44.2343186728167 0
70.5 64.74604491463606 1
70.5 10.59735833259534 0
73.5 13.17721274021858 1
73.5 26.54741303109898 0
72.2268 27.8405 0
73.5 29.39692019669473 1
73.5 66.57965679264274 0
76.5 68.41326867064939 1
76.5 28.08419303937613 0
74.1994 30.2519 1
72.2268 27.8405 1
77.2141 22.7753 0
76.5 23.50055400918332 1
76.5 15.97205159568118 0
75.57579999999999 14.9623 1
81.4385 21.3677 0
79.5 19.24975640745733 1
79.5 81.50935728942579 0
77.9469 79.30260000000001 1
79.75980000000001 81.8785 0
79.5 82.11894957589567 1
79.5 100 0
76.5 100 1
76.5 82.80703036571242 0
77.39009999999999 84.07169999999999 1
75.5772 81.49590000000001 0
76.5 80.64179304975312 1
76.5 73.74763233082706 0
70.5 87.37122272767039 1
70.5 74.30169319553411 0
67.5 72.74813254375377 1
67.5 85.38230787207718 0
66.2482 84.55240000000001 1
63.0539 97.02019999999999 1
63.0539 100 1
74.2499 100 1
74.2499 89.85730000000001 0
73.5 89.36013758326357 1
73.5 75.85525384731443 0
75.06809999999999 76.66730000000001 1
78.5128 69.64349999999999 0
64.5 45.78264663473385 1
64.5 67.23587741066805 0
64.9136 67.43719999999999 1
67.68270000000001 63.0241 0
67.5 63.31526802210102 1
67.5 44.75129716413866 0
66.3749 46.7503 1
70.0669 40.1906 0
67.5 38.69537766593689 1
67.5 0 0
70.5 0 1
70.5 9.572868699008389 0
73.5 6.761618211418824 1
73.5 0 0
76.5 0 1
76.5 6.812778302889171 0
88.5 15.34705588869957 1
88.5 0 0
85.5 0 1
85.5 15.47038590950113 0
82.5 12.11491813666663 1
82.5 0 0
79.5 0 1
79.5 9.055218809402525 0
80.2972 9.651109999999999 1
86.61330000000001 16.7156 0
85.5 17.71644697572852 1
85.5 100 0
88.5 100 1
88.5 29.01635968162084 0
91.5 29.94709317236652 1
91.5 100 0
94.5 100 1
94.5 50.1079386759582 0
96.7149 51.9464 0
97.5 51.00142137841351 1
97.5 100 0
100 100 1
100 0 0
97.5 0 1
97.5 46.40736362311421 0
99.79089999999999 48.244 1
96.7149 51.9464 0
91.80719999999999 47.8728 1
94.71350000000001 44.1734 0
94.5 44.44516199979354 1
94.5 18.7569030873463 0
92.15369999999999 30.1499 1
93.36359999999999 22.3022 1
95.82849999999999 14.6123 0
94.5 14.26973761610145 1
94.5 0 0
91.5 0 1
91.5 13.49616806269862 0
89.31479999999999 12.9327 1
86.67330000000001 20.7598 0
82.5 20.41342077181726 1
82.5 100 0
74.2499 95.30907088355968 1
73.077217882556 99.4067 0
74.2499 99.4067 1
63.0539 99.4067 0
65.99019449945905 99.4067 1
63.0539 98.57869763408692 0
61.50000000000001 100 1
61.50000000000001 75.23032451167407 0
62.6962 75.9425 1
65.12610000000001 71.5188 0
64.5 72.65863232643318 1
64.5 91.37586929217665 0
52.50000000000001 100 1
52.50000000000001 69.87204044970005 0
55.50000000000001 71.65813513702474 1
55.50000000000001 100 0
58.50000000000001 100 1
58.50000000000001 73.44422982434941 0
46.6144 77.40960000000001 1
46.1708 62.8725 0
52.50000000000001 66.08622010746606 1
52.50000000000001 34.45576813682793 0
52.35339999999999 34.5651 1
47.467 25.8853 0
49.5 24.89607817716283 1
49.5 0 0
52.50000000000001 0 1
52.50000000000001 25.35972093770851 0
53.17749999999999 26.3718 1
51.5288 23.9089 0
55.50000000000001 24.65308685787168 1
55.50000000000001 0 0
58.50000000000001 0 1
58.50000000000001 22.43300529645727 0
59.1362 21.9622 0
61.4701 25.5274 0
64.5 36.94787406151546 1
64.5 0 0
61.50000000000001 0 1
61.50000000000001 35.20037045709404 0
58.83069999999999 33.6455 1
56.2286 41.5137 0
56.2286 41.5137 0
49.5 29.49655437950231 1
49.5 100 0
46.5 100 1
46.5 77.41451192827026 0
43.5 77.54332123605701 1
43.5 100 0
40.5 100 1
40.5 77.67213054384374 0
39.11960000000001 77.73140000000001 0
34.5 64.98388207358929 1
34.5 100 0
37.5 100 1
37.5 65.04829264107272 0
19.5 68.28339562060668 1
19.5 38.60852573574682 0
20.2986 38.45229999999999 1
18.5098 29.3287 0
19.5 29.11963609405078 1
19.5 34.37911855992846 0
27.0153 41.72110000000001 1
28.2677 21.3922 0
28.50000000000001 21.50628683608864 1
28.50000000000001 13.72069438129833 0
31.50000000000001 9.555789047054237 1
31.50000000000001 22.97964244635948 0
34.5 24.45299805663032 1
34.5 6.422534196466501 0
35.6987 5.170590000000001 0
35.6987 3.176110972376018 1
32.07441977248256 0 0
28.41724224882606 0 1
17.81 10.59114757691641 0
17.81 6.351724407901456 1
24.17137670664088 0 0
19.92551116445569 0 1
17.81 2.112301238886502 0
17.81 0 1
30.54017501991866 0 1
35.6987 0 1
35.6987 5.170590000000001 1
30.0499 11.0703 1
24.9295 19.8264 0
25.5 18.85082093391141 1
25.5 73.23911221770521 0
22.5 70.76125391915593 1
22.5 28.48623706572555 0
22.8734 28.4074 1
22.3681 26.926 0
22.5 26.84940168356998 1
22.5 27.31269435978628 0
23.3541 26.3534 1
23.5093 22.2369 0
22.5 22.60609749928065 1
22.5 18.18736194255215 0
17.81 15.0233 1
21.2574 9.268689999999999 1
17.81 12.71085916142389 1
17.81 15.0233 0
19.5 16.16344172343564 1
19.5 23.70348429987705 0
16.5 24.80087110047346 1
16.5 0 0
13.5 0 1
13.5 27.37779332207354 0
12.015 28.8506 0
9.13053 33.0003 1
12.015 28.8506 0
10.5 31.03013228842733 1
10.5 0 0
1.5 0 1
1.5 100 0
4.5 100 1
4.5 0 0
7.500000000000002 0 1
7.500000000000002 90.71836116608736 0
23.4216 83.02279999999999 1
29.4467 76.49889999999999 0
28.50000000000001 75.71697051625446 1
28.50000000000001 41.87405158745675 0
10.5 40.06833197469004 1
10.5 69.72105562075836 0
13.5 65.9175042359546 1
13.5 39.66465842128564 0
15.426 39.4055 0
16.5 39.19539927348849 1
16.5 65.8055373220574 0
14.7369 64.3493 1
9.15091 71.4315 0
10.5 72.52729192856128 1
10.5 100 0
7.500000000000002 94.75661492501635 1
7.500000000000002 100 0
13.5 100 1
13.5 74.96402764351268 0
16.5 77.4007633584641 1
16.5 100 0
19.5 100 1
19.5 79.8374990734155 0
22.5 82.27423478836693 1
22.5 100 0
25.5 100 1
25.5 80.77233548322849 0
28.50000000000001 77.52397446017494 1
28.50000000000001 100 0
31.50000000000001 100 1
31.50000000000001 42.18310712889289 0
34.5 42.49216267032902 1
34.5 50.41327298443733 0
37.5 50.25369941288837 1
37.5 39.46340226730304 0
37.24550000000001 42.77500000000001 1
38.5025 26.4187 0
37.5 25.92635366690116 1
37.5 0 0
40.5 0 1
40.5 58.41949640531067 0
39.4646 50.14919999999999 1
41.06140000000001 62.9037 0
43.5 62.88880895212745 1
43.5 0 0
46.5 0 1
46.5 73.66062741208316 0
51.11069999999999 69.04490000000001 1
54.2931 62.2676 0
55.50000000000001 62.85506671437315 1
55.50000000000001 32.21841759442552 0
58.50000000000001 29.98106705202311 1
58.50000000000001 34.64546684985201 0
56.2286 41.5137 0