54.4889 49.8601 0
54.4889 49.8601 1
56.8519 56.9363 0
55.5 52.88792303004655 1
55.5 100 0
58.5 100 1
58.5 56.55528464769172 0
67.7397 76.6037 1
70.197 71.749 0
70.5 71.86917418303611 1
70.5 53.78106935268579 0
71.68549999999999 53.50700000000001 1
70.285 48.3683 0
70.5 48.30490839364364 1
70.5 49.15717575865762 0
73.5 47.420374351462 1
73.5 73.05901757943332 0
61.5 55.86173082394025 1
61.5 100 0
64.5 100 1
64.5 55.16817700018876 0
67.5 54.47462317643728 1
67.5 100 0
70.5 100 1
70.5 77.81793947586823 0
74.7567 89.83969999999999 1
76.9692 85.5581 0
76.5 86.46608947796611 1
76.5 80.45730362295711 0
77.13810000000001 80.738 1
80.17619999999999 74.7475 0
79.5 76.08082546657451 1
79.5 86.89109480478982 0
73.5 79.13762154941267 1
73.5 100 0
76.5 100 1
76.5 90.84911630372713 0
79.5 92.58619478200478 1
79.5 100 0
82.5 100 1
82.5 90.85071543836764 0
81.2362 93.5915 1
83.3828 88.93620000000001 0
82.5 88.47122141075215 1
82.5 48.8915207744456 0
82.88900000000001 50.6521 1
82.0187 46.7132 0
82.0187 46.30400351446738 1
87.30009999999999 44.49329385529936 0
87.30009999999999 45.27199973496403 1
85.97909999999999 45.72490000000001 1
87.30009999999999 49.8676 0
85.5 50.18774201673052 1
85.5 100 0
88.5 100 1
88.5 42.49620318257477 0
91.5 41.46766359505934 1
91.5 100 0
94.5 100 1
94.5 40.43912400754388 0
94.93000000000001 40.29170000000001 1
90.93960000000001 27.6522 0
88.5 28.52294756212108 1
88.5 0 0
91.5 0 1
91.5 29.4272540797915 0
94.5 38.92968491379311 1
94.5 0 0
95.33539999999999 1.93388 1
97.5446 9.35191 0
97.5 9.202152559297485 1
97.5 100 0
100 100 1
100 0 0
97.5 4.331718682168219 1
97.5 0 0
96.15960000000001 1.68842 1
99.49690000000001 8.269649999999999 0
85.5 24.21803704179314 1
85.5 0 0
82.5 0 1
82.5 20.97134443382704 0
84.17420000000001 22.2565 1
85.88740000000001 24.7912 1
85.88740000000001 29.45544267640111 1
76.88640000000001 32.6681 1
80.93190000000001 45.0909 0
79.5 40.69386444938822 1
79.5 74.45670590121873 0
76.59049999999999 73.2055 0
76.5 73.28187367816091 1
76.5 0 0
79.5 0 1
79.5 22.23891395493396 0
76.72389999999999 24.2868 1
80.44669999999999 28.139 0
85.88740000000001 26.55242303322893 1
76.88640000000001 32.09096546343093 0
79.5 28.72152839891925 1
79.5 27.15939385946062 0
72.142 25.1747 0
72.22380000000001 23.6168 1
72.142 25.1747 0
73.5 25.2581758037225 1
73.5 38.58401602269994 0
70.5 39.38791156446881 1
70.5 23.23825287996483 0
70.17689999999999 23.1673 1
71.011 18.3767 0
73.5 18.36037645232006 1
73.5 0 0
70.5 0 1
70.5 21.31159581584942 0
67.5 28.08041109306651 1
67.5 0 0
64.5 0 1
64.5 19.31639087146711 0
64.07400000000001 18.0719 1
67.89169999999999 29.2247 0
67.5 29.35447705505533 1
67.5 40.19180710623768 0
66.07820000000001 40.5728 1
67.10650000000001 45.785 0
64.5 46.62682000935202 1
64.5 30.34842948080455 0
61.5 31.34238190655378 1
61.5 47.59572851810169 0
54.4889 49.8601 0