54.4889 49.8601 0
58.5 48.56463702685139 1
58.5 32.33633433230301 0
56.7302 32.92270000000001 1
52.6056 22.5141 0
43.5 30.82536986125525 1
43.5 0 0
46.5 0 1
46.5 100 0
49.5 100 1
49.5 0 0
61.5 19.0689198807157 1
61.5 0 0
58.5 0 1
58.5 20.2309477137177 0
55.5 21.39297554671968 1
55.5 0 0
52.5 0 1
52.5 100 0
19.5 82.98295432118874 1
19.5 36.21757665740233 0
19.2885 36.75109999999999 1
30.5863 8.251619999999999 0
28.5 13.51445569579918 1
28.5 100 0
31.5 100 1
31.5 0 0
34.5 0 1
34.5 100 0
37.5 100 1
37.5 0 0
40.5 0 1
40.5 30.77231638444311 0
25.5 21.08216268300023 1
25.5 100 0
22.5 100 1
22.5 28.64986967020128 0
19.2885 36.75109999999999 0
16.5 35.73385406615319 1
16.5 79.45655610529218 0
13.6279 76.0805 1
21.6095 85.46260000000001 0
10.5 100 1
10.5 0 0
7.5 0 1
7.5 100 0
4.5 100 1
4.5 0 0
1.5 0 1
1.5 100 0
13.5 100 1
13.5 82.02928459433576 0
16.5 85.44958832945684 1
16.5 100 0
19.5 100 1
19.5 87.28509220770266 0
18.7092 87.9683 1
10.6693 78.80199999999999 0
13.5 76.19815018927872 1
13.5 0 0
16.5 0 1
16.5 30.43647421946772 0
19.5 24.70112790394198 1
19.5 0 0
22.5 0 1
22.5 18.96578158841625 0
25.5 13.23043527289051 1
25.5 0 0
28.5 0 1
28.5 7.495088957364773 0
28.5415 7.415749999999999 1
14.1731 34.88500000000001 0
19.2885 36.75109999999999 0
38.5098 37.21469999999999 0
40.5 37.25388057983646 1
40.5 100 0
43.5 100 1
43.5 37.31294084488991 0
46.312 37.3683 0
55.5 29.8182390292392 1
55.5 49.53354553560106 0
54.4889 49.8601 0