49.9526 51.9413 0
50.52645830821278 49.5 1
0 49.5 0
0 46.5 1
51.23164608711677 46.5 0
51.7383 44.3446 1
57.9978 46.02079999999999 0
57.88617253329595 46.5 1
100 46.5 0
100 43.5 1
0 43.5 0
0 40.5 1
100 40.5 0
100 37.5 1
0 37.5 0
0 34.5 1
100 34.5 0
100 31.5 1
0 31.5 0
0 28.5 1
79.23079946877954 28.5 0
74.97540000000001 25.2938 0
76.94873538536507 22.5 1
0 22.5 0
0 25.5 1
75.2490770539774 25.5 0
74.97540000000001 25.2938 1
80.87180000000001 29.7364 0
81.80046073575011 28.5 1
100 28.5 0
100 25.5 1
84.05376242391762 25.5 0
84.79599999999999 24.5118 1
78.45419999999999 20.3686 0
81.71663302761152 22.5 1
100 22.5 0
100 19.5 1
0 19.5 0
0 16.5 1
100 16.5 0
100 13.5 1
0 13.5 0
0 10.5 1
100 10.5 0
100 7.5 1
0 7.5 0
0 4.5 1
100 4.5 0
100 1.5 1
0 1.5 0
21.9337 57.82170000000001 0
24.27604225275101 64.5 1
100 64.5 0
100 61.5 1
23.22382435923723 61.5 0
21.9337 57.82170000000001 0
18.34218637318567 57.82170000000001 1
3.09372 64.83082202623294 0
3.09372 61.52906607869879 1
11.159159119557 57.82170000000001 0
3.976131865928329 57.82170000000001 1
3.09372 58.22731013116464 0
1.59372 57.82170000000001 1
1.59372 73.24359999999999 0
3.09372 73.24359999999999 1
3.09372 66.48169999999999 0
3.09372 70.46469086422974 1
4.223436010380654 73.24359999999999 0
5.842650000000001 73.24359999999999 1
16.3105 68.92420000000001 1
25.0127 66.6003 0
21.64363535005809 67.5 1
100 67.5 0
100 70.5 1
12.49162746446266 70.5 0
0 82.5 1
100 82.5 0
100 79.5 1
54.74623009653048 79.5 0
54.6902 80.2234 1
51.6798 81.79570000000001 0
50.87493188490139 79.5 1
0 79.5 0
0 76.5 1
48.09175686535318 76.5 0
36.5954 93.13630000000001 0
31.29821254773595 94.5 1
100 94.5 0
100 91.5 1
37.13266970896419 91.5 0
38.11770248222858 88.5 1
100 88.5 0
100 85.5 1
39.10273525549299 85.5 0
39.44070000000001 84.47069999999999 1
28.6958 85.0986 0
28.6923243482353 85.5 1
0 85.5 0
0 88.5 1
28.66634787764706 88.5 0
28.6498 90.4111 1
15.469 91.8527 0
15.78513072613632 94.5 1
0 94.5 0
0 97.5 1
16.14337957530677 97.5 0
16.3536 99.2604 1
31.5742 98.899 0
31.48642858701582 97.5 1
100 97.5 0
100 100 1
0 100 0
0 91.5 1
18.69379755826859 91.5 0
52.89405758350516 52.5 1
0 52.5 0
0 55.5 1
100 55.5 0
100 58.5 1
22.17160646572346 58.5 0
21.9337 57.82170000000001 1
0 57.82170000000001 1
0 73.24359999999999 0
0 73.5 1
52.10341447762124 73.5 0
47.7071 75.59030000000001 1
54.455 72.3819 0
54.90987480170135 73.5 1
100 73.5 0
100 76.5 1
54.97859156956258 76.5 0
57.18733613907192 49.5 1
100 49.5 0
100 52.5 1
56.48849974484789 52.5 0
56.33620000000001 53.1538 1
49.9526 51.9413 0
49.9526 51.9413 0