46.84350000000001 50.27200000000001 0
46.84350000000001 50.27200000000001 1
51.9252 59.0506 0
51.73814014669401 59.14337258454685 1
58.36226902127937 86.29468608795699 0
56.25149999999999 82.9828 0
54.13889083217147 81.64090882011172 1
48.98345803386646 60.50956086436948 0
47.25413296676102 78.73575256440529 1
42.7370678152153 60.22097811376118 0
18.31121993678032 86.67526346733212 1
0 11.62031170742429 0
4.349489999999999 18.8758 1
8.32311 24.0629 0
9.055212221134539 23.42183573810033 1
27.7380515978107 100 0
24.65005937711832 100 1
5.095802021279511 19.85002377720541 0
0 24.27752995717619 1
14.50292122770531 83.72283490579667 0
13.1147 82.64660000000001 1
19.8848 87.89519999999999 0
18.91293693289178 89.14161143716615 1
21.56206715642595 100 0
12.29809049434882 100 1
10.16662093456016 91.26342507271644 0
7.7052 89.47059999999999 1
14.6897 94.55789999999999 0
13.92193664110577 93.99868423141203 1
15.3860827150412 100 0
18.47407493573358 100 1
16.56088319862355 92.15811322063692 0
30.82604381850307 100 1
11.59963292500486 21.19381739120733 0
14.0222 19.0725 1
10.2169 14.395 0
9.984263331201589 14.57265903278481 1
6.428959405797286 0 0
3.340967185104912 0 1
7.381250573643447 16.56051731507061 0
4.778237816085301 18.54837559735641 1
0.2529749644125379 0 0
0 0 1
0 100 0
3.034113832271702 100 1
0 87.56362120593573 0
0 74.90640295618383 1
6.122106052964076 100 0
9.210098273656453 100 1
0 62.24918470643192 0
0 49.59196645668001 1
9.252896442347467 87.51820504250315 0
11.61417024046391 84.53949492172552 1
0 36.93474820692811 0
19.27328499140091 27.33253298392517 1
37.00202825988782 100 0
33.91403603919545 100 1
9.516951626489661 0 0
12.60494384718204 0 1
18.06513302662852 22.38049878043159 0
21.38950813400815 23.34939687779669 1
15.69293606787441 0 0
37.30888161272102 0 1
51.56274816151181 58.4244670702024 0
82.35846396375766 45.42209936220611 1
95.67388045304293 100 0
100 92.41768047716272 1
89.65994629844695 50.0353468891048 0
90.91079999999999 48.8338 1
82.02770000000001 39.7222 0
83.74228429605958 41.48088855151654 1
73.62215690575718 0 0
76.71014912636809 0 1
79.16514763607026 10.06267170833028 0
77.5993 11.628 1
83.2525 17.5866 0
83.28243519913869 17.5662736210278 1
100 86.08907136977845 1
100 100 0
98.7618726737353 100 1
86.43355453549566 49.46806786544067 0
88.31049999999999 51.33159999999999 1
79.3409 42.42610000000001 0
80.58053619020018 41.17857420921459 1
70.53416468514627 0 0
68.18880381964476 0 1
92.58588823235056 100 0
89.49789601165818 100 1
65.10081159895239 0 0
52.9222 18.25 1
50.93859999999999 16.3044 0
50.60418194358952 16.52379276390868 1
46.57285827479815 0 0
49.66085049549052 0 1
74.0579349081963 100 0
80.23391934958107 100 1
77.38381217395738 88.31783697014475 0
79.81620304215645 85.63062508284295 1
83.32191157027344 100 0
86.40990379096581 100 1
62.01281937826002 0 0
58.92482715756765 0 1
79.62094080168984 84.83027436402955 0
80.1687 85.24119999999999 1
75.65719999999999 81.85669999999999 0
75.84115081401842 81.99469878755301 1
55.83683493687528 0 0
52.74884271618291 0 1
73.3506210002094 84.44360783248871 0
70.92850000000001 87.1601 1
74.91200000000001 91.04859999999999 0
74.95142130575829 91.00504885744655 1
77.14592712888867 100 0
98.5 79.94079571794248 1
98.5 0 0
95.5 0 1
95.5 67.64424441427047 0
92.5 55.3476931105985 1
92.5 0 0
89.5 0 1
89.5 43.05114180692652 0
87.86096096455717 45.70550994862818 1
80.2212884105796 14.39163478088154 0
83.5 18.45803919958257 1
83.5 17.41854436849039 0
87.27539999999999 14.855 1
83.65121311219414 0 0
82.88613356758995 0 1
86.2633262588694 13.8426077302346 0
86.5 11.67675137304425 1
86.5 0 0
79.79814134697904 0 1
82.17842311208258 9.756418947263601 0
80.8254 8.40297 1
87.27539999999999 14.855 0
86.5 15.38150641079818 1
86.5 30.75459050325455 0
52.69329999999999 28.7836 0
49.80712335722316 25.91398708209908 1
67.88195046681156 100 0
70.96994268750393 100 1
53.38135244996921 27.90699929547833 0
52.69329999999999 28.7836 1
44.434 20.5717 0
45.28031198804432 20.01648259284483 1
40.39687383341341 0 0
43.48486605410578 0 1
47.94224696581692 18.27013767837676 0
44.434 20.5717 0
45.73018546093434 21.86044667183014 1
64.79395824611919 100 0
57.3503 97.28659999999999 1
56.95553364379813 95.66851174933336 0
57.3503 97.28659999999999 1
57.2373 95.6583 1
56.95553364379813 95.66851174933336 1
44.4372 96.12219999999999 0
43.80900306881922 89.92911689125387 1
28.80796501481227 28.44210557364518 0
25.77442257084815 28.66528706454453 1
43.17801270127256 100 0
40.09002048058019 100 1
22.65145949924187 28.52194677714654 0
37.5913 44.8475 1
40.93219999999999 57.0256 1
44.2313 62.8664 0
46.2287759210389 61.87574914419211 1
50.4846097542534 79.319775492677 0
49.8124 78.89279999999999 1
56.25149999999999 82.9828 1
60.31059999999999 89.35169999999999 1
62.59350000000001 97.5241 1
63.19754741269058 100 0
62.96392510885468 99.04241711839995 1
57.72072510885468 98.80491711839997 0
57.64633422212478 98.5 1
45.01731387289296 98.5 0
45.38327013891171 100 1
44.4372 96.12219999999999 1
42.64490000000001 78.4528 0
44.11918889696652 78.5433039574001 1
30.76993992268812 23.82672902385507 0
30.3562 28.3282 1
30.8685 22.7544 0
30.52043237803984 22.80403491652828 1
26.62303894822672 6.829202170598238 0
29.61480896161623 6.434801734566031 1
38.87740146644742 44.4007830302954 0
41.72415599440943 43.41198580908015 1
31.94711857309976 3.337371744877205 0
32.0104 2.28079 1
31.4539537386847 0 0
31.81991000470347 1.5 1
21.03563946265276 1.5 0
21.6604 4.0608 1
20.669683196634 0 0
18.78092828856678 0 1
24.49824889153138 23.43444202696229 0
27.53626118706546 23.22958178910426 1
23.6312689348372 7.223602606630445 0
22.4694 7.37677 1
21.6604 4.0608 1
32.0104 2.28079 1
31.8392 5.139239999999999 0
34.22088939202865 0 1
44.89002803496187 43.73120354240697 0
44.5061 42.4457 1
46.84350000000001 50.27200000000001 0
46.84350000000001 50.27200000000001 0