31.2596 62.6961 0
29.22116409106201 61.5 1
100 61.5 0
100 58.5 1
24.10845802399909 58.5 0
18.99575195693618 55.5 1
100 55.5 0
100 52.5 1
13.88304588987327 52.5 0
23.57866423859264 16.5 1
100 16.5 0
100 13.5 1
0 13.5 0
0 10.5 1
100 10.5 0
100 7.5 1
0 7.5 0
0 4.5 1
100 4.5 0
100 1.5 1
0 1.5 0
0 16.5 1
13.66529911266009 16.5 0
13.7268 14.813 1
26.8981 15.2931 1
17.8928 18.5673 0
18.03912901764151 19.5 1
72.4085435901907 19.5 0
75.06908605012444 22.5 1
18.50979166685834 22.5 0
18.5749 22.915 1
13.3858 24.1668 0
4.559032427461462 51.9957 1
1.38595 58.06023782203184 0
1.38595 64.53138269321911 1
7.944859456476877 51.9957 0
11.33068648549229 51.9957 1
1.38595 71.00252756440636 0
1.38595 75.93922121792383 1
12.57655797917591 81.92529999999999 0
6.216273937527728 81.92529999999999 1
1.38595 79.34146365377151 0
0 85.5 1
83.55232748424453 85.5 0
83.86420000000001 84.53639999999999 1
94.98410000000001 88.12479999999999 0
94.82532455924559 88.5 1
100 88.5 0
100 91.5 1
93.55579811398115 91.5 0
92.50700000000001 93.97839999999999 1
82.0308 90.2011 0
82.58136697442055 88.5 1
0 88.5 0
0 91.5 1
85.63325047520715 91.5 0
100 100 1
0 100 0
0 97.5 1
100 97.5 0
100 94.5 1
0 94.5 0
15.7567 81.92529999999999 1
1.38595 81.92529999999999 1
1.38595 51.9957 0
0 49.5 1
100 49.5 0
100 46.5 1
0 46.5 0
0 43.5 1
100 43.5 0
100 40.5 1
0 40.5 0
0 37.5 1
100 37.5 0
98.5 37.1241 1
98.5 23.348 0
100 22.5 1
77.69927521348515 22.5 0
76.02359999999999 23.5763 1
79.5241 21.3279 1
70.42910000000001 17.268 0
75.42923300820217 19.5 1
100 19.5 0
95.5 23.348 1
95.5 37.1241 0
92.5 34.94251858585856 1
92.5 37.1241 0
92.46629999999999 37.1241 1
92.56530000000001 30.7153 1
92.56530000000001 23.348 1
83.86240000000001 23.348 0
90.82714458232078 23.348 1
92.56530000000001 24.81940750883821 0
92.56530000000001 28.75000250294607 1
86.18398152744027 23.348 0
83.86240000000001 23.348 0
83.80355248057515 25.5 1
0 25.5 0
0 22.5 1
13.44656448074579 22.5 0
13.55593179670294 19.5 1
0 19.5 0
0 28.5 1
83.72151597580071 28.5 0
83.63947947102628 31.5 1
0 31.5 0
0 34.5 1
83.55744296625184 34.5 0
83.49039999999999 36.9517 0
86.85024827778395 85.5 1
100 85.5 0
100 82.5 1
0 82.5 0
1.38595 81.92529999999999 1
0 81.92529999999999 1
0 51.9957 1
13.0236 51.9957 1
31.2596 62.6961 0
31.2596 62.6961 0
29.8052658982173 64.5 1
100 64.5 0
100 67.5 1
27.38661613639673 67.5 0
24.96796637457617 70.5 1
100 70.5 0
100 73.5 1
22.5493166127556 73.5 0
20.13066685093504 76.5 1
100 76.5 0
100 79.5 1
17.71201708911448 79.5 0
31.2596 62.6961 0