46.7462 49.193 0
46.7462 49.193 1
49.48739999999999 42.4046 0
53.5 40.18620372169768 1
53.5 45.12187675409929 0
50.5 43.09031859672056 1
50.5 38.20728723072692 0
48.748 37.05159999999999 0
50.5 13.04698095092494 1
50.5 34.40429291183978 0
48.748 37.05159999999999 1
52.8224 30.8951 0
53.5 31.31416713984868 1
53.5 0 0
56.5 0 1
56.5 33.16954113563685 0
57.9508 34.0668 1
54.2025 40.64960000000001 0
56.5 36.61470871595124 1
56.5 47.15343491147802 0
59.5 48.31539404946425 1
59.5 0 0
62.5 0 1
62.5 49.4699866769998 0
65.5 50.62457930453535 1
65.5 0 0
68.5 0 1
68.5 45.90196727260873 0
71.5 52.49926791810654 1
71.5 0 0
74.5 0 1
74.5 59.09656856360435 0
76.10990000000001 62.6369 1
68.44139999999999 45.7731 0
67.28190000000001 46.5659 1
72.0206 65.048 0
71.5 63.01753146221537 1
71.5 100 0
68.5 100 1
68.5 51.31679075273809 0
68.3964 51.7393 1
64.2594 59.1477 0
65.5 56.92607538312787 1
65.5 100 0
62.5 100 1
62.5 58.48209147532303 0
77.5 74.41415545361875 1
77.5 0 0
80.5 0 1
80.5 75.74448944128602 0
74.5 63.14119445107399 1
74.5 77.19091386340469 0
72.1266 79.3877 1
76.94659999999999 84.4443 0
89.5 100 1
89.5 0 0
98.5 0 1
98.5 100 0
95.5 100 1
95.5 0 0
92.5 0 1
92.5 100 0
86.5 100 1
86.5 0 0
83.5 0 1
83.5 100 0
80.5 100 1
80.5 81.17450985869718 0
77.5 83.9350688793277 1
77.5 100 0
74.5 100 1
74.5 81.8776034107884 0
72.1266 79.3877 0
59.5 57.34714457636265 1
59.5 100 0
56.5 100 1
56.5 56.21219767740227 0
53.5 55.07725077844189 1
53.5 100 0
50.5 100 1
50.5 53.94230387948151 0
44.6176 51.7169 0
46.7462 49.193 0