46.7462 49.193 0
47.5 47.32626429301035 1
47.5 18.75069597920807 0
47.416 18.9104 1
50.6865 12.6924 0
50.5 12.58577871647377 1
50.5 0 0
47.5 0 1
47.5 11.53270389603571 0
47.80070000000001 11.0426 1
43.99169999999999 17.2508 0
44.5 16.42233372013652 1
44.5 0 0
42.6216 2.424086675320634 1
25.2148 1.566661454438111 0
23.5 0 1
23.5 72.12468735185971 0
24.1815 72.4588 1
18.9785 84.3005 0
20.5 85.04388808226176 1
20.5 80.83766191620219 0
23.6757 86.59549999999999 0
23.6757 89.87913605189615 1
18.67421942566082 99.61869999999999 0
13.48112196466832 99.61869999999999 1
10.4071 98.16406434223683 0
10.4071 99.61869999999999 1
23.6757 99.61869999999999 0
22.04665827698246 99.61869999999999 1
23.6757 96.44640815568849 0
23.6757 86.59549999999999 0
23.5 74.00985103786277 1
23.5 86.50965492208124 0
23.6757 86.59549999999999 1
23.6757 100 1
10.4071 100 1
10.4071 96.50460000000001 1
15.22 84.2944 0
14.5 83.93925509776537 1
14.5 86.12102095618027 0
11.5 93.73194160693137 1
11.5 82.45948467178772 0
10.6376 82.0341 1
10.6376 73.62870270543655 1
12.5489 69.58959999999999 0
5.5 63.87861472995954 1
5.5 100 0
8.5 100 1
8.5 66.30920046817704 0
11.5 68.73978620639454 1
11.5 71.80621425612537 0
12.5489 69.58959999999999 1
21.6717 57.952 0
21.6717 58.71601117979513 1
10.6376 82.0341 0
10.6376 77.13560251046326 1
16.73567253848827 64.24869763516563 0
17.5 67.53196092932149 1
17.5 69.18312331834275 0
20.5 70.65390533510123 1
20.5 61.19213561863781 0
21.6717 57.952 0
20.5 57.02168808674114 1
20.5 46.96569497543383 0
21.346 45.9409 1
17.2143 50.94580000000001 1
17.2143 54.41289244502856 0
17.5 54.63973388363746 1
17.5 50.59971971101484 0
17.2143 53.28617166290385 1
13.7117 49.09127166290386 0
13.7117 46.7509 0
14.5 45.90659373397551 1
14.5 0 0
11.5 0 1
11.5 50.47823830978736 0
8.5 54.54610029894542 1
8.5 0 0
0 0 1
0 100 0
2.5 100 1
2.5 0 0
5.5 0 1
5.5 58.61396228810349 0
3.06958 61.90949999999999 1
11.7802 50.09829999999999 1
13.7117 51.63188151443158 1
13.7117 46.7509 1
17.885 42.2811 1
21.346 45.9409 0
20.5 45.04630572088992 1
20.5 0 0
17.5 0 1
17.5 42.69345305393813 0
17.885 42.2811 0
26.5 20.64704956993634 1
26.5 100 0
29.5 100 1
29.5 20.70108684803235 0
32.5 20.75512412612836 1
32.5 100 0
35.5 100 1
35.5 20.80916140422438 0
38.5 20.86319868232039 1
38.5 71.939915744377 0
37.0153 71.9854 1
37.2602 75.74549999999999 0
38.5 75.89451117935164 1
38.5 100 0
41.5 100 1
41.5 76.2550802534401 0
42.4054 76.3639 1
42.8974 71.80520000000001 0
41.5 71.84800979242107 1
41.5 20.91723596041641 0
42.1309 20.9286 1
42.6216 9.93318 1
42.6216 0 1
25.2148 0 1
25.2148 20.6239 0
25.2148 9.17285264458312 1
25.22754666721195 9.076382655231967 0
42.6216 5.427724005192381 1
25.2148 4.570298784309857 0
25.2148 7.573936114181604 1
42.6216 8.431361335064128 0
43.99169999999999 17.2508 0
44.5 17.49714952545046 1
44.5 100 0
47.5 100 1
47.5 52.80735698052113 0
44.6176 51.7169 0
46.7462 49.193 0