47.5 58.5 0
47 58.5 1
47.00000000000004 113.5 0
57.5 106.5 0
58.00000000000004 106.5 1
58.00000000000003 95.5 0
59.00000000000003 95.5 1
59.00000000000004 106.5 0
60.00000000000004 106.5 1
60.00000000000003 95.5 0
61.00000000000003 95.5 1
61.00000000000004 106.5 0
62.00000000000004 106.5 1
62.00000000000003 95.16666666666666 0
63.00000000000003 94.49999999999997 1
63.00000000000004 106.5 0
64.00000000000003 106.5 1
64.00000000000003 93.83333333333331 0
65.00000000000003 93.16666666666666 1
65.00000000000003 106.5 0
66.00000000000003 106.5 1
66.00000000000003 92.49999999999997 0
67.00000000000003 91.83333333333331 1
67.00000000000003 106.5 0
68.00000000000003 106.5 1
68 61.5 0
68.5 61.5 0
69 58.5 1
69.00000000000003 106.5 0
70.00000000000003 106.5 1
70 58.5 0
71 58.5 1
71.00000000000003 106.5 0
72.00000000000003 106.5 1
72 68.55039052967913 0
71.95968757625671 68.50000000000001 0
72 68.5 1
72 58.5 0
73 58.5 1
73 68.5 0
74 68.5 1
74 58.5 0
75 58.5 1
75 68.5 0
71.95968757625671 68.50000000000001 0
73 69.80039052967913 1
73.00000000000003 106.5 0
73.5 106.5 0
74.00000000000006 107.5 1
74 71.05039052967913 0
75 72.30039052967913 1
75.00000000000006 107.5 0
76.00000000000006 107.5 1
76.00000000000003 73.55039052967913 0
65.5 67.5 1
65.5 89.5 1
66.5 89.5 1
67.5 89.5 1
67.5 91.5 1
61.5 95.5 1
53.5 95.5 0
56.00000000000003 95.5 1
56.00000000000004 113.5 0
57.00000000000004 113.5 1
57.00000000000003 95.5 0
55.00000000000003 95.5 1
55.00000000000004 113.5 0
54.00000000000004 113.5 1
54.00000000000003 95.5 0
53.5 95.5 1
52.5 95.5 0
43.50000000000001 90.151387818866 1
43.5 81.5 0
43.00000000000003 81.5 1
43 58.5 0
47.5 58.5 0