47.5 58.5 0
42.5 58.5 0
20.5 55.5 0
19 55.5 1
18.99999999999996 13.5 0
17.99999999999996 13.5 1
18 55.5 0
16 55.5 1
15.99999999999999 39.93496203810776 0
14.99999999999999 41.10162870477443 1
15 55.5 0
14 55.5 1
13.99999999999999 42.26829537144108 0
13.5 42.85162870477441 1
13.5 44.5 0
12.7456492081847 44.5 1
13.5 43.61992407621548 0
16.99999999999999 38.76829537144108 1
17 55.5 0
20 55.5 1
19.99999999999996 13.5 0
20.99999999999996 13.5 1
21.00000000000002 84.5 0
22.00000000000002 84.5 1
21.99999999999996 13.5 0
22.99999999999996 13.5 1
23.00000000000002 84.5 0
24.00000000000002 84.5 1
23.99999999999996 13.5 0
24.99999999999996 13.5 1
25.00000000000002 84.5 0
26.00000000000002 84.5 1
25.99999999999996 13.5 0
26.99999999999996 13.5 1
27.00000000000002 84.5 0
28.00000000000002 84.5 1
27.99999999999996 13.5 0
28.99999999999996 13.5 1
29.00000000000002 84.5 0
29.5 81.5 1
43.5 81.5 0
48.5 68 1
58.5 68 0
58.5 68.5 1
58.5 63.5 0
58.5 64 1
48.5 64 0
56 63.5 1
55.99999999999999 39.5 0
54.99999999999999 39.5 1
55 63.5 0
47.5 63.5 0
47.5 58.5 0