47.5 58.5 0
47.5 63.5 0
48 63.5 1
48.00000000000004 113.5 0
49.00000000000004 113.5 1
49.00000000000003 83.5 0
49.5 83.5 1
52.5 83.5 1
52.5 95.5 0
53.00000000000003 95.5 1
53.00000000000004 113.5 0
52.00000000000004 113.5 1
52.00000000000003 83.5 0
51.00000000000003 83.5 1
51.00000000000004 113.5 0
50.00000000000004 113.5 1
50.00000000000003 83.5 0
49.5 83.5 1
48.5 83.5 1
48.5 69.5 1
48.5 68.5 1
61.5 68.5 1
61.5 67.5 1
64.5 67.5 1
65.5 67.5 0
65 67.5 1
65 61.5 0
66 61.5 1
66.00000000000003 89.5 0
67.00000000000003 89.5 1
67 61.5 0
64 61.5 1
64 67.5 0
63.00000000000001 67.5 1
63 61.5 0
62 61.5 1
62.00000000000001 67.5 0
61.5 67.5 0
61.00000000000001 68.5 1
61 61.5 0
60 61.5 1
60.00000000000001 68.5 0
59.00000000000001 68.5 1
59 61.5 0
58 63.5 1
57.99999999999999 35.5 0
58.5 35.5 1
58.5 61.5 1
68.5 61.5 1
68.5 58.5 1
75.5 58.5 1
75.5 68.5 1
71.95968757625671 68.50000000000001 1
76.75968757625671 74.5 0
77.00000000000003 74.5 1
77.00000000000006 107.5 0
78.00000000000006 107.5 1
78.00000000000003 74.5 0
81.00000000000003 74.5 1
81.00000000000006 107.5 0
82.00000000000006 107.5 1
82.00000000000003 74.5 0
80.00000000000003 74.5 1
80.00000000000006 107.5 0
79.00000000000006 107.5 1
79.00000000000003 74.5 0
76.75968757625671 74.5 1
82.5 74.5 1
82.5 107.5 1
73.5 107.5 1
73.5 106.5 1
57.5 106.5 1
57.5 113.5 1
40.5 113.5 1
40.5 94.651387818866 0
40.5 95.5 1
39.93425854591067 95.50000000000001 1
43.50000000000001 90.151387818866 0
43.00000000000003 90.90138781886597 0
42.00000000000003 92.40138781886597 1
42.00000000000004 113.5 0
41.00000000000004 113.5 1
41.00000000000003 93.90138781886597 0
43.00000000000003 90.90138781886597 1
43.00000000000004 113.5 0
44.00000000000004 113.5 1
44 58.5 0
45 58.5 1
45.00000000000004 113.5 0
46.00000000000004 113.5 1
46 58.5 0
47.5 58.5 0