47.5 58.5 0
33.00000000000003 81.5 1
32.99999999999996 11.5 0
33.99999999999996 11.5 1
34.00000000000003 81.5 0
35.00000000000003 81.5 1
34.99999999999996 11.5 0
35.99999999999996 11.5 1
36.00000000000003 81.5 0
37.00000000000003 81.5 1
36.99999999999996 11.5 0
32.5 13.5 0
31.99999999999996 13.5 1
32.00000000000003 81.5 0
31.00000000000002 81.5 1
30.99999999999996 13.5 0
29.99999999999996 13.5 1
30.00000000000002 81.5 0
29.5 81.5 1
29.5 84.5 1
20.5 84.5 1
20.5 55.5 1
13.5 55.5 1
13.5 44.5 1
12.08711031837806 44.50000000000001 1
17.5 38.18496203810774 1
17.5 36.5 0
16.99999999999999 36.5 1
16.99999999999996 13.5 0
15.99999999999996 13.5 1
15.99999999999999 36.5 0
17.5 36.5 1
15.5 36.5 1
15.5 13.5 1
32.5 13.5 1
32.5 11.5 1
45.5 11.5 1
45.5 19.5 1
42.5 19.5 0
43.99999999999997 19.5 1
43.99999999999996 11.5 0
44.99999999999996 11.5 1
44.99999999999997 19.5 0
42.99999999999997 19.5 1
42.99999999999996 11.5 0
41.99999999999996 11.5 1
41.99999999999999 32.5 0
40.99999999999999 32.5 1
40.99999999999996 11.5 0
39.99999999999996 11.5 1
39.99999999999999 32.5 0
42.5 19.5 1
42.5 32.5 1
37.5 32.5 0
38.99999999999999 32.5 1
38.99999999999996 11.5 0
37.99999999999996 11.5 1
37.99999999999999 32.5 0
37.5 32.5 1
37.5 36.5 1
40.5 36.5 1
40.5 35.80901699437495 1
47.50000000000001 39.30901699437495 1
47.5 50.5 1
42.5 50.5 1
42.5 58.5 1
47.5 58.5 0
47.5 58.5 0