47.5 58.5 0
42.5 58.5 0
42.5 50.5 0
46 50.5 1
45.99999999999999 38.55901699437494 0
46.99999999999999 39.05901699437494 1
47 50.5 0
45 50.5 1
44.99999999999999 38.05901699437494 0
43.99999999999999 37.55901699437494 1
44 50.5 0
43 50.5 1
42.99999999999999 37.05901699437494 0
41.99999999999999 36.55901699437494 1
42.00000000000003 81.5 0
41.00000000000003 81.5 1
40.99999999999999 36.05901699437494 0
40.5 36.5 0
39.99999999999999 36.5 1
40.00000000000003 81.5 0
39.00000000000003 81.5 1
38.99999999999999 36.5 0
37.99999999999999 36.5 1
38.00000000000003 81.5 0
48.5 67 1
58.5 67 0
58.5 66 1
48.5 66 0
48.5 65 1
58.5 65 0
57 63.5 1
56.99999999999999 39.5 0
57.5 39.5 0
58.5 36 1
74.5 36 0
74.5 37 1
58.5 37 0
58.5 38 1
74.5 38 0
74.5 39 1
58.5 39 0
58.5 40 1
74.5 40 0
74.5 41 1
58.5 41 0
58.5 41.5 1
74.5 41.5 1
74.5 35.5 1
57.5 35.5 1
57.5 39.5 1
54.5 39.5 1
54.5 63.5 1
47.5 63.5 1
47.5 58.5 0
47.5 58.5 0