19.0544 55.9767
16.8892 49.0225
11.5917 51.4426
5.74913 52.9339
0.296113 53.6582
2.51534 60.3009
7.78557 59.7054
13.8409 58.283

23.5665 42.685
20.9706 36.0585
13.4574 40.2242
4.62213 42.783
7.5468 49.7863
15.8539 46.8655

29.8295 18.4694
15.6789 12.709
13.443 18.9913
19.8142 21.6989
19.4467 22.9892
25.847 25.2029
26.3991 24.2441
27.5937 24.7518

21.0085 74.4694
17.0914 65.5737
5.80662 73.2962
7.56472 75.8
6.52479 80.5848
11.09 81.7215
11.6432 80.2978

28.6342 90.8448
23.1176 88.9773
17.8405 86.0597
13.3728 82.8505
10.4371 89.2091
14.6835 92.3868
20.0682 95.5004
25.4457 97.3933

58.6329 77.434
51.4473 66.3709
47.1925 68.5435
39.4443 58.6984
33.326 62.7296
41.3735 74.4863
45.6283 72.3137
52.8781 81.5739

84.5057 22.0332
82.6826 19.1633
56.9344 39.4285
58.3821 41.7075

72.3439 15.8642
71.4282 6.54835
61.8879 13.0431
66.2089 19.3238

46.6991 51.7907
43.1654 35.0453
39.8722 53.1075

42.2297 34.3075
37.3513 32.7324
34.7636 39.5036
39.2788 41.1888

75.0072 80.2296
72.4888 76.5995
63.0019 83.5886
65.4592 86.9084

94.0166 48.6732
81.0335 35.7574
71.5271 46.3856
84.1795 58.6529