53.5 51.5 0
53.00000000000031 51.5 1
53.00000000000063 85.5 0
52.5 85.5 1
52.5 51.5 0
50.5 51.5 0
50.5 51 1
17.65085413965888 51 0
16.81752080632555 50 1
50.5 50 0
50.5 49 1
15.98418747299222 49 0
15.15085413965889 48 1
50.5 48 0
50.5 47 1
14.31752080632555 47 0
13.48418747299222 46 1
50.5 46 0
50.5 45 1
12.65085413965889 45 0
12.5 44 1
50.5 44 0
45.5 43.5 0
45.5 43 1
12.5 43 0
12.5 42 1
45.5 42 0
45.5 41 1
12.5 41 0
12.5 40 1
45.5 40 0
45.5 39 1
12.5 39 0
12.5 38 1
45.5 38 0
45.5 37 1
12.5 37 0
12.5 36 1
45.5 36 0
45.5 35 1
12.5 35 0
12.5 34 1
45.5 34 0
45.5 33 1
12.5 33 0
12.5 32 1
45.5 32 0
45.5 31 1
12.5 31 0
12.5 30 1
45.5 30 0
45.5 29 1
12.5 29 0
12.5 28 1
39.098612181134 28 0
37.598612181134 27 1
12.5 27 0
12.5 26 1
36.098612181134 26 0
18.06752080632555 51.50000000000001 0
14.5 52 1
52.5 52 0
53.5 51.5 0