53.5 51.5 0
53.5 24.5 0
53.00000000000006 24.5 1
52.99999999999997 15.5 0
51.99999999999997 15.5 1
52.00000000000006 24.5 0
50.00000000000006 24.5 1
49.99999999999997 15.5 0
50.99999999999998 15.5 1
51.00000000000006 24.5 0
74.50000000000001 17.04031242374328 0
75 16.6403124237433 1
75.00000000000043 62.5 0
76.00000000000043 62.5 1
75.99999999999997 15.8403124237433 0
76.99999999999997 15.04031242374331 1
77.00000000000043 62.5 0
78.00000000000043 62.5 1
77.99999999999997 14.24031242374331 0
78.99999999999997 13.44031242374331 1
79.00000000000043 62.5 0
80.00000000000043 62.5 1
80 17.5 0
81 17.5 1
81.00000000000043 62.5 0
82.00000000000043 62.5 1
82 17.5 0
83 17.5 1
83.00000000000043 62.5 0
84.00000000000043 62.5 1
84.00000000000034 54.5 0
83.5 54 1
88.5 54 0
88.5 53 1
83.5 53 0
74.00000000000043 62.5 1
73.99999999999997 15.5 0
72.99999999999997 15.5 1
73.00000000000043 62.5 0
72.00000000000043 62.5 1
71.99999999999997 15.5 0
70.99999999999997 15.5 1
71.00000000000043 62.5 0
70.00000000000043 62.5 1
69.99999999999997 15.5 0
68.99999999999997 15.5 1
69.00000000000043 62.5 0
68.00000000000043 62.5 1
67.99999999999997 15.5 0
66.99999999999997 15.5 1
67.00000000000043 62.5 0
53.5 51.5 0