53.5 51.5 0
53.5 51.5 1
53.5 24.5 1
49.5 24.5 1
49.5 15.5 1
74.5 15.5 1
74.50000000000001 17.04031242374328 1
79.5 13.04031242374328 1
79.5 17.5 1
85.5 17.5 1
85.5 36.5 1
83.5 36.5 0
84.00000000000017 36.5 1
84 17.5 0
85 17.5 1
85.00000000000017 36.5 0
83.5 36.5 1
83.5 52.5 1
88.5 52.5 1
88.5 54.5 1
84.5 54.5 1
84.5 62.5 1
66.5 62.5 0
66.5 72 1
85.5 72 0
85.5 73 1
66.5 73 0
66.5 74 1
85.5 74 0
85.5 75 1
66.5 75 0
66.5 76 1
85.5 76 0
85.5 77 1
66.5 77 0
66.5 78 1
85.5 78 0
85.5 79 1
66.5 79 0
66.5 80 1
85.5 80 0
85.5 81 1
66.5 81 0
66.5 82 1
85.5 82 0
85.5 83 1
66.5 83 0
67.67157287525382 83.5 1
66.5 84.67157287525382 0
66.5 86.08578643762692 1
69.08578643762692 83.5 0
69.79289321881346 83.5 1
65.50000000000001 87.79289321881346 1
65.5 90.5 1
55.5 90.5 1
55.5 85.5 1
29.5 85.5 1
29.5 89.5 1
22.5 89.5 1
22.5 73.5 1
28.5 73.5 1
28.5 78.5 0
28 73.5 1
28 89.5 0
27 89.5 1
27 73.5 0
26 73.5 1
26 89.5 0
25 89.5 1
25 73.5 0
24 73.5 1
24 89.5 0
23 89.5 1
23 73.5 0
28.5 78.5 1
37.5 78.5 1
37.5 74.5 1
52.5 74.5 0
52.5 75 1
37.5 75 0
52.5 79 1
29.5 79 0
29 78.5 1
29 89.5 0
29.5 85.5 0
29.5 85 1
52.5 85 0
52.5 84 1
29.5 84 0
29.5 83 1
52.5 83 0
52.5 82 1
29.5 82 0
29.5 81 1
52.5 81 0
52.5 80 1
29.5 80 0
37.5 78.5 0
37.5 78 1
52.5 78 0
52.5 77 1
37.5 77 0
37.5 76 1
52.5 76 0
53.5 51.5 0