53.5 51.5 0
52.5 53 1
14.5 53 0
14.5 54 1
52.5 54 0
52.5 55 1
14.5 55 0
14.5 56 1
52.5 56 0
52.5 57 1
35.5 57 0
35.5 58 1
52.5 58 0
52.5 59 1
35.5 59 0
35.5 60 1
52.5 60 0
52.5 60.5 1
41.5 60.5 0
41.5 61 1
35.5 61 0
35.5 62 1
41.5 62 0
41.5 60.5 1
41.5 62.5 1
35.5 62.5 1
35.5 56.5 1
14.5 56.5 1
14.5 51.5 1
18.06752080632555 51.50000000000001 1
12.5 44.81897503240933 1
12.5 19.5 1
33.5 19.5 1
33.50000000000001 24.267591879244 0
34.59861218113402 25 1
12.5 25 0
12.5 24 1
33.5 24 0
33.5 21 1
12.5 21 0
12.5 20 1
33.5 20 0
33.5 22 1
12.5 22 0
12.5 23 1
33.5 23 0
33.50000000000001 24.267591879244 1
39.848612181134 28.5 1
45.5 28.5 1
45.5 43.5 1
50.5 43.5 1
50.5 51.5 1
53.5 51.5 0
53.5 51.5 0