53.5 51.5 0
53.99999999999997 15.5 1
54.00000000000063 85.5 0
55.00000000000063 85.5 1
54.99999999999997 15.5 0
55.99999999999997 15.5 1
56.00000000000067 90.5 0
57.00000000000067 90.5 1
56.99999999999998 15.5 0
57.99999999999997 15.5 1
58.00000000000067 90.5 0
59.00000000000067 90.5 1
58.99999999999998 15.5 0
59.99999999999997 15.5 1
60.00000000000067 90.5 0
61.00000000000067 90.5 1
60.99999999999998 15.5 0
61.99999999999997 15.5 1
62.00000000000067 90.5 0
63.00000000000067 90.5 1
62.99999999999998 15.5 0
63.99999999999997 15.5 1
64.00000000000068 90.5 0
65.00000000000068 90.5 1
64.99999999999997 15.5 0
65.99999999999997 15.5 1
66.00000000000065 87.29289321881282 0
66.5 86.79289321881348 1
66.5 83.5 1
69.79289321881346 83.5 1
80.5 83.5 0
80.5 84 1
85.5 84 0
85.5 85 1
80.5 85 0
80.5 83.5 1
80.5 85.5 1
85.5 85.5 1
85.5 71.5 1
66.5 71.5 1
66.5 62.5 0
53.5 51.5 0