18.9487 84.7595
12.4403 83.5633
11.2325 88.2089
17.7665 89.7837

32.3324 43.6673
30.4101 33.5642
14.3797 37.0475
12.4973 48.2935

37.0102 87.2603
22.0908 85.0231
24.9673 91.7542
36.2311 93.9877

58.8142 89.984
52.9226 86.1562
47.8804 92.9012
53.5364 97.0013

78.1675 75.4145
62.194 67.6514
55.8603 78.7844
54.4157 78.0246
51.4576 82.3602
59.6099 84.7139
67.1616 84.6085
74.0256 81.2806

85.5899 59.7636
81.7143 54.1245
76.1743 57.987
79.7262 63.4673

75.5584 46.8687
60.7449 42.6768
57.9034 49.7008
74.0551 53.2452

91.9727 84.1051
85.6681 80.7629
83.9237 83.6571
90.3246 86.7488