41.9106 58.2765 0
40.37564156064461 64.5 1
100 64.5 0
100 67.5 1
43.666354028838 67.5 0
44.4083 68.1764 1
38.2007 62.5172 1
22.1711 55.6979 0
28.08611630196936 52.5 1
0 52.5 0
0 49.5 1
26.85283086261897 49.5 0
25.61954542326857 46.5 1
0 46.5 0
0 1.5 1
100 1.5 0
100 4.5 1
0 4.5 0
0 7.5 1
100 7.5 0
100 10.5 1
0 10.5 0
0 13.5 1
100 13.5 0
100 16.5 1
0 16.5 0
0 19.5 1
100 19.5 0
100 22.5 1
0 22.5 0
0 25.5 1
100 25.5 0
100 28.5 1
0 28.5 0
0 31.5 1
100 31.5 0
100 34.5 1
0 34.5 0
0 37.5 1
100 37.5 0
100 40.5 1
34.28549283100314 40.5 0
33.88160000000001 39.55840000000001 1
24.2714 43.2206 0
24.38625998391817 43.5 1
0 43.5 0
0 40.5 1
31.41069062312271 40.5 0
33.88160000000001 39.55840000000001 0
35.57232215662914 43.5 1
100 43.5 0
100 46.5 1
36.85915148225514 46.5 0
38.14598080788114 49.5 1
100 49.5 0
100 52.5 1
39.43281013350715 52.5 0
41.9106 58.2765 0