56.5 46.5 0
56.5 46.5 1
79.5 46.5 1
83.5 42.5 1
83.5 41.5 0
83.5 41 1
106.4103761792465 41 0
105.7853761792465 40 1
83.5 40 0
83.5 39 1
105.1603761792465 39 0
104.5353761792465 38 1
83.5 38 0
83.5 37 1
103.9103761792465 37 0
103.2853761792465 36 1
83.5 36 0
83.5 35 1
102.6603761792465 35 0
102.0353761792465 34 1
83.5 34 0
83.5 32 1
103.5 32 0
103.5 31 1
83.5 31 0
83.5 28 1
103.5 28 0
103.5 27 1
83.5 27 0
83.5 29 1
103.5 29 0
103.5 30 1
83.5 30 0
83.5 33 1
101.4103761792465 33 0
101.0978761792465 32.5 1
103.5 32.5 1
103.5 26.5 1
98.5 26.5 1
98.5 13.5 1
90.5 13.5 1
90.5 15.5 0
90.5 14 1
98.5 14 0
98.5 15 1
90.5 15 0
90.5 15.5 1
59.5 15.5 1
59.5 20.5 1
56.5 20.5 1
56.5 26.5 1
46.5 26.5 1
46.5 59.5 1
42.5 59.5 0
42.5 56 1
9.5 56 0
9.5 55 1
42.5 55 0
42.5 53 1
9.5 53 0
9.5 54 1
42.5 54 0
42.5 57 1
34.5 57 0
34.5 58 1
42.5 58 0
42.5 59 1
34.5 59 0
34.5 60 1
57.5 60 0
57.5 61 1
38.5 61 0
38.5 62 1
57.5 62 0
57.5 63 1
38.5 63 0
38.5 64 1
57.5 64 0
57.5 65 1
35.5 65 0
35.5 66 1
57.5 66 0
57.5 67 1
35.5 67 0
35.5 68 1
57.5 68 0
57.5 69 1
35.5 69 0
35.5 69.5 1
35.5 64.5 1
38.5 64.5 1
38.5 60.5 1
34.5 60.5 1
34.5 56.5 1
22.5 56.5 0
22.5 57 1
9.5 57 0
22.5 59 1
9.5 59 0
9.5 58 1
22.5 58 0
22.5 56.5 1
22.5 59.5 1
9.5 59.5 1
9.5 43.20710678118655 1
14.20710678118654 38.5 1
17.5 38.5 1
17.5 39.5 0
17.5 39 1
13.70710678118655 39 0
12.70710678118655 40 1
39.5 40 0
39.5 39.5 1
44.5 39.5 1
44.5 34.5 1
30.18102496759067 34.5 1
24.18102496759066 39.5 1
17.5 39.5 0
24.18102496759066 39.5 0
24.78102496759066 39 1
44.5 39 0
44.5 38 1
25.98102496759066 38 0
27.18102496759067 37 1
44.5 37 0
44.5 36 1
28.38102496759066 36 0
29.58102496759066 35 1
44.5 35 0
39.5 39.5 1
39.5 51.5 0
42.5 52 1
9.5 52 0
9.5 51 1
39.5 51 0
39.5 50 1
9.5 50 0
9.5 49 1
39.5 49 0
39.5 48 1
9.5 48 0
9.5 47 1
39.5 47 0
39.5 46 1
9.5 46 0
9.5 45 1
39.5 45 0
39.5 44 1
9.5 44 0
9.707106781186553 43 1
39.5 43 0
39.5 41 1
11.70710678118655 41 0
10.70710678118655 42 1
39.5 42 0
39.5 51.5 1
42.5 51.5 1
42.5 59.5 0
38.5 73.5 0
38.5 75 1
19.5 75 0
19.5 76 1
38.5 76 0
38.5 74 1
19.5 74 0
19.5 73 1
57.5 73 0
57 74.5 1
57 73.5 0
57.5 72 1
19.5 72 0
19.5 71 1
57.5 71 0
57.5 70 1
19.5 70 0
35.5 69.5 1
19.5 69.5 1
19.5 76.5 1
38.5 76.5 1
38.5 73.5 1
56.5 73.5 1
56.5 74.5 1
57.5 74.5 1
57.5 58.5 0
57.5 59 1
46.5 59 0
46.5 58 1
87.5 58 0
87.5 58.5 0
95.5 59 1
77.5 59 0
77.5 62 1
95.5 62 0
95.5 63 1
77.5 63 0
77.5 61 1
95.5 61 0
95.5 60 1
77.5 60 0
77.5 58.5 0
57.5 58.5 1
77.5 58.5 1
77.5 73.5 1
101.5 73.5 1
101.5 64.5 1
95.5 64.5 0
101.5 65 1
77.5 65 0
77.5 66 1
101.5 66 0
101.5 67 1
77.5 67 0
77.5 68 1
101.5 68 0
101.5 69 1
77.5 69 0
77.5 72 1
101.5 72 0
101.5 73 1
77.5 73 0
77.5 71 1
101.5 71 0
101.5 70 1
77.5 70 0
77.5 64 1
95.5 64 0
95.5 64.5 1
95.5 58.5 1
87.5 58.5 1
87.5 49.5 1
97.5 49.5 0
97.5 51 1
113.5 51 0
113.5 50 1
97.5 50 0
97.5 49.5 1
97.5 51.5 1
113.5 51.5 1
113.5 41.5 1
106.7228761792465 41.5 1
101.0978761792465 32.5 0
98.5 26.5 0
98.5 26 1
84.5 26 0
84.5 25.5 1
84.5 26.5 1
83.5 26.5 1
83.5 41.5 0
83.5 42 1
113.5 42 0
113.5 43 1
83 43 0
82 44 1
113.5 44 0
113.5 45 1
81 45 0
80 46 1
113.5 46 0
113.5 47 1
46.5 47 0
46.5 48 1
113.5 48 0
113.5 49 1
46.5 49 0
46.5 50 1
87.5 50 0
87.5 51 1
46.5 51 0
46.5 52 1
87.5 52 0
87.5 53 1
46.5 53 0
46.5 54 1
87.5 54 0
87.5 55 1
46.5 55 0
46.5 56 1
87.5 56 0
87.5 57 1
46.5 57 0
46.5 46 1
55.5 46 0
55.5 45 1
46.5 45 0
46.5 44 1
55.5 44 0
55.5 43 1
46.5 43 0
46.5 42 1
55.5 42 0
55.5 41 1
46.5 41 0
46.5 40 1
55.5 40 0
55.5 39 1
46.5 39 0
46.5 38 1
55.5 38 0
55.5 37.5 1
75.5 37.5 1
75.5 23.5 1
75.5 22.5 1
77.5 22.5 1
77.5 21.5 1
78.5 21.5 1
84.5 25.5 0
83.75 25 1
98.5 25 0
98.5 24 1
82.25 24 0
80.75 23 1
98.5 23 0
98.5 22 1
79.25 22 0
78.5 21.5 0
77.5 21.5 0
77.5 22 1
56.5 22 0
56.5 21 1
98.5 21 0
98.5 20 1
59.5 20 0
59.5 17 1
98.5 17 0
98.5 16 1
59.5 16 0
59.5 18 1
98.5 18 0
98.5 19 1
59.5 19 0
59.5 20.5 0
56.5 23 1
75.5 23 0
75.5 24 1
56.5 24 0
56.5 25 1
75.5 25 0
75.5 26 1
56.5 26 0
56.5 26.5 0
46.5 27 1
75.5 27 0
75.5 28 1
46.5 28 0
46.5 29 1
75.5 29 0
75.5 30 1
46.5 30 0
46.5 31 1
75.5 31 0
75.5 32 1
46.5 32 0
46.5 33 1
75.5 33 0
75.5 34 1
46.5 34 0
46.5 35 1
75.5 35 0
75.5 36 1
46.5 36 0
46.5 37 1
75.5 37 0
55.5 37.5 1
55.5 38.5 1
55.5 46.5 1
56.5 46.5 0
56.5 46.5 0