40.0831 68.44999999999999 0
35.5 73.97741630770196 1
35.5 0 0
38.5 0 1
38.5 70.3592868924359 0
40.0831 68.44999999999999 0
40.0831 68.44999999999999 1
33.699 76.14949999999999 0
16.9845 86.5762 1
14.1331 92.6293 0
14.5 91.85042562600827 1
14.5 43.14711136567834 0
13.4517 43.3077 1
12.0789 34.6494 0
14.5 33.75902638825053 1
14.5 0 0
11.5 0 1
11.5 100 0
14.5 100 1
14.5 92.88298091947965 0
17.5 94.95723210083401 1
17.5 100 0
8.5 100 1
8.5 0 0
5.5 0 1
5.5 100 0
2.5 100 1
2.5 0 0
0 0 1
0 100 0
16.9845 86.5762 0
17.5 87.01211989172705 1
17.5 42.68754263252471 0
19.9071 42.3188 1
18.4555 33.1567 0
17.5 32.99588754716981 1
17.5 0 0
20.5 0 1
20.5 89.54899608024533 0
22.8216 91.51220000000001 1
19.4448 96.30189999999999 0
20.5 94.80518967069415 1
20.5 100 0
23.5 100 1
23.5 0 0
26.5 0 1
26.5 100 0
29.5 100 1
29.5 0 0
32.5 0 1
32.5 100 0
35.5 100 1
35.5 77.49098075602978 0
38.5 79.72554059394724 1
38.5 100 0
41.5 100 1
41.5 81.96010043186467 0
44.5 84.19466026978213 1
44.5 100 0
47.5 100 1
47.5 86.42922010769959 0
48.7037 87.32579999999999 1
53.9174 79.97280000000001 0
50.5 84.7924371482824 1
50.5 100 0
53.5 100 1
53.5 80.56146873813222 0
53.9174 79.97280000000001 0
53.5 79.6251411578468 1
53.5 27.34454320488948 0
56.5 28.31758801507689 1
56.5 100 0
59.5 100 1
59.5 19.62592697641531 0
61.0461 14.8624 1
56.6619 28.3701 0
50.5 26.37149839470207 1
50.5 77.12639528707632 0
47.5 74.62764941630584 1
47.5 25.39845358451466 0
44.5 24.42540877432724 1
44.5 72.12890354553537 0
88.52590000000001 73.07509999999999 0
89.5 74.36574745512382 1
89.5 100 0
92.5 100 1
92.5 78.34063952510792 0
93.80709999999999 80.07249999999999 1
88.52590000000001 73.07509999999999 0
89.5 72.53128960482908 1
89.5 0 0
92.5 0 1
92.5 70.85648087316628 0
92.80000000000001 70.68899999999999 1
98.42760000000001 77.19640000000001 0
95.5 79.01872883021318 1
95.5 100 0
98.5 100 1
98.5 0 0
95.5 0 1
95.5 73.81110889188997 0
98.42760000000001 77.19640000000001 0
86.5 100 1
86.5 0 0
83.5 0 1
83.5 100 0
80.5 100 1
80.5 26.37551439516994 0
80.68389999999999 26.3574 1
79.57640000000001 19.2817 0
77.5 19.45058492840018 1
77.5 0 0
80.5 0 1
80.5 25.18248241083521 0
80.68389999999999 26.3574 0
77.5 26.67101839467958 1
77.5 100 0
74.5 100 1
74.5 26.96652239418922 0
74.15809999999999 27.0002 1
73.4032 19.7838 0
74.5 19.69459127842934 1
74.5 0 0
71.5 0 1
71.5 100 0
68.5 100 1
68.5 84.0349705586311 0
67.94499999999999 84.50450000000001 0
65.5 82.17166997909206 1
65.5 100 0
62.5 100 1
62.5 76.52239870972787 0
63.98139999999999 78.2345 1
61.4238 75.27860000000001 1
63.7972 72.5771 0
62.5 74.0536255751243 1
62.5 28.34741146728062 0
65.5 30.65751507128309 1
65.5 73.43631657485818 0
67.4461 74.41829999999999 1
70.7268 82.15110000000001 0
68.5 76.90240336818363 1
68.5 32.96761867528558 0
69.1754 33.4877 1
68.9178 19.8814 0
68.5 19.89270824911135 1
68.5 0 0
65.5 0 1
65.5 19.97390678270172 0
62.5 20.05510531629208 1
62.5 0 0
59.5 0 1
59.5 14.40824694313057 0
56.5 13.52702375536245 1
56.5 0 0
53.5 0 1
53.5 12.64580056759432 0
50.5 11.7645773798262 1
50.5 0 0
47.5 0 1
47.5 10.88335419205808 0
47.4096 10.8568 1
43.34350000000001 24.0503 0
44.5 20.29774036054204 1
44.5 0 0
41.5 0 1
41.5 69.63015767476489 0
40.0831 68.44999999999999 0