63.7942 16.3663 0
68.11235712575552 94.5 1
0 94.5 0
0 91.5 1
68.17742372982806 91.5 0
68.24249033390061 88.5 1
0 88.5 0
0 85.5 1
100 85.5 0
100 100 1
0 100 0
0 97.5 1
100 97.5 0
100 94.5 1
76.26891867420176 94.5 0
76.18730239841764 91.5 1
100 91.5 0
100 88.5 1
76.1056861226335 88.5 0
76.0806 87.5779 1
68.24770000000001 88.25980000000001 0
100 82.5 1
0 82.5 0
0 79.5 1
100 79.5 0
100 76.5 1
0 76.5 0
0 73.5 1
100 73.5 0
100 70.5 1
0 70.5 0
0 67.5 1
100 67.5 0
100 64.5 1
0 64.5 0
0 61.5 1
100 61.5 0
100 58.5 1
0 58.5 0
0 55.5 1
100 55.5 0
100 52.5 1
0 52.5 0
0 49.5 1
100 49.5 0
100 46.5 1
0 46.5 0
0 43.5 1
100 43.5 0
100 40.5 1
0 40.5 0
0 37.5 1
100 37.5 0
100 34.5 1
0 34.5 0
0 31.5 1
100 31.5 0
100 28.5 1
0 28.5 0
0 25.5 1
100 25.5 0
100 22.5 1
0 22.5 0
0 19.5 1
80.44970401678148 19.5 0
63.7942 16.3663 0