29.0221 64.36699999999999 0
25.8233 61.73139999999999 0
0 61.5 1
81.99074295892089 61.5 0
82.91692315067445 58.5 1
0 58.5 0
0 55.5 1
83.84310334242798 55.5 0
84.17269999999999 54.4324 1
100 54.4324 0
100 52.5 1
0 52.5 0
0 1.5 1
100 1.5 0
100 4.5 1
0 4.5 0
0 7.5 1
100 7.5 0
100 10.5 1
0 10.5 0
0 13.5 1
100 13.5 0
100 16.5 1
0 16.5 0
0 19.5 1
100 19.5 0
100 22.5 1
0 22.5 0
0 25.5 1
100 25.5 0
100 28.5 1
0 28.5 0
0 31.5 1
100 31.5 0
100 34.5 1
0 34.5 0
0 37.5 1
100 37.5 0
100 40.5 1
0 40.5 0
0 43.5 1
100 43.5 0
100 46.5 1
0 46.5 0
0 49.5 1
100 49.5 0
92.5 54.4324 1
92.5 60.38166560625635 0
90.60130000000001 57.6323 1
90.60130000000001 54.4324 0
87.53888252516413 54.4324 1
90.60130000000001 55.95674895276224 0
90.60130000000001 57.6323 1
94.93610000000001 63.9092 1
96.19069999999999 71.35669999999999 0
95.5 67.25659777618364 1
95.5 54.4324 0
98.5 54.4324 1
98.5 79.7724 0
100 79.7724 1
95.1063 79.7724 0
96.19069999999999 79.7724 1
96.19069999999999 71.35669999999999 1
95.1063 79.7724 1
90.3708 77.5093 0
84.43513683114949 73.5 1
28.22937475634572 73.5 0
29.06881812599634 67.5 1
80.13838257541383 67.5 0
81.06456276716736 64.5 1
28.91449808707124 64.5 0
29.0221 64.36699999999999 0