29.0221 64.36699999999999 0
29.4336 67.14580000000001 1
25.945 70.53319999999999 0
25.97919186396646 70.5 1
79.2122023836603 70.5 0
78.93369999999999 71.40209999999999 1
90.9016 75.9659 0
90.71791444861992 76.5 1
29.66400880892456 76.5 0
27.79148313039929 79.5 1
94.53630742344572 79.5 0
100 82.5 1
25.91895745187402 82.5 0
30.3707 75.36779999999999 1
27.1594 72.5667 1
14.3874 84.05789999999999 1
20.1966 88.14750000000001 1
24.8651 84.1884 0
23.3184847086459 85.5 1
100 85.5 0
100 88.5 1
0 88.5 0
0 91.5 1
100 91.5 0
100 94.5 1
0 94.5 0
0 97.5 1
100 97.5 0
100 100 1
0 100 0
16.43587596830986 85.5 1
0 85.5 0
0 82.5 1
16.11894229323308 82.5 0
19.45331990392648 79.5 1
0 79.5 0
0 76.5 1
22.78769751461989 76.5 0
26.12207512531328 73.5 1
0 73.5 0
0 70.5 1
25.89861128723437 70.5 0
25.945 70.53319999999999 1
21.4935 67.34729999999999 0
21.70686013371418 67.5 1
0 67.5 0
0 64.5 1
23.68873843729411 64.5 0
25.8233 61.73139999999999 1
29.0221 64.36699999999999 0
29.0221 64.36699999999999 0