67.5 39.5 0
67.5 39.5 1
67.5 34.5 1
58.5 34.5 1
58.5 31.5 1
62.5 31.5 1
62.5 27.5 1
57.5 27.5 1
57.5 19.5 0
57.5 20 1
47.5 20 0
47.5 17 1
89.5 17 0
89.5 18 1
47.5 18 0
47.5 19 1
89.5 19 0
89.5 20 1
66.61445180478876 20 0
67.32873751907448 21 1
89.5 21 0
89.5 21.18102496759067 0
90.18247919367445 22 1
68.0430232333602 22 0
69.47159466193162 24 0
70.18588037621734 25 1
92.68247919367445 25 0
93.5158125270078 26 1
70.90016609050306 26 0
69.47159466193162 24 1
91.84914586034111 24 0
91.01581252700777 23 1
68.75730894764591 23 0
68.0430232333602 22 0
67.32873751907448 21 0
66.61445180478876 20 0
66.25730894764591 19.5 0
57.5 19.5 1
66.25730894764591 19.5 1
71.25730894764591 26.5 1
93.93247919367445 26.5 1
89.5 21.18102496759067 1
89.5 15.5 0
93.5 15 1
47.5 15 0
47.5 16 1
89.5 16 0
89.5 15.5 1
93.5 15.5 1
93.5 12.5 1
77.5 12.5 1
77.5 14.5 0
77.5 13 1
93.5 13 0
93.5 14 1
77.5 14 0
77.5 14.5 1
47.5 14.5 1
47.5 31.5 1
36.5 31.5 1
36.5 11.5 1
26.5 11.5 1
26.5 15.5 1
9.5 15.5 1
9.5 21.5 1
20.5 21.5 1
20.5 26.5 1
27.5 26.5 0
27.5 27 1
36.5 27 0
36.5 15 1
26.5 15 0
26.5 14 1
36.5 14 0
36.5 12 1
26.5 12 0
26.5 13 1
36.5 13 0
36.5 16 1
9.5 16 0
9.5 17 1
36.5 17 0
36.5 18 1
9.5 18 0
9.5 19 1
36.5 19 0
36.5 20 1
9.5 20 0
9.5 21 1
36.5 21 0
36.5 22 1
20.5 22 0
20.5 23 1
36.5 23 0
36.5 24 1
20.5 24 0
20.5 25 1
36.5 25 0
36.5 26 1
20.5 26 0
27.5 26.5 1
27.5 32.77731879764632 1
38.30297911372632 42.5 1
38.30297911372632 39.5 0
39 39.5 1
39 53.5 0
40 53.5 1
40 39.5 0
41 39.5 1
41 53.5 0
42 53.5 1
42 39.5 0
36.5 31.5 0
36.5 29 1
27.5 29 0
27.5 28 1
36.5 28 0
36.5 30 1
27.5 30 0
27.5 31 1
36.5 31 0
36.5 31.5 0
47.5 31.5 0
47.5 31 1
62.5 31 0
62.5 30 1
47.5 30 0
47.5 29 1
62.5 29 0
62.5 28 1
47.5 28 0
47.5 27 1
57.5 27 0
57.5 26 1
47.5 26 0
47.5 25 1
57.5 25 0
57.5 22 1
47.5 22 0
47.5 21 1
57.5 21 0
57.5 23 1
47.5 23 0
47.5 24 1
57.5 24 0
57.5 27.5 0
58.5 32 1
27.5 32 0
27.74742355817077 33 1
58.5 33 0
58.5 34 1
28.85853466928187 34 0
29.96964578039299 35 1
67.5 35 0
67.5 36 1
31.08075689150409 36 0
32.19186800261521 37 1
67.5 37 0
67.5 38 1
33.30297911372632 38 0
34.41409022483744 39 1
67.5 39 0
67.5 39.5 0