67.5 39.5 0
72.5 49.5 1
72.5 59.5 1
79.5 59.5 1
79.5 69.75968757625671 1
74.82460947032089 73.5 1
67.5 73.5 0
67.5 79 1
50.5 79 0
50.5 80 1
67.5 80 0
67.5 82 1
50.5 82 0
50.5 81 1
67.5 81 0
67.5 78 1
50.5 78 0
50.5 77 1
67.5 77 0
67.5 76 1
50.5 76 0
50.5 75 1
67.5 75 0
67.5 74 1
50.9021532723382 74 0
52.04501041519534 73 1
75.44960947032089 73 0
76.69960947032089 72 1
53.18786755805249 72 0
54.33072470090963 71 1
77.94960947032089 71 0
79.19960947032089 70 1
55.47358184376677 70 0
56.61643898662392 69 1
79.5 69 0
79.5 68 1
57.5 68 0
57.5 67 1
79.5 67 0
79.5 66 1
57.5 66 0
57.5 65 1
79.5 65 0
79.5 64 1
57.5 64 0
57.5 63 1
79.5 63 0
79.5 62 1
57.5 62 0
57.5 61 1
79.5 61 0
79.5 60 1
57.5 60 0
57.5 59 1
72.5 59 0
67.5 73.5 1
67.5 82.5 1
50.5 82.5 1
50.5 74.5 1
50.33072470090963 74.5 1
57.5 68.22688411329592 1
57.5 53.5 1
49.5 53.5 1
49.5 50.5 1
51.5 50.5 0
51.5 50 1
72.5 50 0
72.5 52 1
49.5 52 0
49.5 53 1
72.5 53 0
72.5 58 1
57.5 58 0
57.5 57 1
72.5 57 0
72.5 56 1
57.5 56 0
57.5 55 1
72.5 55 0
72.5 54 1
57.5 54 0
57.5 53.5 0
51.5 49 1
84.5 49 0
84.5 48 1
51.5 48 0
51.5 47 1
84.5 47 0
84.5 46.5 0
93 46.5 1
93 70.5 0
94 70.5 1
94 46.5 0
95 46.5 1
95 70.5 0
96 70.5 1
96 46.5 0
69.5 37 1
78.5 37 0
78.5 38 1
69.5 38 0
69.5 39.5 0
67.5 39.5 0