67.5 39.5 0
51.5 41 1
115.1704369859013 41 0
113.3704369859013 42 1
51.5 42 0
51.5 43 1
111.5704369859013 43 0
109.7704369859013 44 1
51.5 44 0
51.5 45 1
108.5 45 0
108.5 47.5 1
108.5 44.70579832550072 1
117.5 39.70579832550073 1
117.5 34.5 1
107.5 34.5 1
107.5 25.5 1
119.5 25.5 1
119.5 21.5 0
119.5 22 1
99.5 22 0
99.5 23 1
119.5 23 0
119.5 24 1
99.5 24 0
99.5 25 1
119.5 25 0
116.5 9.5 1
116.5 8.5 1
121.5 8.5 1
121.5 12.5 1
123.5 12.5 1
123.5 21.5 1
119.5 21.5 0
123.5 21 1
99.5 21 0
99.5 20 1
123.5 20 0
123.5 19 1
99.5 19 0
99.5 18.5 1
96.5 18.5 1
96.5 9.5 1
116.5 9.5 0
116.5 9 1
121.5 9 0
121.5 10 1
96.5 10 0
96.5 11 1
121.5 11 0
121.5 12 1
96.5 12 0
96.5 13 1
123.5 13 0
123.5 14 1
96.5 14 0
96.5 15 1
123.5 15 0
123.5 16 1
96.5 16 0
96.5 17 1
123.5 17 0
123.5 18 1
96.5 18 0
99.5 18.5 1
99.5 38.5 0
99.5 33 1
107.5 33 0
107.5 32 1
99.5 32 0
99.5 31 1
107.5 31 0
107.5 30 1
99.5 30 0
99.5 27 1
107.5 27 0
107.5 26 1
99.5 26 0
99.5 28 1
107.5 28 0
107.5 29 1
99.5 29 0
107.5 34 1
99.5 34 0
99.5 35 1
117.5 35 0
117.5 36 1
99.5 36 0
99.5 37 1
117.5 37 0
117.5 38 1
99.5 38 0
99.5 38.5 1
83.5 38.5 1
83.5 35.5 1
82.5 35.5 1
82.5 39.5 1
78.5 39.5 0
78.5 39 1
69.5 39 0
69.5 39.5 0
67.5 39.5 0