54.18559999999999 49.1956 0
55.66630401881984 46.49999999999999 1
0 46.49999999999999 0
0 43.5 1
57.31421619290336 43.5 0
58.96212836698687 40.5 1
32.92268222699154 40.5 0
33.3428 39.13460000000001 1
3.47461 30.6914 1
0 30.6914 1
0 43.0951 1
1.49939 43.0951 1
32.1242 43.0951 0
26.35715792854509 43.0951 1
1.49939 36.39916716809869 0
1.49939 39.50610150429604 1
14.82307378563525 43.0951 0
0 70.5 1
100 70.5 0
100 67.5 1
0 67.5 0
0 64.5 1
29.76027016781835 64.5 0
27.89807865745311 61.49999999999999 1
0 61.49999999999999 0
0 58.49999999999999 1
31.34460636295069 58.49999999999999 0
27.646 61.0939 1
32.3721 57.7794 0
32.92969525838409 58.49999999999999 1
65.31676548133595 58.49999999999999 0
63.6284 60.6277 1
61.2214 61.9995 0
62.09783716285175 61.49999999999999 1
51.26361707183331 61.49999999999999 0
56.3779 85.44239999999999 1
63.9948 81.07579999999999 0
64.6978156415091 82.5 1
100 82.5 0
100 79.5 1
0 79.5 0
0 76.5 1
100 76.5 0
100 73.5 1
0 73.5 0
0 94.49999999999997 1
100 94.49999999999997 0
100 97.49999999999997 1
0 97.49999999999997 0
0 100 1
100 100 0
100 91.49999999999997 1
58.06974117856862 91.49999999999997 0
57.07810000000001 92.0095 1
66.9007 86.96270000000001 0
66.17867993341147 85.5 1
100 85.5 0
100 88.49999999999997 1
63.90864900134741 88.49999999999997 0
57.07810000000001 92.0095 0
57.02377588433251 91.49999999999997 1
0 91.49999999999997 0
0 88.49999999999997 1
56.70390866744835 88.49999999999997 0
56.38404145056417 85.5 1
0 85.5 0
0 82.5 1
61.51048978610363 82.5 0
58.97764960648449 52.49999999999999 1
0 52.49999999999999 0
0 55.49999999999999 1
87.79511675524475 55.49999999999999 0
88.63763423776223 58.49999999999999 1
66.07090368434805 58.49999999999999 0
65.64789999999999 58.0827 1
70.691 63.0578 0
69.11190788526864 61.49999999999999 1
89.48015172027971 61.49999999999999 0
90.08799999999999 63.6644 1
97.19749999999999 61.5082 1
97.84886044683978 63.6644 0
100 64.5 1
69.46445843207556 64.5 0
68.74590000000001 65.3449 1
65.91849999999999 66.81880000000001 0
63.65849637291721 64.5 1
51.16080222993968 64.5 0
51.1315 65.35499999999999 1
44.05759999999999 64.85980000000001 0
44.09451196158324 64.5 1
39.09232076726342 64.5 0
39.2449 64.72049999999999 1
36.13379999999999 66.9359 0
44.40228262514552 61.49999999999999 1
37.01641283887467 61.49999999999999 0
36.5393 60.8105 1
35.33240000000001 61.60509999999999 0
35.49203401711554 61.49999999999999 1
35.25107435240609 61.49999999999999 0
36.5393 60.8105 0
44.4806 60.7366 1
46.0338 60.88200000000001 1
46.5665 58.85509999999999 0
40.73847891510312 37.5 1
59.52817757630162 37.5 0
61.8918221005386 34.5 1
46.41802563626231 34.5 0
54.18559999999999 49.1956 1
59.7319 53.0201 0
60.06031253447932 52.49999999999999 1
72.46946067348165 52.49999999999999 0
73.37469999999999 54.346 0
92.92779999999999 52.97969999999999 0
94.02633882786637 55.49999999999999 1
100 55.49999999999999 0
100 56.4057 1
100 63.6644 0
99.41580892666497 63.6644 1
97.2230484798252 56.4057 0
100 52.49999999999999 1
76.43475015510205 52.49999999999999 0
73.37469999999999 54.346 1
78.4513 51.2835 0
77.52860649003117 49.49999999999999 1
83.87371969977949 49.49999999999999 0
79.72638386460872 46.49999999999999 1
75.43456619701703 46.49999999999999 0
75.14959999999999 46.1866 1
70.602 48.6918 0
70.998324173181 49.49999999999999 1
61.95463594043575 49.49999999999999 0
63.84895934639216 46.49999999999999 1
74.58069618393742 46.49999999999999 0
74.904 43.0117 0
77.08224683562756 40.5 1
62.73391105305174 40.5 0
62.4151 40.25830000000001 1
66.05009999999999 43.0141 0
65.74328275234859 43.5 1
75.57904802943796 43.5 0
74.904 43.0117 1
84.37139999999999 49.86 0
84.63228817904627 49.49999999999999 1
100 49.49999999999999 0
100 46.49999999999999 1
86.80635633776524 46.49999999999999 0
87.86519999999999 45.0389 1
79.0684 38.2098 0
82.01848586197301 40.5 1
100 40.5 0
100 43.5 1
85.88288966335242 43.5 0
81.67699999999999 35.3231 1
89.3948 34.971 0
100 7.499999999999998 1
0 7.499999999999998 0
0 4.5 1
100 4.5 0
100 1.5 1
0 1.5 0
0 10.5 1
33.47659199459237 10.5 0
33.2924 9.865960000000001 1
39.1592 7.60568 0
40.10605113530481 10.5 1
100 10.5 0
100 13.5 1
41.08747454595547 13.5 0
41.2728 14.0665 1
35.1662 16.3161 0
34.34810796168765 13.5 1
20.79816067457376 13.5 0
20.94933932542624 16.5 1
100 16.5 0
100 19.5 1
84.36368634323324 19.5 0
83.4306 18.6727 1
88.2801 22.9724 0
87.74729450194198 22.49999999999999 1
100 22.49999999999999 0
100 25.49999999999999 1
88.51492037237676 25.49999999999999 0
88.79362788825364 28.49999999999999 1
100 28.49999999999999 0
100 31.49999999999999 1
89.07233540413048 31.49999999999999 0
89.35104292000733 34.5 1
100 34.5 0
100 37.5 1
63.98851343319562 37.5 0
65.69979947879867 34.5 1
81.64556972200234 34.5 0
81.53101397665796 31.49999999999999 1
67.4110855244017 31.49999999999999 0
69.12237157000473 28.49999999999999 1
81.41645823131358 28.49999999999999 0
81.30190248596918 25.49999999999999 1
43.30018908885957 25.49999999999999 0
41.74118208205772 22.49999999999999 1
81.1873467406248 22.49999999999999 0
81.0727909952804 19.5 1
40.18217507525587 19.5 0
39.52760000000001 18.2404 0
37.39571256536061 19.5 1
0 19.5 0
0 22.49999999999999 1
32.31817818625758 22.49999999999999 0
32.1799 22.5817 1
39.52760000000001 18.2404 0
44.85919609566142 28.49999999999999 1
66.61911114901258 28.49999999999999 0
64.25546662477558 31.49999999999999 1
46.41820310246327 31.49999999999999 0
47.6414 33.85380000000001 1
40.5077 37.6219 0
40.44020363558995 37.5 1
27.56033086815423 37.5 0
38.7790954056462 34.5 1
16.94769940141177 34.5 0
14.2077 18.671 0
14.19715083196355 16.5 1
0 16.5 0
0 13.5 1
14.18257344637656 13.5 0
14.2077 18.671 0
33.79577071581495 25.49999999999999 1
0 25.49999999999999 0
0 28.49999999999999 1
35.4568789457587 28.49999999999999 0
37.11798717570245 31.49999999999999 1
6.335067934669301 31.49999999999999 0
3.47461 30.6914 0
1.49939 31.35244279287591 1
1.813692035323487 30.6914 0
1.49939 30.6914 1
1.49939 43.0951 0
1.49939 42.61303584049341 1
3.288989642725414 43.0951 0
0 49.49999999999999 1
54.62704168388024 49.49999999999999 0
54.18559999999999 49.1956 0