61.1746 48.1362 0
60.4074 44.18380000000001 0
65.82925050997281 43.5 1
0 43.5 0
0 40.5 1
100 40.5 0
100 37.5 1
50.00349624398572 37.5 0
49.61969999999999 38.5536 1
32.0834 32.0592 0
26.81897333255733 28.5 1
33.33849430167353 28.5 0
32.28059283364122 31.5 1
29.40535442905366 31.5 0
31.1059 33.4725 0
30.09056916548798 34.5 1
38.67409368070953 34.5 0
0 76.5 1
100 76.5 0
100 79.5 1
0 79.5 0
0 82.5 1
100 82.5 0
100 85.5 1
0 85.5 0
0 88.5 1
100 88.5 0
100 91.5 1
0 91.5 0
0 94.5 1
100 94.5 0
100 97.5 1
0 97.5 0
0 100 1
100 100 0
100 49.5 1
28.71574108498785 49.5 0
31.72984119469122 52.5 1
100 52.5 0
100 55.5 1
34.74394130439458 55.5 0
46.77474963045086 37.5 1
27.12609957567185 37.5 0
25.8662 38.77500000000001 0
24.63254432490832 37.5 1
0 37.5 0
0 34.5 1
21.72982508939848 34.5 0
19.5076 32.2033 0
18.96353613815938 31.5 1
0 31.5 0
0 28.5 1
16.64277460606517 28.5 0
25.45700313079393 52.5 1
0 52.5 0
0 55.5 1
22.47106683197419 55.5 0
21.9757 55.99769999999999 1
26.6346 58.60299999999999 0
26.45041134610218 58.5 1
0 58.5 0
0 61.5 1
100 61.5 0
100 58.5 1
37.75804141409796 58.5 0
37.92019999999999 58.6614 0
37.53620119586296 58.5 1
26.70371575087566 58.5 0
30.39867695539754 55.5 1
28.7167958734676 55.5 0
29.0868 54.9486 1
37.92019999999999 58.6614 1
28.5787 49.36360000000001 0
28.44293942961366 49.5 1
0 49.5 0
0 46.5 1
60.85699736868737 46.5 0
61.1746 48.1362 0