53.7193 45.6985 0
55.31829849210573 46.5 1
49.12953671159715 46.5 0
49.80743599949135 49.5 1
61.30332092044907 49.5 0
67.18540172413793 73.5 1
100 73.5 0
100 76.5 1
73.37505689655171 76.5 0
100 70.5 1
60.99574655172414 70.5 0
54.80609137931035 67.5 1
100 67.5 0
100 64.5 1
33.65850680319821 64.5 0
33.611 64.38300000000001 1
28.6901 65.33080000000001 0
18.88690129438938 40.5 1
0 40.5 0
0 43.5 1
25.57235571536715 43.5 0
30.7603 45.20310000000001 1
23.5171 42.8253 1
11.1026 36.5907 0
12.91322214897507 37.5 1
0 37.5 0
0 34.5 1
12.072027616552 34.5 0
13.46308460686911 31.5 1
0 31.5 0
0 28.5 1
75.22630539214731 28.5 0
68.8573670607463 10.5 1
100 10.5 0
100 13.5 1
66.47278876559986 13.5 0
65.75049999999999 14.4087 1
62.3759 14.0257 0
62.51411205085334 13.5 1
0 13.5 0
0 16.5 1
22.87050401276391 16.5 0
22.02231587620754 19.5 1
0 19.5 0
0 22.5 1
22.80256983723296 22.5 0
22.2435 24.9732 1
27.808 26.5087 0
28.14828691911413 25.5 1
77.49372820125222 25.5 0
79.76115101035714 22.5 1
29.16034279037655 22.5 0
29.7136 20.86 0
28.88807195684669 19.5 1
100 19.5 0
100 16.5 1
27.06705421459674 16.5 0
26.9116 16.2439 0
23.2227 15.2543 1
26.9116 16.2439 0
45.54713057653055 10.5 1
0 10.5 0
0 7.5 1
46.75683274606399 7.5 0
44.8605 9.871759999999998 1
46.8203 11.6649 0
47.82970660769296 10.5 1
61.80352628001529 10.5 0
50.42926006556822 7.5 1
62.39372629094059 7.5 0
62.559 6.65991 1
69.94640000000001 7.779960000000001 0
68.09989626891655 7.5 1
100 7.5 0
100 4.5 1
0 4.5 0
0 1.5 1
100 1.5 0
100 37.11049838621487 1
99.89794245327795 37.4252 0
96.74413032376998 37.4252 1
100 27.3854971627931 0
98.48214773877268 22.3409 1
93.59031819426198 37.4252 0
90.43650606475398 37.4252 1
95.32833560926471 22.3409 0
92.76410000000001 25.3854 1
79.88140000000001 22.3409 0
80.55462633273115 22.5 1
93.69983350886227 22.5 0
93.7514295445107 22.3409 1
100 22.3409 1
100 37.4252 0
100 37.5 1
48.62816456013837 37.5 0
48.15560000000001 35.437 1
42.4303 36.718 0
24.85270238879946 34.5 1
78.72958486285063 34.5 0
88.8596 37.4252 1
72.13149999999999 32.5947 0
72.9588825830424 31.5 1
18.34986287106675 31.5 0
24.15257105177466 25.5 1
0 25.5 0
14.4116 29.4544 1
22.6287 33.7225 1
33.8248 37.6366 0
33.43406208834725 37.5 1
42.58261583864714 37.5 0
43.16694770046482 40.5 1
32.6650974558911 40.5 0
31.45007069318707 43.5 1
43.75127956228249 43.5 0
44.33561142410015 46.5 1
0 46.5 0
0 49.5 1
44.91994328591782 49.5 0
45.5042751477355 52.5 1
0 52.5 0
0 55.5 1
50.85985764759258 55.5 0
45.7659 53.8432 1
51.18729999999999 55.6065 0
51.16323457527976 55.5 1
100 55.5 0
100 52.5 1
50.48533528738555 52.5 0
54.66740904003444 43.5 1
50.00256463809779 43.5 0
49.31536459911808 40.5 1
55.96116711149376 40.5 0
56.7247 38.7295 0
65.33604770707996 43.5 1
100 43.5 0
100 40.5 1
59.81089053132919 40.5 0
56.7247 38.7295 1
64.70330000000001 43.30670000000001 1
72.91919999999999 45.81659999999999 0
72.60630547528166 46.5 1
100 46.5 0
100 49.5 1
71.2327562008376 49.5 0
69.95650000000001 52.28749999999999 1
61.59139999999999 49.6444 1
53.7193 45.6985 0
53.7193 45.6985 0