53.7193 45.6985 0
51.25879999999999 65.7807 1
79.0095 79.23089999999999 0
78.88663994035522 79.5 1
100 79.5 0
100 82.5 1
77.51696257530753 82.5 0
76.14728521025987 85.5 1
100 85.5 0
100 88.5 1
30.25520714070255 88.5 0
31.26769788575972 91.5 1
100 91.5 0
100 94.5 1
41.34344760924087 94.5 0
41.2513 93.75720000000001 1
35.7287 93.9255 0
35.79995753930224 94.5 1
28.62063593816001 94.5 0
31.8569 93.2458 1
25.7482 95.61320000000001 0
25.29680630249084 94.5 1
0 94.5 0
0 91.5 1
24.08033029411189 91.5 0
22.86385428573293 88.5 1
0 88.5 0
0 85.5 1
21.64737827735397 85.5 0
20.43090226897501 82.5 1
10.2095383580705 82.5 0
10.1072 83.46350000000001 1
3.92087 82.3878 0
4.566130040903582 82.5 1
3.906106251097048 82.5 0
3.77932486011671 83.46350000000001 1
0 83.46350000000001 1
0 75.8931 1
4.77547 75.8931 1
10.7942 76.99549999999999 0
8.088938103229303 76.5 1
32.54974887423553 76.5 0
32.88939999999999 77.19929999999999 1
37.1007 75.10220000000001 0
34.29370217443136 76.5 1
54.45404164135203 76.5 0
41.8597 98.66149999999999 1
36.337 98.82980000000001 0
36.17205957221213 97.5 1
0 97.5 0
0 100 1
100 100 0
100 97.5 1
41.71561081296005 97.5 0
47.9324 73.02950000000001 0
49.0931616157157 70.5 1
34.96132988744229 70.5 0
34.4121 69.3185 1
30.0462 71.34549999999999 0
29.2165357322932 67.5 1
0 67.5 0
0 70.5 1
31.86729938332512 70.5 0
34.4169 68.3246 0
34.4794 66.52170000000001 0
33.611 64.38300000000001 0
33.00354557923613 64.5 1
0 64.5 0
0 61.5 1
100 61.5 0
100 58.5 1
0 58.5 0
3.262539924755998 75.8931 1
2.266394784872709 83.46350000000001 0
0 77.69179427795268 1
0.2366797742679953 75.8931 0
0 73.5 1
31.09264408760122 73.5 0
23.11635537083615 79.5 1
10.52818399814471 79.5 0
19.5344 80.28909999999999 1
26.9339 78.65899999999999 0
27.21773490553102 79.5 1
60.09153621678962 79.5 0
65.72903079222721 82.5 1
28.2302256505882 82.5 0
29.24271639564537 85.5 1
71.36652536766479 85.5 0
75.21279999999999 87.54679999999999 1
47.9324 73.02950000000001 0
48.81654706591446 73.5 1
36.35590429482856 73.5 0
34.44548588940042 67.5 1
50.46983085752125 67.5 0
53.7193 45.6985 0