47.86279999999999 45.4859 0
46.5 45.23754075464961 1
46.5 0 0
49.5 0 1
49.5 100 0
52.5 100 1
52.5 0 0
1.5 0 1
1.5 100 0
4.5 100 1
4.5 0 0
7.5 0 1
7.5 100 0
10.5 100 1
10.5 84.99795817590504 0
10.3409 84.8158 1
15.9678 91.25819999999999 0
16.5 90.74370743261903 1
16.5 100 0
13.5 100 1
13.5 88.43274464803 0
10.3409 84.8158 0
10.5 84.67008322464292 1
10.5 0 0
13.5 0 1
13.5 81.92243818334057 0
13.5746 66.6644 1
17.3193 70.49539999999999 0
16.5 69.65721849013272 1
16.5 79.17479314203823 0
16.5512 79.12790000000001 1
22.1231 85.30770000000001 0
19.5 82.39841710188625 1
19.5 69.13640429946878 0
28.5 73.3715763786565 1
28.5 100 0
25.5 100 1
25.5 58.85548315926265 0
25.2526 58.5766 0
25.5 57.60828566811766 1
25.5 0 0
22.5 0 1
22.5 66.7646228930308 0
26.9267 65.87239055276152 1
35.86506134686056 62.53703249997649 0
30.17522044895352 61.45814416665883 1
26.9267 62.6703326672792 0
26.9267 60.46373943783992 1
27.3303 60.9187 0
18.701 62.83750000000001 0
16.5 64.48056470427591 1
16.5 0 0
19.5 0 1
19.5 63.44368678372183 0
21.0133 64.59180000000001 1
22.7409 67.11670000000001 0
22.5 67.26682705289952 1
22.5 100 0
19.5 100 1
19.5 87.84352385099021 0
34.5 78.6847572514219 1
34.5 100 0
31.5 100 1
31.5 79.86621826549958 0
31.0666 80.0369 1
26.9267 69.28579999999999 0
26.9267 69.07444843824385 1
39.33489873122629 64.44431725952521 0
38.8155498040761 63.09649411431604 1
27.3303 60.9187 1
26.9267 61.06930372453805 1
26.9267 60.46373943783992 1
25.2526 58.5766 1
28.285 46.7079 1
32.17870000000001 42.6276 0
31.5 43.33882572617306 1
31.5 0 0
28.5 0 1
28.5 46.48259643269897 0
32.17870000000001 42.6276 0
34.5 43.05063809526845 1
34.5 0 0
37.5 0 1
37.5 43.59736376011375 0
40.5 44.14408942495903 1
40.5 0 0
43.5 0 1
43.5 44.69081508980432 0
47.86279999999999 45.4859 0