47.86279999999999 45.4859 0
61.5 50.52300351958006 1
61.5 33.21551266176334 0
64.5 27.33226156782423 1
64.5 47.03547696637624 0
67.5 49.32605452857869 1
67.5 0 0
70.5 0 1
70.5 51.61663209078117 0
70.8562 51.8886 0
82.5 64.70932705604409 1
82.5 0 0
85.5 0 1
85.5 100 0
88.5 100 1
88.5 0 0
91.5 0 1
91.5 100 0
94.5 100 1
94.5 0 0
97.5 0 1
97.5 100 0
100 100 1
100 0 0
79.5 0 1
79.5 61.84509290458065 0
76.5 58.9808587531172 1
76.5 0 0
73.5 0 1
73.5 56.11662460165375 0
70.5 52.38095907422935 1
70.5 100 0
67.5 100 1
67.5 56.52772275387015 0
71.50149999999999 57.95959999999999 1
78.96879999999999 73.67580000000001 0
79.5 73.00473563685392 1
79.5 100 0
82.5 100 1
82.5 69.21483900764045 0
84.53129999999999 66.64869999999999 1
78.96879999999999 73.67580000000001 0
76.5 68.47979146143854 1
76.5 100 0
73.5 100 1
73.5 62.16578238185154 0
64.5 60.67448643351095 1
64.5 100 0
61.5 100 1
61.5 64.82125011315176 0
59.7649 67.21960000000001 1
70.8562 51.8886 0
64.1764 46.7884 1
53.20350000000001 62.0998 0
58.5 66.23261017770596 1
58.5 100 0
55.5 100 1
55.5 63.89173780290791 0
53.20350000000001 62.0998 0
55.5 58.89530254718443 1
55.5 0 0
58.5 0 1
58.5 30.38816966792037 0
56.84050000000001 33.5133 1
61.2009 25.3019 0
61.5 25.44484595850908 1
61.5 0 0
64.5 0 1
64.5 26.87860682620298 0
64.68600000000001 26.9675 1
60.3896 35.3931 0
58.5 34.3922631455862 1
58.5 54.70915303338224 0
46.5 50.87812622613173 1
46.5 100 0
43.5 100 1
43.5 62.74830429950654 0
43.20180000000001 63.9282 1
43.20180000000001 74.47976502465482 0
43.46210000000001 75.15530000000001 0
37.5 77.50329623734419 1
37.5 100 0
40.5 100 1
40.5 76.3218352232665 0
43.46210000000001 75.15530000000001 0
43.20180000000001 70.30794408700717 1
40.5497617775947 63.4253295069572 0
43.20180000000001 63.9282 1
47.86279999999999 45.4859 0
47.86279999999999 45.4859 0