44.6943 54.0416 0
30.36486833313447 79.5 1
0 79.5 0
0 82.5 1
23.44737569819589 82.5 0
23.79314658740738 85.5 1
0 85.5 0
0 88.5 1
24.13891747661887 88.5 0
24.48468836583036 91.5 1
0 91.5 0
0 94.5 1
24.83045925504185 94.5 0
25.3493 99.0016 0
34.9407706488299 97.5 1
100 97.5 0
100 100 1
0 100 0
0 97.5 1
25.17623014425334 97.5 0
25.3493 99.0016 1
43.82769999999999 96.1087 0
43.640696479591 94.5 1
100 94.5 0
100 91.5 1
43.29196112730217 91.5 0
42.94322577501336 88.5 1
100 88.5 0
100 85.5 1
42.59449042272455 85.5 0
42.24575507043572 82.5 1
100 82.5 0
100 79.5 1
41.89701971814691 79.5 0
41.71769999999999 77.95740000000001 1
23.2136 80.4717 0
0 70.5 1
100 70.5 0
100 73.5 1
0 73.5 0
0 76.5 1
100 76.5 0
100 67.5 1
0 67.5 0
0 64.5 1
72.60479033811484 64.5 0
64.59864494165413 61.5 1
0 61.5 0
0 58.5 1
56.59249954519345 58.5 0
48.58635414873275 55.5 1
0 55.5 0
0 52.5 1
45.26702602419194 52.5 0
46.38156810552029 49.5 1
0 49.5 0
0 46.5 1
47.49611018684864 46.5 0
48.61065226817699 43.5 1
0 43.5 0
0 40.5 1
49.72519434950534 40.5 0
50.8397364308337 37.5 1
0 37.5 0
0 34.5 1
51.95427851216205 34.5 0
52.2837 33.6133 1
64.57220000000001 37.7064 0
68.39008386121128 40.3274 1
62.56157932676196 55.6622296315842 0
65.39069887793659 56.66271605264033 1
71.59947106333979 40.3274 0
59.73245977558732 54.66174321052807 1
65.18069665908274 40.3274 0
64.57220000000001 37.7064 1
63.57600305801849 40.3274 1
71.98400000000001 40.3274 1
86.4384 45.4817 0
86.19617966231772 46.5 1
100 46.5 0
100 43.5 1
80.88104313679841 43.5 0
72.46802876045243 40.5 1
100 40.5 0
100 37.5 1
63.95253607778945 37.5 0
54.94579302240356 34.5 1
100 34.5 0
100 31.5 1
0 31.5 0
0 28.5 1
100 28.5 0
100 25.5 1
0 25.5 0
0 22.5 1
100 22.5 0
100 19.5 1
0 19.5 0
0 16.5 1
100 16.5 0
100 13.5 1
0 13.5 0
60.87448748133609 7.5 1
0 7.5 0
0 10.5 1
100 10.5 0
100 7.5 1
61.48874828181145 7.5 0
64.33980690875498 4.5 1
100 4.5 0
100 1.5 1
63.81737350961619 1.5 0
62.5646 0.017534 0
61.10637066638652 1.5 1
0 1.5 0
0 4.5 1
58.15541732186435 4.5 0
57.8454 4.81517 1
61.2079 7.79552 0
86.4384 45.4817 0
85.91149999999999 47.6968 1
84.49809999999999 47.2436 0
83.65034134609388 49.5 1
100 49.5 0
100 52.5 1
82.52320255788328 52.5 0
81.39606376967271 55.5 1
100 55.5 0
100 58.5 1
80.26892498146211 58.5 0
79.14178619325151 61.5 1
100 61.5 0
100 64.5 1
79.42592732937686 64.5 0
78.61019999999999 66.75030000000001 1
44.6943 54.0416 0
44.6943 54.0416 0