49.4285 55.0587 0
49.4285 55.0587 1
56.2831 48.9892 0
55.31789460246222 47.93361639973915 1
62.42785785999037 47.22444979477343 0
65.3004 45.43689999999999 0
82.07643025642869 54.30930692778915 1
0 62.49582791030299 0
0 65.51071387385062 1
81.5858762128847 57.37312205355769 0
80.93190000000001 56.9508 1
87.13079999999999 60.9539 0
88.77840483651067 62.6854920869463 1
0 71.5404858009459 0
0 68.52559983739826 1
85.62988839104594 59.98464750975108 0
76.4202504820141 80.5 1
85.68356566868928 80.5 0
84.91800000000001 77.80869999999999 0
86.31507978603429 77.50684595350108 1
26.8211414286793 83.44092926064789 0
25.6907 85.5599 1
18.459 82.40029999999999 0
18.82042030016288 81.72283098548615 1
0 83.60002965513644 0
0 80.5851436915888 1
20.51921516018828 78.53850271404167 0
22.21801002021368 75.35417444259716 1
0 77.57025772804118 0
0 74.55537176449354 1
30.87594864512937 71.47572270265371 0
27.06112019468934 77.3872212145333 1
30.27884937886119 77.06627636593339 0
30.55735255425491 74.45869160508883 1
22.2539 75.2869 1
29.4856 78.44649999999999 0
29.9967 79.708 0
30.73901464000474 80.03526422506778 1
28.5199362887047 80.25660098920341 0
29.9967 79.708 1
32.2037 80.68100000000001 0
34.5701 80.6412 0
34.72138801986277 79.63805173504409 1
100 73.12698972838578 0
98.5 75.47757500824284 1
98.5 94.77589480898652 0
100 95.5 1
90.63664311405586 95.5 0
100 98.5 1
0 98.5 0
0 95.5 1
88.03167941302615 95.5 0
88.04130000000001 95.72559999999999 1
95.3338 95.0917 0
95.5 95.07512277090947 1
95.5 75.77680297016579 0
95.0795 76.77201057784546 1
94.82609234673924 75.84402030803562 0
95.0795 75.818744756162 1
95.0795 82.46619999999999 0
100 75.32796102728139 1
93.3124 75.995 1
84.91800000000001 77.80869999999999 1
85.42799138988929 79.60154401553552 1
0 88.12235860045789 0
0 86.61491561868408 1
22.88172520836051 84.33263161889124 0
16.26544447950722 86.5 1
87.39032225923498 86.5 0
87.77581273819007 89.5 1
0 89.5 0
0 92.5 1
87.90374607560813 92.5 0
86.53694396396213 83.5 1
46.34284748076065 83.5 0
35.18301673454869 76.57712169834292 1
100 70.11210376483817 0
100 67.09721780129053 1
35.6446454492346 73.51619166164178 0
35.8729 72.0027 1
32.9706 72.01509999999999 1
30.9271 70.99680000000001 1
90.98664803850298 65.00630128214195 0
91.72909999999999 65.78659999999999 0
92.33602576113128 64.84675696831843 1
100 64.08233183774288 0
100 61.06744587419524 1
94.41699713501154 61.62430939709539 0
94.51910000000001 61.4662 0
92.99279999999999 58.8835 0
92.86532539609109 58.76419129088463 1
100 58.05255991064762 0
100 55.03767394709998 1
89.95431494190584 56.03965723578439 0
89.87379999999999 55.96429999999999 1
83.77670000000001 52.1335 0
85.84724582109257 53.43442124640262 1
100 52.02278798355233 0
100 49.50667654932401 1
60.71023715503219 53.42554176950247 0
60.0766 53.94759999999999 1
62.3186 52.10039999999999 0
62.93600000000001 52.9278 1
67.78989999999999 49.7059 0
67.7891347637667 49.70458777124723 1
100 46.49179058577637 0
91.42543399835222 42.61199198443978 1
95.761 36.04367919557686 0
95.761 30.59789306519229 1
87.57747799945074 42.99579732814659 0
85.65350000000001 43.18770000000001 0
83.9026020288218 42.06761585440715 1
52.79155030160736 45.17071472161166 0
50.2652060007525 42.40781304348417 1
79.82547026771243 39.45939383331552 0
75.74833850660309 36.8511718122239 1
47.73886169989764 39.64491136535668 0
46.1193 37.8737 1
39.05889999999999 44.0665 0
41.19200985856911 46.32768367028268 1
17.3193825910901 48.7088028712806 0
18.98881404662213 51.55717531082527 1
43.79153455648058 49.08328614138885 0
14.7841 57.29389999999999 1
20.4515 54.0528 0
19.66070196003036 54.5050453907163 1
46.39105925439206 51.83888861249503 0
49.4285 55.0587 0