49.4285 55.0587 0
50.07489706236665 54.48633881626435 1
59.80774900596978 53.51555833267032 0
53.91199126596662 51.08873089330019 1
58.04128567336507 50.676864110065 0
57.7171 50.1559 1
65.3004 45.43689999999999 0
66.12762388500946 46.85542531235404 1
100 43.47690462222873 0
100 41.75674201475751 1
85.65350000000001 43.18770000000001 1
69.99180000000001 33.1686 0
71.67120674549375 34.24294979113228 1
33.25103641176926 38.07507954636314 0
32.61014618806132 35.12411767463433 1
71.15309586703671 31.27974158165491 0
73.12778280265459 28.06789510238034 1
31.96925596435338 32.17315580290551 0
31.32836574064543 29.2221939311767 1
75.1024697382725 24.85604862310577 0
70.23690817479911 19.31158071942675 1
79.0518436095083 18.43235566455663 0
79.45869999999999 17.7706 1
100 15.72175622191743 0
98.5 15.8713702028789 1
98.5 41.90635599571898 0
95.761 41.48946532596143 1
95.2733899972537 42.22818664073297 0
95.761 42.17955112495463 1
95.761 16.14456533211455 0
95.761 19.05119384370245 1
91.72153076241196 16.54747271451917 0
86.81639845744718 17.03672362871151 1
95.761 22.58071630622147 0
95.761 26.11023876874049 1
81.9112661524824 17.52597454290383 0
79.77210379078198 12.3307430754291 1
100 10.31315902320475 0
100 13.32804498675238 1
71.26365101972473 16.19428469957709 0
69.72149999999999 16.5054 1
80.38120000000001 14.3549 0
77.07715667389039 21.6442021438312 1
32.36803458338949 26.10360863799937 0
32.4435 26.6704 1
30.8608 27.0693 0
32.4435 26.6704 0
53.98785467615868 20.93230443995175 1
31.97187873601204 23.12823631005661 0
31.7508 21.4678 1
24.1103 25.1588 0
27.36178951582281 23.58805884393665 1
0 26.31719634773137 0
0 23.30231038418373 1
53.29948553100421 17.98607824185585 0
52.8408 16.0229 1
67.02420000000001 13.3129 0
66.41288983359362 10.64834056698213 1
0 17.27253845708846 0
0 20.28742442063609 1
63.85584120760574 13.91827334682717 0
52.2644465049066 0 1
0 5.212994602897918 0
0 8.227880566445553 1
82.49109321438812 0 0
78.89131958886577 9.403708865759242 1
100 7.298273059657109 0
100 4.283387096109475 1
0 14.25765249354082 0
0 11.24276652999319 1
100 1.268501132561839 0
100 0 1
0 0 0
0 2.198108639350282 1
22.03779979542509 0 0
17.18110065107512 33.64816566123623 1
0 35.36185423837428 0
0 32.34696827482664 1
18.46670409939654 30.50505019779449 0
18.559 30.2794 1
24.1103 25.1588 0
21.96064961367014 27.14166883581156 1
0 29.332082311279 0
0 38.3767402019219 1
15.8954972027537 36.79128112467798 0
15.6711 37.3399 0
15.95857142113178 39.79987589828723 1
0 41.39162616546955 0
0 44.40651212901717 1
16.30683006721915 42.78002562020461 0
16.5046 44.47239999999999 1
33.5792 39.5861 0
25.68816303019688 41.8443065726605 1
43.63304655706885 40.05443626443035 0
39.75475515487845 43.45615330531822 1
0 47.42139809256481 0
0 50.43628405611246 1
16.22999908778407 48.81746087309618 0
17.101 48.33620000000001 1
11.3242 51.52809999999999 0
11.77350421877577 52.27684946230161 1
0 53.45117001966008 0
0 56.46605598320772 1
13.48048757860604 55.12147637524978 0
0 59.48094194675535 1
48.99058395230354 54.59449108360118 0
49.4285 55.0587 0