54.1893 45.3329 0
54.1893 45.3329 1
79.3305 16.564 1
81.40479999999999 18.4448 1
59.3433 43.82895684760636 1
56.47199999999999 47.1327 0
59.3433 54.60512613156219 1
81.40479999999999 27.05269793441345 0
81.40479999999999 22.25295019753784 1
59.3433 49.80537839468658 0
59.3433 45.00563065781097 1
71.31559731846411 30.05352575914593 0
80.5 30.58256917532277 1
80.5 48.70280257840567 0
83.5 50.82205194555183 1
83.5 15.91440976719646 0
85.7962 14.3773 1
83.8536 9.91957 0
83.5 10.05555595501022 1
83.5 0 0
95.5 0 1
95.5 100 0
98.5 100 1
98.5 0 0
92.5 0 1
92.5 100 0
89.5 100 1
89.5 0 0
86.5 0 1
86.5 100 0
83.5 100 1
83.5 56.76340401093536 0
80.5 60.49017612575669 1
80.5 100 0
77.5 100 1
77.5 64.07818662324266 0
77.66489999999999 64.0121 1
85.34639999999999 54.4697 1
84.42699999999999 51.4769 0
77.5 46.5835532112595 1
77.5 34.3292448134909 0
74.5 38.07592045165903 1
74.5 44.46430384411332 0
71.5 42.34505447696715 1
71.5 41.82259608982716 0
71.2328 42.1563 1
81.40479999999999 29.45257180285125 1
81.40479999999999 17.67682891972994 1
77.51490000000001 11.393 1
77.51490000000001 13.63104033865609 1
79.3305 16.564 0
77.5 18.65862839681479 1
77.5 0 0
80.5 0 1
80.5 9.676116773080242 0
74.5 0 1
74.5 22.09150749566449 0
59.5 17.34846545875543 1
59.5 0.01788385448459191 0
59.54120085057158 0 1
44.6888 0 0
44.6888 1.541264813347722 1
48.2395681702896 0 0
50.783 3.80163 1
53.7765 12.8755 0
53.5 12.03737571237682 1
53.5 2.622274914837059 0
55.77398995714425 0 1
44.6888 4.811694937782574 0
44.5 0 1
44.5 60.34421857927677 0
41.5 58.89184582106485 1
41.5 36.10159569779643 0
44.84050000000001 37.1605 1
46.90949999999999 26.7802 0
47.5 26.90216276844678 1
47.5 16.93966915015517 0
46.8777 17.1129 1
44.6888 6.446910000000001 0
56.5 1.320079384660825 1
56.5 12.1495415959253 0
58.13509999999999 11.7137 1
61.59010000000001 25.9771 0
59.5 26.66761244421147 1
59.5 39.25590298991297 0
62.5 35.82302389106327 1
62.5 0 0
65.5 0 1
65.5 32.39014479221358 0
68.5 28.95726569336388 1
68.5 0 0
71.5 0 1
71.5 25.52438659451418 0
54.1893 45.3329 0