54.1893 45.3329 0
56.5 42.68878208876266 1
56.5 31.56544569536424 0
58.1622 30.2555 1
56.88160000000001 28.1389 0
56.5 27.65873121012431 1
56.5 28.43457598822837 0
54.9131 28.183 1
51.0667 15.9468 0
50.5 16.10455337073287 1
50.5 27.521787332952 0
53.5 23.687634406198 1
53.5 30.75907275103002 0
52.6788 27.9718 1
51.6191 34.7217 1
52.6874 35.459 0
52.6341 31.43 1
53.8134 33.6827 0
53.5 33.08404301704401 1
53.5 64.70133685391252 0
56.5 66.15370961212446 1
56.5 47.10048295257653 0
59.3433 43.82895684760636 1
59.3433 57.005 0
59.5 57.1140280627216 1
59.5 67.60608237033637 0
68.5 63.37600996759996 1
68.5 100 0
71.5 100 1
71.5 65.46333726922606 0
72.4297 66.11019999999999 0
74.5 65.28049026016197 1
74.5 100 0
50.4659 91.04660000000001 1
27.4003 91.04660000000001 0
27.4003 89.11846354807398 1
31.79579556686547 91.04660000000001 0
39.26383734011928 91.04660000000001 1
27.4003 85.84251812884438 0
27.4003 82.5665727096148 1
46.7318791133731 91.04660000000001 0
52.1578555582272 91.04660000000001 1
57.2841 81.22320049819245 0
57.5531 83.65297565243179 1
57.5531 77.46543005385251 0
57.9585 78.4171 1
57.2841 87.12719999999999 0
62.2898 87.77269999999999 1
62.58750000000001 79.01689999999999 0
62.5 81.5904052065838 1
62.5 100 0
65.5 100 1
65.5 61.28868266597384 0
62.5 59.20135536434772 1
62.5 78.98567393581899 0
60.5531 78.29088508605889 1
60.5531 71.71654335128417 0
62.0531 68.84209999999999 1
57.2841 77.98091356151616 1
57.2841 87.12719999999999 1
57.2841 91.04660000000001 1
57.2841 100 0
59.5 100 1
59.5 86.956981758181 0
57.2841 87.70777437154507 1
55.54176667468157 91.04660000000001 0
57.2841 92.54660000000001 1
27.4003 92.54660000000001 0
27.4003 95.54660000000001 1
57.2841 95.54660000000001 0
57.2841 98.54660000000001 1
27.4003 98.54660000000001 0
26.5 100 1
26.5 63.66635727759137 0
26.4832 63.6755 1
23.8146 59.01179999999999 1
25.7055 58.18300000000001 1
24.7715 55.5309 0
26.5 54.5545105615132 1
26.5 9.962397125479555 0
38.5 29.77083602390931 1
38.5 0 0
41.5 0 1
41.5 30.11192898770678 0
42.2878 30.2015 1
41.1442 38.7663 0
38.5 38.36844989809705 1
38.5 57.48412935080823 0
38.5172 57.4478 1
27.4003 80.92859999999999 0
17.5 100 1
17.5 0 0
14.5 0 1
14.5 100 0
11.5 100 1
11.5 0 0
8.5 0 1
8.5 100 0
5.5 100 1
5.5 0 0
2.5 0 1
2.5 100 0
0 100 1
0 0 0
20.5 0 1
20.5 100 0
23.5 100 1
23.5 0 0
26.5 0 1
26.5 5.675666006213937 0
24.9626 8.88252 1
28.3421 1.83324 0
29.5 0 1
29.5 61.33994454257623 0
35.5 63.82064402666211 1
35.5 37.91706562092102 0
32.4104 37.4522 0
32.5 36.89039153769917 1
32.5 0 0
35.5 0 1
35.5 29.42974306011184 0
33.7221 29.2276 1
32.4104 37.4522 0
32.5 37.46568134374499 1
32.5 70.157158702516 0
29.5 76.49367337836986 1
29.5 62.0337282760497 0
29.7913 61.87520000000001 1
27.991 58.5672 0
29.4081 57.59569999999999 0
47.5 38.02405726910166 1
47.5 61.79659133748869 0
50.5 63.24896409570061 1
50.5 38.99817714400481 0
54.1893 45.3329 0