44.0825 48.28700000000001 0
44.0825 48.28700000000001 1
57.27160000000001 52.9867 0
58.51481127723993 49.5 1
100 49.5 0
100 52.5 1
57.44513684820394 52.5 0
57.27160000000001 52.9867 0
55.90573941953741 52.5 1
39.63149029905524 52.5 0
48.9474972946545 76.5 1
0 76.5 0
0 73.5 1
100 73.5 0
100 76.5 1
54.23613546757358 76.5 0
55.9843 79.46860000000001 0
55.99862254554748 79.5 1
100 79.5 0
100 82.5 1
57.36701861696301 82.5 0
58.4829 84.94640000000001 0
58.6933785357737 85.5 1
100 85.5 0
100 88.5 1
59.8339775374376 88.5 0
60.4023 89.9948 1
54.1185 93.2079 0
57.45860831284429 91.5 1
100 91.5 0
100 94.5 1
0 94.5 0
0 97.5 1
100 97.5 0
100 100 1
0 100 0
0 91.5 1
53.44006027279408 91.5 0
52.24835163550983 88.5 1
0 88.5 0
0 85.5 1
50.82899606856608 85.5 0
49.31639182159269 82.5 1
0 82.5 0
0 79.5 1
47.56705579022807 79.5 0
46.5504 77.75649999999999 1
52.98869999999999 74.3817 0
47.48662756133371 49.5 1
42.61056170405914 49.5 0
43.2291 50.78489999999999 1
16.6526 63.45480000000001 0
20.75300664882911 61.5 1
100 61.5 0
100 58.5 1
27.04583453223783 58.5 0
33.33866241564654 55.5 1
100 55.5 0
100 70.5 1
0 70.5 0
0 67.5 1
100 67.5 0
100 64.5 1
0 64.5 0
0 61.5 1
15.65087293972356 61.5 0
14.11353859307462 58.5 1
0 58.5 0
0 55.5 1
12.57620424642569 55.5 0
12.3372 55.03360000000001 1
39.1459 42.3028 0
23.98993371037169 49.5 1
0 49.5 0
0 46.5 1
30.30737644767022 46.5 0
36.62481918496874 43.5 1
14.99171327897885 43.5 0
15.5595 43.1284 1
10.9868 46.1211 0
17.67249097307317 52.5 1
0 52.5 0
8.763355841231718 43.5 1
0 43.5 0
0 40.5 1
8.313723481781377 40.5 0
7.030900000000001 41.4577 1
11.0673 38.4443 0
13.03878129630025 40.5 1
46.72900174042765 40.5 0
47.74858633286156 37.5 1
24.62337847262923 37.5 0
27.60096023326691 34.5 1
88.12693819638079 34.5 0
89.39320000000001 31.0424 0
90.4504849031095 31.5 1
100 31.5 0
100 34.5 1
95.26156112085599 34.5 0
95.54560000000001 33.7052 1
89.39320000000001 31.0424 0
89.22561514306565 31.5 1
30.32443339892477 31.5 0
33.6613 26.8873 1
25.8611 20.3898 1
22.5538 23.4759 1
13.3507 14.6912 0
14.38199027944912 13.5 1
0 13.5 0
0 10.5 1
16.97926264206445 10.5 0
17.8832 9.4559 1
26.7889 16.8114 1
30.3634 13.7503 0
27.15252722550717 16.5 1
26.41187124872545 16.5 0
30.3634 13.7503 0
33.05033068254332 16.5 1
100 16.5 0
100 13.5 1
22.77960967575284 13.5 0
19.14734810278024 10.5 1
100 10.5 0
100 7.5 1
0 7.5 0
0 1.5 1
100 1.5 0
100 4.5 1
0 4.5 0
0 22.5 1
21.53141957835783 22.5 0
18.38853479003267 19.5 1
0 19.5 0
0 16.5 1
15.24565000170751 16.5 0
0 34.5 1
20.22517030784508 34.5 0
22.84520296063151 37.5 1
0 37.5 0
0 31.5 1
19.46265723389047 31.5 0
22.35073838608125 28.5 1
0 28.5 0
0 25.5 1
31.99585675875337 25.5 0
28.39437926741054 22.5 1
23.59964882861865 22.5 0
27.35563618187568 28.5 1
100 28.5 0
100 25.5 1
35.04483835613603 25.5 0
38.03670389957155 22.5 1
100 22.5 0
100 19.5 1
35.98184759261711 19.5 0
55.55108379411564 37.5 1
91.27550796850898 37.5 0
87.53607337542439 40.5 1
100 40.5 0
100 37.5 1
94.18944657954745 37.5 0
93.91569999999999 38.26600000000001 1
87.43620000000001 36.3861 0
95.03489999999999 42.51479999999999 0
94.03479999999999 47.3381 0
90.66898233879644 46.5 1
59.58448570627593 46.5 0
60.65416013531193 43.5 1
81.5031692859277 43.5 0
81.34180000000001 44.17749999999999 1
94.03479999999999 47.3381 0
94.20857807932327 46.5 1
100 46.5 0
100 43.5 1
94.83062107892937 43.5 0
95.03489999999999 42.51479999999999 1
82.5376 39.157 0
82.21771962951897 40.5 1
61.72383456434792 40.5 0
62.0411 39.61020000000001 1
48.52500000000001 35.21550000000001 0
45.70941714799373 43.5 1
39.72222037349242 43.5 0
41.16639103877577 46.5 1
44.6898325555598 46.5 0
44.0825 48.28700000000001 0