60.0973 55.2153 0
60.0973 55.2153 1
61.3456 55.943 0
61.58494630667261 55.5 1
60.58567571801566 55.5 0
63.20580165659993 52.5 1
0 52.5 0
0 49.5 1
64.82665700652728 49.5 0
67.77709999999999 44.0391 0
71.98429999999999 46.39919999999999 0
71.91371607324515 46.5 1
100 46.5 0
79.6909 50.038 1
85.11699999999999 52.95869999999999 0
84.26482344301024 52.5 1
100 52.5 0
100 49.5 1
76.5025510373444 49.5 0
79.23859999999999 50.89319999999999 1
71.57130000000001 46.989 0
71.98429999999999 46.39919999999999 1
67.77709999999999 44.0391 0
66.44751235645461 46.5 1
0 46.5 0
0 43.5 1
100 43.5 0
100 40.5 1
0 40.5 0
0 37.5 1
100 37.5 0
100 34.5 1
72.52019756549106 34.5 0
71.40430000000001 36.1426 1
65.04589999999999 32.21850000000001 0
68.74271955097984 34.5 1
35.72426035731712 34.5 0
34.7208 35.86450000000001 0
33.40217985684133 34.5 1
0 34.5 0
0 31.5 1
30.5030516564192 31.5 0
29.4555 30.416 0
31.04923928031295 28.5 1
0 28.5 0
0 25.5 1
33.54465568998876 25.5 0
36.04007209966457 22.5 1
0 22.5 0
0 19.5 1
38.53548850934038 19.5 0
39.3005 18.5803 1
44.5175 22.543 0
42.34290690612919 25.5 1
100 25.5 0
100 22.5 1
44.4608893557423 22.5 0
40.51130952380953 19.5 1
100 19.5 0
100 16.5 1
0 16.5 0
0 13.5 1
100 13.5 0
71.22574360072687 10.5 1
100 10.5 0
100 7.5 1
70.82122907391866 7.5 0
71.32040000000001 11.202 1
65.32169999999999 11.4389 1
59.62609999999999 12.174 0
54.2324 13.2072 0
53.8394004170304 10.5 1
23.2351559983167 10.5 0
29.2332 7.731619999999999 0
27.62253091784132 4.5 1
63.20110831983014 4.5 0
58.9812 4.87782 1
64.97800000000001 4.340909999999999 1
70.37729999999999 4.207689999999999 0
70.41671454711044 4.5 1
100 4.5 0
100 1.5 1
0 1.5 0
0 4.5 1
23.29107086528376 4.5 0
26.7581 2.76562 1
18.9061 6.693580000000001 0
19.23385733997324 7.5 1
0 7.5 0
0 10.5 1
20.45316244143366 10.5 0
20.8926 11.5812 1
29.2332 7.731619999999999 0
29.11775846516311 7.5 1
53.40389556001624 7.5 0
53.8394004170304 10.5 0
40.1366913898585 28.5 1
70.14308760843477 28.5 0
71.50290000000001 27.7629 0
72.80393147362761 28.5 1
100 28.5 0
100 31.5 1
72.85812075981622 31.5 0
74.45779999999999 29.437 1
71.50290000000001 27.7629 1
66.1225 30.6794 0
65.54849053992592 31.5 1
37.93047587358781 31.5 0
22.56617607945537 58.5 1
57.68663419221495 58.5 0
60.0973 55.2153 0