60.0973 55.2153 0
59.88835654839821 55.5 1
0 55.5 0
0 94.5 1
17.93581037685147 94.5 0
18.00352755551734 91.5 1
0 91.5 0
0 88.5 1
18.43699374509496 88.5 0
18.5588 87.6609 0
19.78186158314714 85.5 1
0 85.5 0
0 82.5 1
38.58075798464851 82.5 0
38.1491 84.59299999999999 1
45.38639999999999 91.4066 0
45.65415332556763 88.5 1
58.60532746601439 88.5 0
59.4298 89.21940000000001 0
61.44835854299768 89.21940000000001 1
77.75818140663765 71.10769999999999 0
77.71796045330018 75.63549432274615 1
65.48547562899304 89.21940000000001 0
65.37777316765599 91.5 1
23.24159772432782 91.5 0
23.27560158908539 94.5 1
65.44426006565433 94.5 0
63.9687 93.3115 1
70.13339999999999 98.27690000000001 0
69.16885425746165 97.5 1
0 97.5 0
0 100 1
100 100 0
100 97.5 1
70.71113118352895 97.5 0
72.94204063208969 94.5 1
100 94.5 0
100 91.5 1
75.17295008065045 91.5 0
77.40385952921119 88.5 1
100 88.5 0
100 85.5 1
79.63476897777196 85.5 0
81.86567842633269 82.5 1
100 82.5 0
100 79.5 1
84.09658787489346 79.5 0
86.3274973234542 76.5 1
100 76.5 0
100 73.5 1
84.53089382439956 73.5 0
87.14519999999999 75.40039999999999 1
81.23990000000001 71.10769999999999 1
67.1517352246012 89.21940000000001 1
59.4298 89.21940000000001 1
52.1206 82.8417 0
55.16716010160403 85.5 1
45.93051057345275 85.5 0
46.20686782133787 82.5 1
52.43159359411409 82.5 0
55.16200267325451 79.5 1
0 79.5 0
0 76.5 1
57.89241175239492 76.5 0
60.62282083153534 73.5 1
0 73.5 0
0 70.5 1
63.35322991067575 70.5 0
64.77549999999999 68.93729999999999 1
71.9436 75.32310000000001 0
73.58532540748257 73.5 1
69.89715897303392 73.5 0
66.52964041623602 70.5 1
100 70.5 0
100 61.5 1
73.79183705588133 61.5 0
77.202 59.8683 0
78.80255665444932 58.5 1
100 58.5 0
100 55.5 1
82.31177975124677 55.5 0
83.04239999999999 54.8754 1
77.202 59.8683 1
72.35499999999999 62.1875 1
67.17400000000001 63.1009 1
61.8361 62.1463 1
56.9015 59.5698 0
60.59828436638851 61.5 1
25.0094988436072 61.5 0
25.9751 62.68559999999999 1
23.2331 64.8013 0
23.62359231932694 64.5 1
100 64.5 0
100 67.5 1
0 67.5 0
0 64.5 1
20.12639525277435 64.5 0
18.4799 62.88120000000001 0
19.8537 60.7551 1
22.4818 58.3964 0
22.36636727858566 58.5 1
0 58.5 0
0 61.5 1
19.37237568787921 61.5 0
18.4799 62.88120000000001 1
22.4393 66.774 0
25.5979 83.14189999999999 0
24.53241504644578 85.5 1
39.1125013003405 85.5 0
42.29905466420101 88.5 1
23.61356079527049 88.5 0
60.0973 55.2153 0