50.2809 42.56010000000001 0
50.2809 42.56010000000001 1
40.35080000000001 27.0694 0
38.5 27.51684278939823 1
38.5 0 0
41.5 0 1
41.5 28.86212237338999 0
58.6695 1.435792515558359 1
58.99323724659415 0.921111 0
60.7653 0.921111 1
65.1694 2.10957 1
65.1694 0.921111 1
58.6695 0.921111 0
56.5 0 1
56.5 78.06447899350314 0
50.5 73.47160125877616 1
50.5 100 0
53.5 100 1
53.5 72.50987456512539 0
54.81100000000001 72.08959999999999 1
52.90819999999999 65.16220000000001 0
53.5 67.31672770653773 1
53.5 0 0
50.5 0 1
50.5 65.80177633314804 0
47.5 66.59852452658885 1
47.5 44.35811143012943 0
44.5 46.29778358316919 1
44.5 67.39527272002965 0
42.1142 68.02889999999999 1
43.07810000000001 71.8955 0
42.0415 72.88319999999999 1
46.44710000000001 79.6833 1
45.59569999999999 75.0438 0
47.5 74.43332795242694 1
47.5 100 0
44.5 100 1
44.5 76.67792622344288 0
29.5 100 1
29.5 49.12122011294865 0
26.5 51.18411975045507 1
26.5 100 0
23.5 100 1
23.5 47.86812640314717 0
25.9445 51.56610000000001 1
15.8529 36.2998 0
17.5 35.19800317055909 1
17.5 28.17855648401735 0
20.5 28.77684127301441 1
20.5 33.1912091153574 0
21.5049 32.51900000000001 1
32.37220000000001 47.14619999999999 0
23.5 35.20437048945 1
23.5 29.37512606201147 0
26.5 29.97341085100854 1
26.5 39.24231919796085 0
29.5 43.28026790647171 1
29.5 30.5716956400056 0
30.9266 30.8562 1
33.8002 11.4635 1
33.8002 0 1
10.9174 0 1
10.9174 7.468311951219512 0
11.5 7.57003012195122 1
11.5 23.20804493812376 0
10.9174 26.8658 1
13.9234 7.99314 0
10.9174 5.945621404899848 1
33.8002 9.940809453680334 0
33.8002 6.895428361041006 1
10.9174 2.900240312260518 0
0 0 1
0 100 0
2.5 100 1
2.5 0 0
5.5 0 1
5.5 100 0
8.5 100 1
8.5 0 0
11.74870691439319 0 1
33.8002 3.850047268401677 0
29.1914018803833 0 1
33.8002 0.8046661757623472 0
35.5 0 1
35.5 28.24211206116972 0
32.5 20.2379948983853 1
32.5 61.08618468502351 0
31.4233 60.8086 1
31.0332 63.7021 1
30.1136 66.68360000000001 0
32.5 67.3807554254175 1
32.5 100 0
35.5 100 1
35.5 68.2571660339712 0
37.8319 68.9384 1
38.62820000000001 65.54230000000001 0
38.5 66.08905376114529 1
38.5 100 0
41.5 100 1
41.5 48.23745573620894 0
41.295 48.37 1
34.9102 28.3847 0
35.5 30.23085492106252 1
35.5 61.85961651846877 0
38.5 62.63304835191404 1
38.5 39.6212665236186 0
16.6439 73.1447 1
22.1916 79.42240000000001 0
20.5 80.96575126487215 1
20.5 100 0
17.5 100 1
17.5 83.7028367428909 0
16.2661 84.82859999999999 0
11.5 79.62777738058662 1
11.5 100 0
14.5 100 1
14.5 82.90141155910578 0
16.2661 84.82859999999999 1
10.7328 78.79060000000001 0
11.5 78.05782023312074 1
11.5 26.98198690602323 0
14.5 27.58027169502029 1
14.5 75.19241447107984 0
16.6439 73.1447 0
20.5 77.50820901634913 1
20.5 43.32980740516865 0
17.5 38.79148840719014 1
17.5 74.11345082827117 0
37.8319 68.9384 0
77.5 55.52857826567524 1
77.5 33.62878369396564 0
78.99459999999999 35.97620000000001 1
75.44990000000001 30.4089 0
77.5 29.02928820148072 1
77.5 0 0
80.5 0 1
80.5 27.01044258636058 0
80.94720000000001 26.7095 1
84.5342 32.1645 0
83.5 30.59172023975467 1
83.5 0 0
86.5 0 1
86.5 52.7732278417589 0
89.02029999999999 52.86199999999999 0
89.5 52.9920657077673 1
89.5 0 0
98.5 0 1
98.5 100 0
95.5 100 1
95.5 0 0
92.5 0 1
92.5 53.80548476822565 0
93.84180000000001 54.16930000000001 1
92.999 59.37050000000001 0
92.5 59.26848703378745 1
92.5 100 0
89.5 100 1
89.5 58.65518262769997 0
86.5 58.04187822161248 1
86.5 100 0
83.5 100 1
83.5 57.428573815525 0
80.5 56.81526940943752 1
80.5 100 0
62.5 91.78072418471558 1
62.5 100 0
65.5 100 1
65.5 78.3459222704623 0
66.25819999999999 74.95050000000001 1
62.20440000000001 93.1045 0
59.5 92.49847868080093 1
59.5 100 0
56.5 100 1
56.5 91.826217196702 0
53.7144 91.202 1
57.5932 72.90870000000001 0
59.5 73.35801381881132 1
59.5 4.739108344125563 0
58.6695 4.25304 1
58.6695 0 1
65.1694 0 1
65.1694 0.921111 0
65.5 0 1
65.5 74.77183955452972 0
62.5 74.0649266866705 1
62.5 6.326487409726267 0
62.4222 6.449389999999999 1
65.1694 2.10957 0
68.5 0 1
68.5 100 0
71.5 100 1
71.5 0 0
74.5 0 1
74.5 100 0
77.5 100 1
77.5 56.20196500335003 0
77.32749999999999 56.16670000000001 1
78.3227 52.48520000000001 0
80.5 52.5618907194137 1
80.5 34.94036109827424 0
83.5 32.87611458228031 1
83.5 52.6675592805863 0
44.5 33.54204503277913 1
44.5 0 0
47.5 0 1
47.5 38.22196769216825 0
50.2809 42.56010000000001 0