49.9492 45.70269999999999 0
48.88902276033352 46.5 1
100 46.5 0
100 43.5 1
48.26839045427728 43.5 0
46.7157 41.4652 1
41.2303 45.43689999999999 0
42.10668796685424 46.5 1
34.33730419170749 46.5 0
34.41245191151963 43.5 1
43.90539410579854 43.5 0
56.16071228489855 34.5 1
98.21280201106285 34.5 0
90.44638013416102 31.49999999999999 1
67.28101477737482 31.49999999999999 0
78.40131726985109 28.49999999999999 1
82.67995825725916 28.49999999999999 0
83.82164348727369 70.5 1
94.91218348463335 70.5 0
96.20015123986627 67.5 1
70.98333433846938 67.5 0
58.14502518966508 64.5 1
97.48811899509917 64.5 0
100 55.49999999999999 1
0 55.49999999999999 0
0 52.49999999999999 1
100 52.49999999999999 0
100 49.49999999999999 1
44.89989480473403 49.49999999999999 0
45.30671604086078 61.49999999999999 1
98.77608675033207 61.49999999999999 0
100 62.4514577509775 1
90.84669555090974 83.77180000000001 0
89.22290000000001 89.3115 1
92.7816 92.3415 1
89.96700000000001 94.93430000000001 0
90.43845201326752 94.49999999999997 1
100 94.49999999999997 0
100 91.5 1
91.79326797029702 91.5 0
94.11148665272924 83.77180000000001 1
100 70.05597522873634 0
100 77.66049270649521 1
97.37627775454871 83.77180000000001 0
93.90100000000001 72.8553 1
33.8267 58.81740000000001 0
31.34357471486194 67.5 1
0 67.5 0
0 64.5 1
32.20154074524618 64.5 0
33.05950677563041 61.49999999999999 1
0 61.49999999999999 0
0 58.49999999999999 1
100 58.49999999999999 0
100 58.81740000000001 1
100 83.77180000000001 1
89.21430000000001 83.77180000000001 1
30.6999 69.75069999999999 0
33.82696135181972 70.5 1
0 70.5 0
0 73.5 1
46.3468920277296 73.5 0
58.86682270363947 76.5 1
0 76.5 0
0 79.5 1
71.38675337954933 79.5 0
83.90668405545921 82.5 1
0 82.5 0
0 100 1
100 100 0
100 97.49999999999997 1
0 97.49999999999997 0
0 94.49999999999997 1
86.0604626434733 94.49999999999997 0
86.60810000000001 95.02029999999999 1
85.1317 93.61760000000001 0
87.14361916583454 91.5 1
0 91.5 0
0 88.5 1
100 88.5 0
100 85.5 1
0 85.5 0
0 37.5 1
44.93467204686607 37.5 0
45.82228948551844 34.5 1
0 34.5 0
0 31.49999999999999 1
46.7099069241708 31.49999999999999 0
47.59752436282315 28.49999999999999 1
0 28.49999999999999 0
0 25.49999999999999 1
48.48514180147551 25.49999999999999 0
49.37275924012786 22.5 1
34.0336112346361 22.5 0
33.8464 22.6659 0
31.31332217384934 19.5 1
15.6155302214141 19.5 0
15.1483 21.3674 1
6.48738 20.0104 0
6.641225284629172 19.5 1
0 19.5 0
0 22.5 1
33.71366124913661 22.5 0
33.8464 22.6659 1
38.7491 18.3213 0
37.41898618284768 19.5 1
53.8372351490213 19.5 0
54.6747 19.9866 1
55.12837265585827 19.9866 1
76.16970000000001 15.6909 1
57.74977981643904 15.6909 0
68.67080126012416 15.6909 1
56.56567198601775 18.16222716355256 0
56.41719999999999 18.4721 1
54.6747 19.9866 1
47.10429999999999 15.5879 0
48.67407330574942 16.5 1
37.26478951801784 16.5 0
34.78230000000001 13.4539 0
34.73282850280766 13.5 1
0 13.5 0
0 16.5 1
7.54548832124264 16.5 0
7.900080000000001 15.3236 1
16.4693 16.0877 0
16.3661410515749 16.5 1
31.51342521480279 16.5 0
30.0237 17.8882 1
34.78230000000001 13.4539 0
34.819870259276 13.5 1
47.93679980687857 13.5 0
49.13297750726444 10.5 1
0 10.5 0
0 7.499999999999998 1
50.32915520765033 7.499999999999998 0
51.52533290803622 4.5 1
0 4.5 0
0 1.5 1
100 1.5 0
100 4.5 1
55.53057114467856 4.5 0
58.52536141134139 7.499999999999998 1
100 7.499999999999998 0
100 10.5 1
60.23693952057879 10.5 0
58.79952421448172 13.5 1
100 13.5 0
100 16.5 1
76.32057299511308 16.5 0
81.32045031024893 19.331 1
77.29420595498479 21.72138787820657 0
76.84846997838483 19.331 1
84.2587 19.331 0
84.37478836748181 19.5 1
100 19.5 0
100 22.5 1
86.43552861863847 22.5 0
88.4962688697951 25.49999999999999 1
100 25.49999999999999 0
100 32.46504037917869 1
97.27277592069038 27.8453 0
95.5309 27.8453 1
91.53380000000001 29.922 0
90.55700912095176 28.49999999999999 1
94.27077510473347 28.49999999999999 0
95.5309 27.8453 1
100 27.8453 1
100 35.1238 0
99.82769999999999 35.1238 1
80.6858 27.7297 0
78.41457679343401 27.7297 1
77.57501464729461 23.22730557260616 0
78.20767842236199 26.62014774441661 1
78.91032351061023 27.7297 0
78.55070000000001 28.4597 1
44.9255 37.53100000000001 0
45.04040979242228 37.5 1
100 37.5 0
100 40.5 1
32.8041675134963 40.5 0
34.48269999999999 40.6956 1
29.0781 40.0658 0
29.05120374223011 40.5 1
0 40.5 0
0 43.5 1
28.86537054713649 43.5 0
28.67953735204286 46.5 1
0 46.5 0
0 49.49999999999999 1
28.49370415694923 49.49999999999999 0
28.4433 50.3137 1
35.1143 51.0964 0
35.1999443041872 49.49999999999999 1
44.5797985872688 49.49999999999999 0
44.70229999999999 49.6486 1
49.9492 45.70269999999999 0
49.9492 45.70269999999999 0