15.9842 49.9356
11.6162 44.2905
6.55276 48.2697
10.8696 54.0233

14.7125 15.7019
10.7014 14.3196
8.76894 20.9378
13.6014 26.4372

24.2452 11.975
20.3205 6.75508
12.9347 12.3675
13.451 13.8951
17.266 17.2798

32.4281 40.5516
26.2276 36.3416
21.3051 44.0855
15.8198 51.2522
22.3995 55.3003
28.4235 47.8511

58.622 5.06925
56.28 3.03571
28.3811 35.9427
30.3617 37.7777

36.3477 17.5665
35.5648 12.19
33.0957 7.00541
23.1956 19.0639
30.828 20.8424
30.9069 22.2852
35.4829 23.4722

45.8529 94.5455
44.1426 80.6727
28.0225 83.4781
30.0652 97.2112

65.7651 54.9903
55.939 46.1197
35.3941 67.6129
44.427 77.1006

51.8106 30.9049
43.7859 28.1974
37.1562 48.3733
46.0057 52.5345

66.2644 18.7307
59.4508 16.4161
58.0131 20.4969
59.1671 20.847
53.7194 34.567
52.2516 34.3462
51.1082 36.47
57.6912 39.0786

75.9601 17.5157
71.8414 14.4991
68.3896 18.2047
72.5859 21.5928

92.2041 46.8002
91.4017 42.4135
69.3921 44.6797
69.7886 49.2161