40.6738 50.47499999999999 0
36.55268367510195 46.5 1
100 46.5 0
100 43.5 1
0 43.5 0
0 40.5 1
100 40.5 0
100 37.5 1
0 37.5 0
0 34.5 1
100 34.5 0
100 31.5 1
0 31.5 0
0 28.5 1
100 28.5 0
100 25.5 1
0 25.5 0
0 22.5 1
100 22.5 0
100 19.5 1
0 19.5 0
0 16.5 1
100 16.5 0
100 13.5 1
0 13.5 0
0 10.5 1
100 10.5 0
100 7.5 1
36.86272524511834 7.5 0
37.1815 6.97213 1
33.16540000000001 4.88158 0
31.94729299145924 7.5 1
0 7.5 0
0 4.5 1
100 4.5 0
100 1.5 1
0 1.5 0
31.637 8.167000000000002 1
35.4323 9.868690000000001 0
40.6738 50.47499999999999 0