20.3235 80.953
14.8668 62.0433
3.0892 64.9263
9.75375 83.6265

36.0333 86.2717
30.9412 78.1568
25.3357 72.0007
19.3419 76.5
25.07 83.6685
30.0696 91.1822

37.8656 42.5109
31.912 37.588
24.9116 44.1282
19.9318 50.8006
25.4873 55.8312
31.4379 48.8461

51.2953 31.4687
38.146 37.3496
47.0914 41.3224

68.7974 88.7232
52.1098 85.9618
50.3267 94.7094
67.5608 97.9412
68.1982 93.5864
67.328 92.4716
67.7941 89.5064

84.0448 75.4972
60.9818 66.2647
56.5692 77.18
72.8906 84.22

69.8214 40.1002
62.6519 37.0185
60.3461 43.0934
67.0805 45.972

97.3286 3.13164
89.6138 3.5342
88.8835 13.0865
89.7305 21.3692
97.2249 21.3151
96.8813 12.1455