32.0593 69.5995
19.4208 51.2278
6.94385 55.2209
21.4767 76.9825

24.7697 40.874
21.7649 33.1547
20.0693 33.7587
16.6318 44.7539

52.8822 36.9475
49.607 35.0179
42.0002 43.8759
45.2361 46.665

73.2857 58.8651
65.8889 42.7187
53.9228 47.2873
53.2906 45.7825
48.2511 47.2493
53.0485 54.2482
58.9452 58.967
66.3595 60.7609

71.012 6.95323
66.4315 10.5239
64.964 16.1609
62.5095 19.7422
58.0664 18.4312
55.7988 20.3954
54.3456 28.7982
64.2421 40.0707

84.4311 64.9033
82.2366 64.3461
82.556 61.3825
79.3473 60.6333
78.255 64.0043
76.2302 63.4508
74.3317 68.7562
80.3158 70.6695
80.696 68.8106
82.898 69.0286

95.7078 84.7599
90.9678 82.8635
87.7864 89.5471
88.5464 90.1458
87.6852 92.1769
89.8881 92.6998
86.9777 96.7547
92.3965 98.6553
94.8052 93.4094
92.6044 92.5471