54.8676 43.92740000000001 0
45.01227505801695 49.5 1
0 49.5 0
0 52.5 1
28.68239642948358 52.5 0
28.566 51.8853 1
60.9504 47.1884 0
61.3922 48.55029999999999 0
55.56852052638536 49.5 1
100 49.5 0
100 52.5 1
37.17214438566323 52.5 0
37.92523787898466 55.5 1
100 55.5 0
100 58.5 1
42.09217593278923 58.5 0
46.25911398659382 61.50000000000001 1
100 61.50000000000001 0
100 64.5 1
47.7131704408669 64.5 0
45.03746111061697 67.5 1
72.39014076200363 67.5 0
70.91354566006424 71.72281999864353 1
70.48885427313417 71.9717 0
70.29211844173372 73.5 1
0 73.5 0
0 70.5 1
65.85675094265954 70.5 0
65.49340000000001 70.1789 1
67.52209999999999 71.9717 1
70.82651969374513 71.9717 1
71.67816247212545 69.53614122595204 1
70.84960000000001 70.02170000000001 1
68.90299999999999 67.72640000000001 0
43.11347203595112 79.5 1
77.23371649145261 79.5 0
84.49114404424537 82.5 1
41.49809352985558 82.5 0
39.88271502376004 85.5 1
100 85.5 0
100 88.5 1
38.26733651766449 88.5 0
36.65195801156895 91.5 1
100 91.5 0
100 100 1
0 100 0
0 97.5 1
100 97.5 0
100 94.5 1
0 94.5 0
0 93.2319 1
0 78.1225 1
43.8552 78.1225 0
48.774 63.31059999999999 1
34.8699 53.30029999999999 1
29.6867 58.1232 1
37.37439999999999 63.919 0
37.88398435167987 64.5 1
12.73491067129897 64.5 0
10.91316631485354 61.50000000000001 1
17.43309983325071 61.50000000000001 0
17.4046 61.5994 1
21.8619 63.88979999999999 0
17.63243686785552 78.1225 1
9.117883860594425 78.61035004734114 0
7.628219785751767 78.1225 1
7.296936268652187 93.2319 0
4.296215253664426 93.2319 1
4.627498770764005 78.1225 0
1.295494238676666 93.2319 1
1.626777755776244 78.1225 0
0 76.5 1
69.97628893865988 76.5 0
69.3357 76.23519999999999 1
90.5061 84.9864 0
92.0862903746617 84.9864 1
93.93790000000001 79.39795748692626 0
98.5 84.9864 1
98.5 66.6027 0
100 66.6027 1
72.7039 66.6027 0
76.94640082588214 66.6027 1
93.93790000000001 73.02512499630168 0
93.93790000000001 69.81797498890506 1
85.43140247764637 66.6027 0
93.91640412941061 66.6027 1
93.93790000000001 66.61082498150844 0
93.93790000000001 66.6027 1
93.93790000000001 84.9864 0
95.5 84.9864 1
95.5 66.6027 0
100 46.5 1
0 46.5 0
10.5306 60.87 1
5.64683 63.54170000000001 0
9.378983014560003 61.50000000000001 1
0 61.50000000000001 0
0 64.5 1
6.218953209628742 64.5 0
8.010009902612371 67.5 1
0 67.5 0
9.662199999999999 70.26740000000001 1
14.2186 66.94329999999999 0
13.45552190968983 67.5 1
40.5152288526086 67.5 0
34.16577542703338 61.50000000000001 1
22.94882363590199 61.50000000000001 0
23.6532 59.9513 1
19.2024 58.0003 0
18.78184390668019 58.5 1
0 58.5 0
0 55.5 1
32.50586901449334 55.5 0
29.6867 58.1232 0
30.18649732910039 58.5 1
20.34236143516147 58.5 0
28.9367 53.843 1
61.3922 48.55029999999999 0
60.5637425761166 40.5 1
76.40416703240851 40.5 0
60.44450000000001 42.5853 0
57.9689 41.4072 1
54.8676 43.92740000000001 0
54.8676 43.92740000000001 0