8.48639 45.2416
1.3682 41.0051
0.403191 42.5246
4.45851 53.3072

13.3106 87.8575
6.05911 85.6179
4.77081 90.3036
12.5667 92.1951

19.6301 42.9126
11.8986 39.5744
9.22396 46.028
17.275 49.532

62.2284 78.8216
19.4521 73.2176
18.9838 75.8766
61.7892 81.892

37.4314 20.1032
24.8202 18.3837
23.5062 23.7282
36.2824 25.5987

41.0651 62.1911
27.8188 56.0068
24.5846 68.454
37.0489 71.5479

52.8798 39
50.923 23.7074
41.7455 22.6255
44.0618 39.7617

64.6698 70.9956
56.3959 68.0981
54.1438 73.0528
62.4346 75.3506

67.6098 65.2848
60.0441 50.7485
57.0994 52.9235
55.7268 57.8976
61.2631 68.8863

97.6976 73.9799
95.8056 66.2435
80.844 69.1802
82.0289 74.3143
70.8962 77.0462
73.5117 84.8793
86.4797 82.7112
85.5948 77.4181

81.0337 35.8676
73.2864 32.4886
72.0981 39.7602
78.9231 42.6756