28.9379 50.66 0
22.21044365983295 52.5 1
0 52.5 0
9.887450000000001 48.0694 0
12.81724389093891 46.5 1
100 46.5 0
100 43.5 1
18.41771647461211 43.5 0
24.01818905828532 40.5 1
100 40.5 0
100 37.5 1
29.61866164195852 37.5 0
35.21913422563173 34.5 1
100 34.5 0
100 31.5 1
34.39888515450473 31.5 0
35.84059999999999 34.1671 1
9.887450000000001 48.0694 0
8.158520999162192 48.0694 1
5.181900000000001 42.87619883228912 0
0 22.5 1
100 22.5 0
100 19.5 1
0 19.5 0
0 16.5 1
100 16.5 0
100 13.5 1
0 13.5 0
0 10.5 1
100 10.5 0
100 7.5 1
0 7.5 0
0 4.5 1
100 4.5 0
100 1.5 1
0 1.5 0
5.181900000000001 27.95788203399247 1
9.064229056132646 25.8858 0
15.43562075438046 25.8858 1
5.181900000000001 31.35843002428033 0
5.181900000000001 34.7589780145682 1
21.80701245262828 25.8858 0
28.17840415087609 25.8858 1
5.181900000000001 38.15952600485606 0
5.181900000000001 39.85980000000001 1
5.181900000000001 48.0694 0
3.6819 48.0694 1
3.6819 25.8858 0
5.181900000000001 25.8858 1
31.3641 25.8858 0
32.77721947399563 28.5 1
100 28.5 0
100 25.5 1
0 25.5 0
0.6819000000000004 25.8858 1
0.6819000000000004 48.0694 0
0 49.5 1
100 49.5 0
100 52.5 1
29.5305156309259 52.5 0
30.49673676830508 55.5 1
100 55.5 0
100 58.5 1
31.46295790568427 58.5 0
32.42917904306346 61.5 1
100 61.5 0
100 64.5 1
33.39540018044264 64.5 0
33.8464 65.90029999999999 1
20.5498 69.89670000000001 0
19.76453089632197 67.5 1
0 67.5 0
0 70.5 1
100 70.5 0
100 67.5 1
28.52396705534981 67.5 0
21.17321694021526 76.5 1
100 76.5 0
100 73.5 1
0 73.5 0
0.3178700000000003 74.7499 1
0.3178700000000003 92.84350000000001 0
0 92.84350000000001 1
9.492850000000001 92.84350000000001 1
24.7516 81.65299999999999 0
23.2564983645029 79.5 1
100 79.5 0
100 82.5 1
23.59667740940976 82.5 0
19.50604249586703 85.5 1
100 85.5 0
100 88.5 1
15.41540758232429 88.5 0
0 100 1
100 100 0
100 97.5 1
0 97.5 0
0 94.5 1
100 94.5 0
100 91.5 1
11.32477266878156 91.5 0
9.492850000000001 92.84350000000001 0
7.679772348556833 92.84350000000001 1
4.817869999999999 88.62843545838629 0
4.817869999999999 85.9581 1
4.817869999999999 92.84350000000001 0
3.31787 92.84350000000001 1
3.31787 74.7499 0
7.352858466666332 74.7499 1
4.817869999999999 76.62655795458065 0
4.817869999999999 74.7499 1
19.9579 74.7499 0
17.43689169333327 74.7499 1
4.817869999999999 84.09179159091613 0
4.817869999999999 80.35917477274839 1
12.3948750799998 74.7499 0
18.78159297708549 64.5 1
0 64.5 0
0 61.5 1
17.798655057849 61.5 0
16.81571713861253 58.5 1
0 58.5 0
0 55.5 1
15.83277921937604 55.5 0
15.4552 54.3476 1
28.9379 50.66 0
28.9379 50.66 0