49.9526 51.9413 0
50.52645830821278 49.5 1
0 49.5 0
0 46.5 1
51.23164608711677 46.5 0
51.7383 44.3446 1
57.9978 46.02079999999999 0
57.88617253329595 46.5 1
100 46.5 0
100 43.5 1
0 43.5 0
0 40.5 1
100 40.5 0
100 37.5 1
0 37.5 0
0 34.5 1
100 34.5 0
100 31.5 1
0 31.5 0
0 28.5 1
79.23079946877954 28.5 0
74.97540000000001 25.2938 0
76.94873538536507 22.5 1
0 22.5 0
0 25.5 1
75.2490770539774 25.5 0
74.97540000000001 25.2938 1
80.87180000000001 29.7364 0
81.80046073575011 28.5 1
100 28.5 0
100 25.5 1
84.05376242391762 25.5 0
84.79599999999999 24.5118 1
78.45419999999999 20.3686 0
81.71663302761152 22.5 1
100 22.5 0
100 19.5 1
0 19.5 0
0 16.5 1
100 16.5 0
100 13.5 1
0 13.5 0
0 10.5 1
100 10.5 0
100 7.5 1
0 7.5 0
0 4.5 1
100 4.5 0
100 1.5 1
0 1.5 0
49.9526 51.9413 0