49.9526 51.9413 0
49.9526 51.9413 1
56.33620000000001 53.1538 0
56.48849974484789 52.5 1
100 52.5 0
100 49.5 1
57.18733613907192 49.5 0
54.97859156956258 76.5 1
100 76.5 0
100 73.5 1
54.90987480170135 73.5 0
54.455 72.3819 1
47.7071 75.59030000000001 0
52.10341447762124 73.5 1
0 73.5 0
0 73.24359999999999 1
0 57.82170000000001 1
21.9337 57.82170000000001 0
22.17160646572346 58.5 1
100 58.5 0
100 55.5 1
0 55.5 0
0 52.5 1
52.89405758350516 52.5 0
18.69379755826859 91.5 1
0 91.5 0
0 100 1
100 100 0
100 97.5 1
31.48642858701582 97.5 0
31.5742 98.899 1
16.3536 99.2604 0
16.14337957530677 97.5 1
0 97.5 0
0 94.5 1
15.78513072613632 94.5 0
15.469 91.8527 1
28.6498 90.4111 0
28.66634787764706 88.5 1
0 88.5 0
0 85.5 1
28.6923243482353 85.5 0
28.6958 85.0986 1
39.44070000000001 84.47069999999999 0
39.10273525549299 85.5 1
100 85.5 0
100 88.5 1
38.11770248222858 88.5 0
37.13266970896419 91.5 1
100 91.5 0
100 94.5 1
31.29821254773595 94.5 0
36.5954 93.13630000000001 0
48.09175686535318 76.5 1
0 76.5 0
0 79.5 1
50.87493188490139 79.5 0
51.6798 81.79570000000001 1
54.6902 80.2234 0
54.74623009653048 79.5 1
100 79.5 0
100 82.5 1
0 82.5 0
12.49162746446266 70.5 1
100 70.5 0
100 67.5 1
21.64363535005809 67.5 0
25.0127 66.6003 1
16.3105 68.92420000000001 1
5.842650000000001 73.24359999999999 0
4.223436010380654 73.24359999999999 1
3.09372 70.46469086422974 0
3.09372 66.48169999999999 1
3.09372 73.24359999999999 0
1.59372 73.24359999999999 1
1.59372 57.82170000000001 0
3.09372 58.22731013116464 1
3.976131865928329 57.82170000000001 0
11.159159119557 57.82170000000001 1
3.09372 61.52906607869879 0
3.09372 64.83082202623294 1
18.34218637318567 57.82170000000001 0
21.9337 57.82170000000001 0
23.22382435923723 61.5 1
100 61.5 0
100 64.5 1
24.27604225275101 64.5 0
49.9526 51.9413 0