66.3219 62.863 0
64.5 100 1
64.5 0 0
61.5 0 1
61.5 100 0
58.5 100 1
58.5 0 0
55.5 0 1
55.5 100 0
52.5 100 1
52.5 0 0
49.5 0 1
49.5 100 0
13.5 70.8902819946434 1
13.5 0 0
16.5 0 1
16.5 100 0
13.5 100 1
13.5 74.19937423717192 0
10.5 76.71934644657878 1
10.5 100 0
1.5 100 1
1.5 0 0
4.5 0 1
4.5 100 0
7.5 100 1
7.5 74.87808663406705 0
9.501830000000002 77.55779999999999 1
5.577450000000001 72.30449999999999 0
7.5 70.85009925603339 1
7.5 0 0
10.5 0 1
10.5 68.58061225600747 0
11.364 67.92699999999999 1
14.9857 72.95140000000001 0
34.5 71.38482129711352 1
34.5 0 0
31.5 0 1
31.5 82.54918336438823 0
31.4638 82.68389999999999 0
34.5 83.37169493113683 1
34.5 100 0
19.5 100 1
19.5 0 0
22.5 0 1
22.5 100 0
25.5 100 1
25.5 0 0
28.5 0 1
28.5 100 0
31.5 100 1
31.5 82.69210044019076 0
31.4638 82.68389999999999 1
34.52290000000001 71.2996 0
37.5 72.13115957508808 1
37.5 0 0
40.5 0 1
40.5 72.96911554743173 0
43.5 73.80707151977535 1
43.5 0 0
46.5 0 1
46.5 100 0
43.5 100 1
43.5 85.2115455336961 0
43.4586 85.40110000000001 0
40.5 84.73088391302898 1
40.5 100 0
37.5 100 1
37.5 84.0512894220829 0
43.4586 85.40110000000001 1
45.8476 74.46279999999999 0
66.3219 62.863 1
66.2516 80.98609999999999 0
67.5 80.89775884543761 1
67.5 100 0
76.5 100 1
76.5 0 0
73.5 0 1
73.5 100 0
70.5 100 1
70.5 80.68546834264433 0
70.54759999999999 80.68209999999999 1
70.15969999999999 62.6859 0
91.5 71.90363835390644 1
91.5 0 0
94.5 0 1
94.5 100 0
97.5 100 1
97.5 0 0
100 0 1
100 100 0
91.5 100 1
91.5 76.88281828904232 0
88.4922 78.31610000000001 1
86.07239999999999 81.2046 1
87.0943 82.4545 1
84.05250000000001 85.79390000000001 0
85.5 84.20478122164508 1
85.5 100 0
88.5 100 1
88.5 0 0
85.5 0 1
85.5 63.57540579692964 0
84.03809999999999 63.6858 1
84.66419999999999 68.16999999999999 0
85.5 68.01510406129839 1
85.5 76.37955323848746 0
82.08179999999999 74.16730000000001 0
79.5 77.09800288234368 1
79.5 0 0
82.5 0 1
82.5 74.43795833021341 0
82.08179999999999 74.16730000000001 1
77.0026 79.93289999999999 0
79.5 82.00913674094667 1
79.5 100 0
82.5 100 1
82.5 84.50321467113008 0
70.5 78.47374960041248 1
70.5 0 0
67.5 0 1
67.5 62.80863512689562 0
66.3219 62.863 0