56.7677 36.8592 0
82.04115706229578 64.5 1
24.49342218940988 64.5 0
24.5388 64.09549999999999 1
21.43808246294989 64.09549999999999 1
19.0318 66.34649999999999 0
18.2028494801002 73.28399999999999 1
19.65534522484288 71.92523685736896 0
20.2975 68.06309999999999 1
19.42942463409965 73.28399999999999 1
13.6904 73.28399999999999 1
0.5728899999999999 73.28399999999999 1
0.5728899999999999 59.0783 1
0 59.0783 1
0 73.28399999999999 1
0.5728899999999999 73.28399999999999 0
0 74.78399999999999 1
18.79567971060414 74.78399999999999 0
17.2192 77.59639999999999 1
12.6763 76.68969999999999 1
10.5943 78.84950000000001 1
10.5943 76.68969999999999 0
10.61324046663067 73.28399999999999 1
0.5728899999999999 67.67862988232702 0
0.5728899999999999 71.11448964698107 1
4.458921399892022 73.28399999999999 0
9.0943 76.68969999999999 1
9.0943 97.68719999999999 0
6.0943 97.68719999999999 1
6.0943 76.68969999999999 0
3.094300000000001 76.68969999999999 1
3.094300000000001 97.68719999999999 0
0.09430000000000135 97.68719999999999 1
0.09430000000000135 76.68969999999999 0
0 76.68969999999999 1
12.6763 76.68969999999999 0
13.81143323060503 73.28399999999999 1
23.63379058769748 64.09549999999999 0
21.00567852858151 64.5 1
17.80694252300015 64.5 0
17.7556 64.42259999999999 1
9.537379999999999 59.0783 1
0.5728899999999999 59.0783 0
0 58.5 1
100 58.5 0
98.94370000000001 57.5089 1
98.94370000000001 48.81789999999999 0
98.94370000000001 49.1188380791495 1
97.53533668834044 48.81789999999999 0
98.94370000000001 50.6527 1
97.6045 57.5089 1
89.3639 55.77330000000001 0
89.40292208787417 55.5 1
0 55.5 0
1.78794 53.28749999999999 1
1.78794 39.916 0
3.28794 39.916 1
3.28794 48.8869 1
3.28794 53.28749999999999 0
3.28794 51.0847434728213 1
5.344798821189343 53.28749999999999 0
2.147825982463103 59.0783 1
0.5728899999999999 60.28744178115031 0
0.5728899999999999 64.06961392705011 1
7.074195327487701 59.0783 0
10.88906274890057 49.5 1
90.2596089786353 49.5 0
90.357 48.81789999999999 1
100 48.81789999999999 1
100 57.5089 1
98.94370000000001 57.5089 1
97.6045 57.5089 0
98.04846302173209 60.6052 1
100 60.6052 0
99.5512980923595 60.6052 1
99.0068350706274 69.45660000000001 0
100 70.5 1
77.42411050773825 70.5 0
77.3509 70.3167 1
74.43709999999999 71.6114 0
76.93837235653046 70.5 1
23.8203273475293 70.5 0
23.38760144355444 74.35733965304968 1
24.27648597076187 71.68049999999999 0
23.68789593738929 71.68049999999999 1
22.44673148545623 82.74430000000001 1
25.34420077224399 82.74430000000001 0
25.425324230554 82.5 1
34.83124346242643 82.5 0
35.56180000000001 82.74430000000001 1
26.3654 79.66900000000001 0
21.80104282188755 88.5 1
100 88.5 0
100 85.5 1
22.13759024282784 85.5 0
23.76366257596558 82.74430000000001 1
27.43756236331868 71.68049999999999 0
30.5383 71.68049999999999 1
27.2555 76.98849999999999 1
29.01810055959709 71.68049999999999 1
30.5383 71.68049999999999 1
38.5569 73.9187 0
37.05686076311322 73.5 1
75.18810283553876 73.5 0
75.32060000000001 73.83320000000001 1
73.24459999999999 75.06700000000001 0
73.32748195016444 75.24529999999999 1
73.24459999999999 75.06700000000001 0
72.5094 75.24529999999999 1
73.32748195016444 75.24529999999999 1
74.8135 78.44210000000001 0
73.8503987184755 76.37022598937259 1
73.3621934619847 79.46297652510984 0
73.0966 79.6498 1
72.47240543891232 83.60403448957595 0
73.59722690477295 83.55364110604177 1
72.72237199829672 82.02051157544466 0
71.1808 83.6619 1
72.5094 75.24529999999999 1
48.1056 75.5025 0
37.68089705062545 76.5 1
48.09397442922375 76.5 0
48.05901030658839 79.5 1
36.66280196360587 79.5 0
35.6447068765863 82.5 1
48.02404618395303 82.5 0
47.9984 84.70050000000001 1
75.2812109163888 83.4781965535164 0
75.85429999999999 84.48249999999999 1
80.35810000000001 81.88910000000001 0
79.29718713657746 82.5 1
100 82.5 0
100 79.5 1
79.33157850997199 79.5 0
80.2929 77.68270000000001 0
79.82052647298397 76.5 1
100 76.5 0
100 73.5 1
78.62231849036112 73.5 0
100 100 1
0 100 1
0 97.68719999999999 1
20.7704 97.68719999999999 0
14.24107728430361 97.68719999999999 1
9.901579999999999 93.55955865304719 0
9.901579999999999 89.41918621768241 1
18.59395909476787 97.68719999999999 0
20.7704 97.68719999999999 0
20.79140055906667 97.5 1
100 97.5 0
100 94.5 1
21.12794798000697 94.5 0
21.46449540094726 91.5 1
100 91.5 0
97.50399999999999 69.45660000000001 1
81.91210000000001 68.19479999999999 0
81.93636893116897 67.5 1
24.15687476846959 67.5 0
29.02768619525531 31.5 1
55.9800352636485 31.5 0
55.53911232569985 28.5 1
42.85345725372915 28.5 0
56.7677 36.8592 0