12.4449 65.6031
10.5582 61.2386
9.219 61.7812
7.06599 57.4494
1.78191 59.7733
3.87204 65.3563
8.95989 67.1657

22.5879 37.4393
19.17 29.2193
2.06888 36.7851
5.49736 44.7817

34.4005 66.8776
33.6658 44.9653
21.6324 67.5166

50.9509 63.9194
47.9858 56.8095
42.7002 59.1759
45.6278 66.1717

63.1638 15.8212
49.2493 9.92706
45.4142 18.2406
59.1899 24.3304

66.5495 88.3906
59.5894 82.1623
56.5364 85.7012
63.3857 92.4117

80.7889 62.3572
70.9977 54.8743
63.8082 64.2162
73.6343 72.2346

80.1737 38.301
75.9563 38.5572
75.2448 43.1343
64.0967 43.9527
64.2339 50.6595
74.3713 50.2912

93.6061 38.6303
85.8753 30.6144
81.0676 34.772
89.4593 42.9028