47.9858 56.8095 0
47.9858 56.8095 1
42.7002 59.1759 0
43.67278857600274 61.5 1
34.22019383770758 61.5 0
34.11960649635137 58.5 1
44.20989279918864 58.5 0
48.26308117507965 19.5 1
0 19.5 0
0 22.5 1
55.04936315478341 22.5 0
70.26329930351906 43.5 1
8.480709465842232 43.5 0
15.46366054450861 40.5 1
75.65429606737891 40.5 0
75.2448 43.1343 1
64.0967 43.95269999999999 0
64.1488097334049 46.5 1
33.71725713092647 46.5 0
33.81784447228269 49.5 1
64.21018028269816 49.5 0
64.23390000000001 50.65949999999999 1
74.37129999999999 50.2912 0
71.81641384623609 55.5 1
100 55.5 0
100 58.5 1
75.74184382659129 58.5 0
79.6672738069465 61.5 1
100 61.5 0
100 64.5 1
79.23678336201834 64.5 0
80.78890000000001 62.35720000000001 1
70.99770000000001 54.87430000000001 0
70.51616303749773 55.5 1
34.01901915499514 55.5 0
33.91843181363892 52.5 1
100 52.5 0
100 49.5 1
74.75418426214742 49.5 0
76.20596988707445 46.5 1
100 46.5 0
100 13.5 1
57.68406293912258 13.5 0
63.16379999999999 15.8212 1
49.24930000000001 9.927060000000001 0
50.6018592588571 10.5 1
100 10.5 0
100 7.5 1
0 7.5 0
0 4.5 1
100 4.5 0
100 1.5 1
0 1.5 0
0 10.5 1
48.98499836748245 10.5 0
47.60107527334925 13.5 1
0 13.5 0
0 16.5 1
46.21715217921607 16.5 0
45.41419999999999 18.2406 1
59.18989999999999 24.3304 0
62.84679213557091 16.5 1
100 16.5 0
100 19.5 1
61.44575561039815 19.5 0
60.04471908522541 22.5 1
100 22.5 0
100 25.5 1
0 25.5 0
8.047586498431052 29.2193 1
2.06888 31.86437223069773 0
2.06888 29.2193 1
19.17 29.2193 0
15.46252883281035 29.2193 1
2.06888 35.14485741023258 0
2.06888 36.7851 1
2.06888 44.7817 0
3.865307688819714 44.7817 1
2.06888 40.5917051170152 0
0 44.7817 1
5.49736 44.7817 1
22.5879 37.4393 0
22.44661162317498 37.5 1
83.88313569144486 37.5 0
81.0676 34.77200000000001 0
81.38213107562055 34.5 1
21.36573047810219 34.5 0
20.1183217189781 31.5 1
84.85122382143544 31.5 0
85.87530000000001 30.6144 1
81.0676 34.77200000000001 1
89.45930000000001 42.9028 0
86.9793992817435 40.5 1
79.1095411369285 40.5 0
77.65775551200147 43.5 1
100 43.5 0
91.79140790871855 40.5 1
100 40.5 0
100 37.5 1
92.51600116643172 37.5 0
100 34.5 1
89.62270159932135 34.5 0
86.72940203221097 31.5 1
100 31.5 0
100 28.5 1
0 28.5 0
0.5688800000000001 29.2193 1
0.5688800000000001 44.7817 0
0 46.5 1
32.84688228882592 46.5 0
31.24607878747567 49.5 1
0 49.5 0
4.677137446964155 58.5 1
1.305219595378829 58.5 0
1.78191 59.77330000000001 1
7.065989999999999 57.4494 0
7.588163762869939 58.5 1
26.44366828342491 58.5 0
28.04447178477515 55.5 1
0 55.5 0
0 52.5 1
29.64527528612541 52.5 0
0 100 1
100 100 0
100 97.5 1
0 97.5 0
0 94.5 1
100 94.5 0
100 91.5 1
64.10302522444107 91.5 0
63.3857 92.4117 0
59.3930903867074 88.5 1
0 88.5 0
0 91.5 1
62.45514239475449 91.5 0
63.3857 92.4117 1
56.5364 85.7012 0
56.70997472660996 85.5 1
0 85.5 0
0 82.5 1
59.29806707168895 82.5 0
59.5894 82.16229999999999 0
63.31926621871136 85.5 1
100 85.5 0
100 82.5 1
59.96677838093862 82.5 0
59.5894 82.16229999999999 1
66.54949999999999 88.39060000000001 0
66.46342412026559 88.5 1
100 88.5 0
100 79.5 1
0 79.5 0
0 76.5 1
100 76.5 0
100 73.5 1
0 73.5 0
8.959890000000001 67.16569999999999 1
3.87204 65.3563 1
4.549432301988178 67.16569999999999 1
8.959890000000001 67.16569999999999 0
12.4449 65.60310000000001 0
11.96804840875243 64.5 1
23.24206128072439 64.5 0
24.84286478207465 61.5 1
10.67119882689884 61.5 0
10.5582 61.23860000000001 1
9.219000000000001 61.7812 0
9.079236757929728 61.5 1
9.913034353114632 61.5 0
10.5582 61.23860000000001 0
21.6324 67.51660000000001 0
21.96409086071988 67.5 1
67.83231293774318 67.5 0
49.57870630466634 64.5 1
64.15598100119723 64.5 0
63.8082 64.21619999999999 1
73.6343 72.2346 0
77.06376212161095 67.5 1
100 67.5 0
100 70.5 1
74.89074088120356 70.5 0
73.6343 72.2346 0
71.50864487428913 70.5 1
0 70.5 0
2.947761067293803 67.16569999999999 1
0 59.29185959834972 0
0 57.4494 1
0 67.16569999999999 0
0 67.5 1
21.64125777937414 67.5 0
21.6324 67.51660000000001 1
34.40049999999999 66.8776 0
34.32078117906381 64.5 1
44.92822755367506 64.5 0
45.62779999999999 66.17169999999999 1
50.9509 63.9194 0
49.94191774427208 61.5 1
65.89857989060042 61.5 0
68.20737146404906 58.5 1
48.69080310130944 58.5 0
47.9858 56.8095 0