70.5 100.5 0
70.5 99.99999999999994 1
15.5 100.0000000000006 0
15.5 99.0000000000006 1
70.5 98.99999999999994 0
70.5 94.99999999999994 1
24.5 95.00000000000048 0
24.5 94.00000000000048 1
70.5 93.99999999999994 0
70.5 92.99999999999994 1
24.5 93.00000000000048 0
24.5 92.00000000000048 1
70.5 91.99999999999994 0
70.5 90.99999999999994 1
24.5 91.00000000000048 0
24.5 90.00000000000048 1
70.5 89.99999999999994 0
70.5 88.99999999999994 1
24.5 89.00000000000048 0
24.5 88.00000000000048 1
70.5 87.99999999999994 0
70.5 86.99999999999994 1
24.5 87.00000000000048 0
24.5 86.00000000000048 1
70.5 85.99999999999994 0
70.5 83.99999999999994 1
24.5 84.00000000000048 0
24.5 85.00000000000048 1
70.5 84.99999999999994 0
58.5 82.00000000000009 1
84.61897503240962 81.99999999999977 0
85.81897503240964 80.99999999999974 1
58.5 81.00000000000009 0
58.5 80.00000000000009 1
87.01897503240966 79.99999999999974 0
88.21897503240967 78.99999999999972 1
58.5 79.00000000000009 0
58.5 78.00000000000009 1
89.41897503240969 77.99999999999972 0
89.5 77.93247919367445 0
89.5 77.99999999999972 1
102.5 77.99999999999955 0
102.5 78.99999999999955 1
89.5 78.99999999999972 0
102.5 76.99999999999955 1
58.5 77.00000000000009 0
70 56.5 1
70 46.21428571428571 0
69.75 46 1
102.5 46 0
102.5 45 1
68.58333333333334 45 0
69 45.35714285714286 1
69 56.5 0
68 56.5 1
68 44.5 0
67.41666666666666 44 1
102.5 44 0
102.5 43 1
66.25 43 0
67 43.64285714285714 1
67 56.5 0
66 56.5 1
66 42.78571428571429 0
65.08333333333334 42 1
102.5 42 0
102.5 41 1
64.5 41 0
64.5 40 1
102.5 40 0
102.5 39 1
67.5 39 0
67.5 38 1
102.5 38 0
102.5 37 1
67.5 37 0
67.5 36 1
102.5 36 0
102.5 35 1
67.5 35 0
67.5 34 1
102.5 34 0
102.5 33 1
61.5 33 0
61.5 32 1
102.5 32 0
102.5 31 1
61.5 31 0
61.5 30 1
102.5 30 0
102.5 29 1
61.5 29 0
61.5 28 1
102.5 28 0
102.5 27 1
61.5 27 0
61.5 26 1
102.5 26 0
102.5 25 1
61.5 25 0
61.5 24 1
102.5 24 0
102.5 23 1
61.5 23 0
61.5 22 1
102.5 22 0
102.5 21 1
61.5 21 0
61.5 20 1
100.2317046285589 20 0
99.06503796189226 19 1
61.5 19 0
61.5 18 1
97.89837129522559 18 0
96.73170462855893 17 1
61.5 17 0
61.5 16 1
95.56503796189226 16 0
94.39837129522559 15 1
61.5 15 0
102.5 47 1
70.91666666666666 47 0
71 47.07142857142857 1
71 56.5 0
71.5 56.99999999999993 1
50.5 57.00000000000018 0
50.5 58.00000000000018 1
71.5 57.99999999999993 0
71.5 58.99999999999993 1
50.5 59.00000000000018 0
50.5 60.00000000000018 1
71.5 59.99999999999993 0
71.5 60.99999999999993 1
15.5 61.0000000000006 0
15.5 62.0000000000006 1
71.5 61.99999999999993 0
71.5 62.99999999999993 1
15.5 63.0000000000006 0
15.5 64.0000000000006 1
71.5 63.99999999999993 0
71.5 64.99999999999991 1
15.5 65.0000000000006 0
15.5 66.0000000000006 1
71.5 65.99999999999991 0
71.5 66.99999999999991 1
15.5 67.0000000000006 0
15.5 68.0000000000006 1
71.5 67.99999999999991 0
71.5 68.99999999999991 1
15.5 69.0000000000006 0
15.5 70.0000000000006 1
71.5 69.99999999999991 0
71.5 70.99999999999991 1
58.5 71.00000000000009 0
58.5 72.00000000000009 1
71.5 71.99999999999991 0
71.5 72.5 0
73.5 72.99999999999991 1
58.5 73.00000000000009 0
58.5 74.00000000000009 1
73.5 73.99999999999991 0
73.5 74.99999999999991 1
58.5 75.00000000000009 0
58.5 76.00000000000009 1
73.5 75.99999999999991 0
73.5 76.20710678118655 0
73.70710678118664 75.99999999999991 1
102.5 75.99999999999955 0
102.5 74.99999999999955 1
74.70710678118667 74.99999999999989 0
75.70710678118667 73.99999999999989 1
102.5 73.99999999999955 0
102.5 72.99999999999955 1
76.7071067811867 72.99999999999986 0
77.7071067811867 71.99999999999986 1
102.5 71.99999999999955 0
102.5 70.99999999999955 1
78.70710678118672 70.99999999999983 0
83.41897503240961 82.99999999999977 1
58.5 83.00000000000009 0
58.5 83.5 0
24.5 96.00000000000048 1
70.5 95.99999999999994 0
60.5 108.5 0
60.5 113.0000000000001 1
15.5 113.0000000000006 0
15.5 114.0000000000006 1
60.5 114.0000000000001 0
60.5 116.0000000000001 1
15.5 116.0000000000006 0
15.5 115.0000000000006 1
60.5 115.0000000000001 0
60.5 112.0000000000001 1
15.5 112.0000000000006 0
15.5 111.0000000000006 1
60.5 111.0000000000001 0
60.5 110.0000000000001 1
15.5 110.0000000000006 0
15.5 109.0000000000006 1
60.5 109.0000000000001 0
60.5 108.5 0
84.2928932188137 107.9999999999998 1
15.5 108.0000000000006 0
15.5 107.0000000000006 1
85.2928932188137 106.9999999999998 0
86.29289321881373 105.9999999999997 1
15.5 106.0000000000006 0
15.5 105.0000000000006 1
87.29289321881373 104.9999999999997 0
88.29289321881376 103.9999999999997 1
15.5 104.0000000000006 0
15.5 103.0000000000006 1
102.5 102.9999999999995 0
102.5 101.9999999999995 1
15.5 102.0000000000006 0
15.5 101.0000000000006 1
102.5 100.9999999999995 0
98.5 103.5 0
98.5 103.9999999999996 1
88.5 103.9999999999997 0
88.5 104.9999999999997 1
98.5 104.9999999999996 0
98.5 105.9999999999996 1
88.5 105.9999999999997 0
89.5 100.5 0
89.5 97.99999999999972 1
102.5 97.99999999999955 0
102.5 96.99999999999955 1
89.5 96.99999999999972 0
89.5 98.99999999999972 1
102.5 98.99999999999955 0
102.5 99.99999999999955 1
89.5 99.99999999999972 0
89.5 100.5 0
70.5 100.5 0