19.9379 6.02151
12.7464 2.71358
1.84264 29.0546
8.61816 31.7735

24.8767 92.003
22.6075 77.5614
10.4764 81.8313
14.8723 93.8981

29.4858 33.0552
29.2905 27.7952
20.3839 28.4326
20.4948 33.7778

60.7401 64.5692
48.2592 57.337
48.9923 55.7831
45.1733 52.721
41.5672 59.8141
40.9743 67.5134
43.4191 73.6062
46.9499 78.0059
51.1543 81.5279
53.6296 76.635
52.9832 76.2374
57.6929 68.2192
58.6625 68.8157

76.0397 41.9658
64.0852 34.5407
61.4774 38.615
49.465 32.821
46.3042 39.2945
59.057 46.6156
62.0973 42.539
72.9761 47.9397

76.7883 11.7677
65.5307 3.9372
48.6974 30.4631
60.0385 37.8542

50.2765 9.26472
48.9412 8.05758
43.9662 7.11878
43.6054 9.73675
45.1455 12.6498
46.7307 13.7593

76.2382 95.6999
75.3989 89.7178
63.5698 92.7048
64.6026 98.6363

74.6719 56.0292
74.6457 48.3849
68.7854 48.3993
69.1507 56.0575

86.8916 52.5592
81.9736 52.281
80.495 65.1369
85.637 65.5794

93.5595 24.5103
88.0739 20.1204
82.3914 26.3356
87.6158 30.9732

92.1107 38.1186
90.8822 33.0046
85.21 33.4802
85.7988 38.6859

86.742 76.354
82.0623 75.6729
81.0899 82.3965
85.7143 82.9711

99.8838 81.4435
92.5971 80.2802
92.3118 81.0915
99.6134 83.6592