76.5 55.5 0
76.5 55.5 1
76.5 62.5 0
72.5 68 1
91.5 68 0
91.5 67 1
72.5 67 0
72.5 66 1
91.5 66 0
91.5 65 1
72.5 65 0
72.5 64 1
91.5 64 0
91.5 63 1
72.5 63 0
76.5 62.5 1
72.5 62.5 1
72.5 68.5 1
91.5 68.5 1
91.5 54.5 0
99.5 54.5 0
99.5 55 1
138.5 55 0
131.5 50.5 0
131.5 50 1
50.5 50 0
50.5 50.5 0
46.5 50.5 0
46.5 50 1
25.5 50 0
25.5 49 1
46.5 49 0
46.5 48 1
25.5 48 0
25.5 47 1
42.5 47 0
42.5 46 1
35.5 46 0
35.5 46.5 0
25.5 51 1
138.5 51 0
138.5 52 1
25.5 52 0
25.5 53 1
138.5 53 0
138.5 54 1
25.5 54 0
25.5 55 1
91.5 55 0
91.5 56 1
76.5 56 0
76.5 55.5 0