76.5 55.5 0
57.5 47.5 1
57.5 35.5 1
49.5 35.5 1
49.5 33.5 1
47.5 33.5 1
47.5 45.5 1
50.5 45.5 1
50.5 50.5 1
46.5 50.5 1
46.5 47.5 1
42.5 47.5 1
42.5 28.5 0
43 28.5 1
43 9.5 0
44 9.5 1
44 28.5 0
45 28.5 1
45 9.5 0
46 9.5 1
46 28.5 0
47 28.5 1
47 9.5 0
48 9.5 1
48 28.5 0
49 28.5 1
49 24.5 0
49.5 25 1
53.5 25 0
53.5 26 1
49.5 26 0
48.5 24.5 0
42 9.5 1
42 31.5 0
42.5 28.5 1
49.5 28.5 1
49.5 26.5 1
53.5 26.5 1
53.5 24.5 1
48.5 24.5 1
48.5 9.5 1
41.5 9.5 1
41.5 31.5 1
17.5 31.5 1
17.5 10.5 1
16.16023252670427 10.5 1
9.5 15.2573089476459 1
9.5 43.5 1
11.5 43.5 1
11.5 48.5 0
11.5 48 1
20.5 48 0
20.5 52 1
8.5 52 0
8.5 53 1
20.5 53 0
20.5 55 1
8.5 55 0
8.5 54 1
20.5 54 0
20.5 51 1
8.5 51 0
8.5 50 1
20.5 50 0
20.5 49 1
8.5 49 0
11.5 48.5 1
8.5 48.5 1
8.5 55.5 1
20.5 55.5 1
20.5 43.5 0
20.5 46 1
11.5 46 0
11.5 47 1
20.5 47 0
11.5 45 1
20.5 45 0
20.5 44 1
11.5 44 0
11.5 43.5 0
9.5 43 1
42.5 43 0
42.5 44 1
35.5 44 0
35.5 45 1
42.5 45 0
42.5 47.5 0
46.5 50.5 0
50.5 50.5 0
50.5 49 1
131.5 49 0
131.5 48 1
50.5 48 0
51 47.5 1
51 35.5 0
50 35.5 1
50 45.5 0
48 45.5 1
48 33.5 0
49 33.5 1
49 45.5 0
50.5 45.5 0
52 47.5 1
52 35.5 0
53 35.5 1
53 47.5 0
54 47.5 1
54 35.5 0
55 35.5 1
55 47.5 0
56 47.5 1
56 35.5 0
57 35.5 1
57 47.5 0
76.5 55.5 0