76.5 55.5 0
76.5 57 1
91.5 57 0
91.5 58 1
76.5 58 0
76.5 61 1
91.5 61 0
91.5 62 1
76.5 62 0
76.5 60 1
91.5 60 0
91.5 59 1
76.5 59 0
91.5 54.5 1
99.5 54.5 0
99.5 56 1
138.5 56 0
138.5 57 1
99.5 57 0
99.5 58 1
138.5 58 0
138.5 59 1
99.5 59 0
99.5 60 1
138.5 60 0
138.5 61 1
99.5 61 0
99.5 64 1
138.5 64 0
138.5 65 1
99.5 65 0
99.5 63 1
138.5 63 0
138.5 62 1
99.5 62 0
99.5 54.5 1
99.5 71.5 1
104.5 71.5 0
104.5 73 1
109.5 73 0
109.5 74 1
104.5 74 0
104.5 72 1
109.5 72 0
109.5 71 1
99.5 71 0
99.5 70 1
109.5 70 0
109.5 69 1
99.5 69 0
99.5 68 1
109.5 68 0
109.5 67 1
99.5 67 0
99.5 66 1
138.5 66 0
138.5 67 1
114.5 67 0
114.5 69 1
138.5 69 0
138.5 68 1
114.5 68 0
114.5 66.5 0
109.5 66.5 0
104.5 71.5 1
104.5 74.5 1
109.5 74.5 1
109.5 66.5 1
114.5 66.5 1
114.5 70.5 1
117.5 70.5 0
114.5 70 1
138.5 70 0
138.5 71 1
117.5 71 0
117.5 73 1
138.5 73 0
138.5 72 1
117.5 72 0
117.5 70.5 1
117.5 73.5 1
138.5 73.5 1
138.5 50.5 1
131.5 50.5 1
131.5 44.5 1
128.5 44.5 1
128.5 29.5 1
124.5 29.5 1
124.5 15.5 1
129.5 15.5 1
129.5 13.5 1
133.5 13.5 1
133.5 11.5 1
117.5 11.5 1
117.5 13.5 0
117.5 12 1
133.5 12 0
133.5 13 1
117.5 13 0
117.5 13.5 1
114.5 13.5 1
114.5 19.5 1
104.5 19.5 1
104.5 38.5 1
100.5 38.5 1
100.5 47.5 1
57.5 47.5 0
76.5 55.5 0