76.5 55.5 0
117 47.5 1
117 15.5 0
118 15.5 1
118 47.5 0
119 47.5 1
119 15.5 0
120 15.5 1
120 47.5 0
121 47.5 1
121 15.5 0
122 15.5 1
122 47.5 0
123 47.5 1
123 15.5 0
124 15.5 1
124 47.5 0
125 47.5 1
125 29.5 0
126 29.5 1
126 47.5 0
127 47.5 1
127 29.5 0
128 29.5 1
128 47.5 0
131 47.5 1
131 44.5 0
130 44.5 1
130 47.5 0
129 47.5 1
129 44.5 0
116 47.5 1
116 15.5 0
114.5 15 1
129.5 15 0
129.5 14 1
114.5 14 0
115 15.5 1
115 47.5 0
114 47.5 1
114 19.5 0
113 19.5 1
113 47.5 0
112 47.5 1
112 19.5 0
111 19.5 1
111 47.5 0
110 47.5 1
110 19.5 0
109 19.5 1
109 47.5 0
108 47.5 1
108 19.5 0
107 19.5 1
107 47.5 0
106 47.5 1
106 19.5 0
105 19.5 1
105 47.5 0
104 47.5 1
104 38.5 0
103 38.5 1
103 47.5 0
102 47.5 1
102 38.5 0
101 38.5 1
101 47.5 0
76.5 55.5 0