60.6764 67.43719999999999 0
55.7231 69.90190000000001 0
52.5 72.90588932595062 1
52.5 0 0
49.5 0 1
49.5 100 0
46.5 100 1
46.5 0 0
43.5 0 1
43.5 100 0
40.5 100 1
40.5 0 0
37.5 0 1
37.5 100 0
34.5 100 1
34.5 0 0
31.5 0 1
31.5 100 0
28.5 100 1
28.5 0 0
25.5 0 1
25.5 100 0
22.5 100 1
22.5 0 0
19.5 0 1
19.5 100 0
16.5 100 1
16.5 0 0
13.5 0 1
13.5 100 0
10.5 100 1
10.5 0 0
7.5 0 1
7.5 100 0
4.5 100 1
4.5 0 0
1.5 0 1
1.5 100 0
49.998 75.23779999999999 1
56.75530000000001 83.73419999999999 0
55.5 84.70268122162045 1
55.5 82.15582832492268 0
52.5 78.38373000162787 1
52.5 100 0
53.16930000000001 88.886 1
55.7007 93.20249999999999 0
55.5 92.86026979141977 1
55.5 100 0
58.5 100 1
58.5 90.92441070073241 0
59.8378 89.8357 1
62.9123 85.36840000000001 0
61.5 87.42049555700115 1
61.5 100 0
64.5 100 1
64.5 28.31253636747959 0
67.5 33.59537252358179 1
67.5 100 0
70.5 100 1
70.5 64.69757991609859 0
69.9393 64.23589999999999 1
72.19040000000001 61.2525 0
60.6764 67.43719999999999 0