60.6764 67.43719999999999 0
61.5 68.72102911380682 1
61.5 23.02970021137739 0
58.5 17.74686405527519 1
58.5 68.89318481539743 0
55.7231 69.90190000000001 0
55.5 70.10983336186268 1
55.5 0 0
62.48609999999999 13.7435 1
74.89840000000001 42.1503 0
72.96600000000001 43.22069999999999 1
57.8272 16.5621 0
58.5 16.1550609822061 1
58.5 0 0
61.5 0 1
61.5 14.34008319775054 0
62.48609999999999 13.7435 0
64.5 18.35251319819856 1
64.5 0 0
67.5 0 1
67.5 25.218315668329 0
70.5 32.08411813845943 1
70.5 0 0
73.5 0 1
73.5 38.94992060858986 0
100 0 1
100 100 0
97.5 100 1
97.5 0 0
94.5 0 1
94.5 100 0
91.5 100 1
91.5 0 0
88.5 0 1
88.5 100 0
85.5 100 1
85.5 0 0
82.5 0 1
82.5 100 0
79.5 100 1
79.5 0 0
76.5 0 1
76.5 100 0
73.5 100 1
73.5 66.89252055086629 0
73.37190000000001 67.06229999999999 1
75.62289999999999 64.0789 0
73.5 62.33085497159504 1
73.5 42.92490534050921 0
72.96600000000001 43.22069999999999 0
70.5 38.87820867968399 1
70.5 63.49280001332681 0
62.83620000000001 70.8039 1
60.6764 67.43719999999999 0
60.6764 67.43719999999999 0