18.9182 93.2364
6.05757 61.9483
2.97145 63.4064
16.2784 94.6651

24.5499 67.86
16.3417 63.172
12.6221 63.1142
10.2865 66.6784
16.7098 70.3786
15.1108 72.874
18.5457 75.8077

28.217 7.34599
21.3094 6.88927
20.8645 23.2036
27.8761 23.6005

19.7058 23.2588
15.6026 14.916
12.0006 16.6923
16.315 25.1087

43.7996 11.9087
37.4041 8.95827
30.3857 15.1523
41.2351 19.088

57.698 49.2994
52.4885 41.315
56.2191 37.9015
55.3154 36.407
56.6868 35.1228
54.3507 31.1488
48.8008 36.4118
45.9318 42.4895
44.8454 47.255
45.6928 51.5002
46.9823 55.8127
51.7761 53.7369

77.8838 76.93
71.4595 75.3799
67.1894 88.0607
74.5239 86.2149

95.009 12.9365
91.423 7.97571
83.0547 1.80423
80.0136 4.7892
90.4822 18.4119

98.571 62.5165
95.1316 55.7652
81.8639 65.6347
85.6921 70.9512