69.3032 60.92870000000001 0
71.5 46.07171563805659 1
71.5 0 0
74.5 0 1
74.5 38.43603215902381 0
77.5 38.7104072820311 1
77.5 0 0
80.5 0 1
80.5 38.98478240503837 0
82.816 39.1966 1
80.1842 61.74379999999999 0
80.5 59.03827307546166 1
80.5 100 0
83.5 100 1
83.5 0 0
86.5 0 1
86.5 100 0
89.5 100 1
89.5 0 0
92.5 0 1
92.5 100 0
95.5 100 1
95.5 0 0
98.5 0 1
98.5 100 0
77.5 61.54272551971326 1
77.5 100 0
74.5 100 1
74.5 61.31799433691756 0
71.5 61.09326315412186 1
71.5 100 0
68.5 100 1
68.5 0 0
65.5 0 1
65.5 100 0
62.5 100 1
62.5 0 0
59.5 0 1
59.5 100 0
50.5 100 1
50.5 23.27506519518597 0
50.7961 23.3464 1
55.13930000000001 5.259449999999999 0
53.5 12.08619920220114 1
53.5 100 0
56.5 100 1
56.5 0 0
55.13930000000001 1.5 1
42.33750000000001 1.5 0
41.5 0 1
41.5 100 0
38.5 100 1
38.5 0 0
35.5 0 1
35.5 100 0
32.5 100 1
32.5 0 0
29.5 0 1
29.5 100 0
28.4052 80.4093 0
26.7519 72.3458 1
28.4052 80.4093 0
26.5 80.64526732328062 1
26.5 100 0
23.5 100 1
23.5 81.01683039794042 0
21.6077 81.25120000000001 1
19.9883 73.66659999999999 0
20.5 76.06319121896999 1
20.5 100 0
17.5 100 1
17.5 51.50265244043925 0
14.5 52.94522319833797 1
14.5 100 0
11.5 100 1
11.5 50.25982766780118 0
13.2294 53.5562 1
4.84984 37.58410000000001 0
5.5 38.82335606308685 1
5.5 100 0
2.5 100 1
2.5 0 0
0 0 1
0 100 0
8.5 100 1
8.5 44.541591865444 0
4.84984 37.58410000000001 0
5.5 37.27146437829846 1
5.5 0 0
8.5 0 1
8.5 35.82888583593252 0
11.5 34.38630729356659 1
11.5 0 0
14.5 0 1
14.5 15.74796651926722 0
14.8388 13.238 1
13.2558 24.9655 0
14.5 25.90595063323968 1
14.5 38.28472111795313 0
12.2624 34.0197 1
20.642 49.9918 0
20.5 50.06008168254054 1
20.5 73.56667490685433 0
23.5 72.98083304748951 1
23.5 0 0
26.5 0 1
26.5 72.39499118812466 0
20.642 49.9918 0
20.5 49.72113813069836 1
20.5 17.46865346534653 0
20.8654 14.8202 0
17.5 13.93666104271065 1
17.5 0 0
20.5 0 1
20.5 14.72426931271364 0
20.8654 14.8202 1
19.108 27.558 0
17.5 27.17457377002854 1
17.5 44.00292962432574 0
42.33750000000001 21.3086 1
42.33750000000001 3.07957 1
55.13930000000001 3.07957 0
55.13930000000001 3.712350243794986 1
52.63381674392936 3.07957 0
44.96934244033329 3.07957 1
42.33750000000001 14.58293517530064 0
42.33750000000001 21.3086 0
44.5 21.82957776227745 1
44.5 100 0
47.5 100 1
47.5 22.55232147873171 0
72.654 38.2672 1
69.3032 60.92870000000001 0
69.3032 60.92870000000001 0