52.12350000000001 42.431 0
57.084 53.4952 1
57.084 58.0229985038246 1
41.2188 65.9058 0
39.4691 62.274 1
34.9325 52.36 0
34.97750000000001 52.45834016664462 1
34.97750000000001 100 0
37.97750000000001 100 1
37.97750000000001 59.01435127628621 0
19.9775 51.58805791320167 1
19.9775 100 0
16.9775 100 1
16.9775 52.31749528326404 0
21.0195 51.3347 1
19.7365 37.8051 1
14.2515 50.3374 0
16.9775 44.10894971741112 1
16.9775 30.05892682726846 0
13.9775 30.07942503123536 1
13.9775 100 0
10.9775 100 1
10.9775 30.09992323520225 0
10.2784 30.1047 1
10.5735 26.2107 0
10.9775 26.2077387434555 1
10.9775 13.60692036215816 0
10.8025 14.4465 1
11.8849 9.253579999999999 0
10.9775 8.900760967356966 1
10.9775 0 0
13.9775 0 1
13.9775 26.18574921465969 0
2.99853 24.9021 1
0.707633 19.9478 0
1.9775 19.45472740573317 1
1.9775 0 0
0 0 1
0 100 0
1.9775 100 1
1.9775 22.69401778198671 0
2.99853 24.9021 0
4.977500000000001 24.09211036973152 1
4.977500000000001 100 0
7.977500000000001 100 1
7.977500000000001 22.86421460031337 0
9.074290000000001 22.4153 1
7.02075 17.4965 0
4.977500000000001 18.28986700476167 1
4.977500000000001 0 0
7.977500000000001 0 1
7.977500000000001 19.78818260662077 0
16.9775 26.16375968586387 1
16.9775 0 0
31.033 14.1754 0
28.9775 9.669191649465191 1
28.9775 100 0
31.9775 100 1
31.9775 36.85423062899685 0
19.9775 40.34651356196414 1
19.9775 30.03842862330158 0
23.0844 30.0172 0
23.1795 26.1183 0
22.9775 26.11978062827225 1
22.9775 0 0
19.9775 0 1
19.9775 26.14177015706807 0
23.1795 26.1183 1
23.0844 30.0172 0
22.9775 30.01793041933469 1
22.9775 100 0
25.9775 100 1
25.9775 0 0
27.8356 1.938001252229306 1
31.11308565459354 0 0
27.8356 5.423227084076435 1
37.00718796941818 0 0
36.1794 2.23209 1
38.9815 7.94281 0
37.6794 5.289111519574604 1
37.6794 1.345129022987128 0
38.9815 0 1
27.8356 0 1
27.8356 7.165839999999999 1
31.033 14.1754 0
31.9775 13.63776990889889 1
31.9775 34.01383882002447 0
31.5131 34.0917 1
33.60850000000001 46.5564 0
34.97750000000001 46.35954079968617 1
34.97750000000001 52.3340093653656 0
37.97750000000001 50.60130038973881 1
37.97750000000001 8.481931582412969 0
38.9815 7.94281 1
38.9815 50.02142045256238 0
40.6794 49.04076492932349 1
40.6794 0 0
43.6794 0 1
43.6794 11.84668884677343 0
46.6794 11.54378919738463 1
46.6794 0 0
49.6794 0 1
49.6794 11.24088954799583 0
49.89619999999999 11.219 1
50.31999999999999 12.89102106324011 1
51.35599999999999 16.97835900924473 1
55.05589999999999 31.5756 0
52.6794 31.35941656021897 1
52.6794 43.67091306924705 0
52.12350000000001 42.431 0
37.17740000000001 46.0432 1
35.27249999999999 33.4614 0
34.97750000000001 33.51085962121616 1
34.97750000000001 11.93010418809072 0
35.7201 11.5074 1
35.1696 9.989699999999999 0
41.4538 12.0714 1
44.5086 24.4192 0
43.6794 21.06749260180699 1
43.6794 47.30805595369671 0
46.6794 45.57534697806992 1
46.6794 32.44717024079836 0
49.6794 31.75698438595016 1
49.6794 43.84263800244314 0
52.12350000000001 42.431 0