52.12350000000001 42.431 0
61.6794 28.46933093385213 1
61.6794 64.86732972418471 0
58.7894767002519 64.44741366967708 1
59.76220000000001 63.73022871443358 0
63.47750000000001 63.20158030781107 1
96.84620000000001 93.13004564939817 0
96.84620000000001 97.15992212122558 1
63.47750000000001 67.23145677963848 0
63.47750000000001 65.12860000000001 1
63.47750000000001 100 1
96.84620000000001 100 0
97.67939999999999 100 1
97.67939999999999 0 0
100 0 1
100 100 0
95.519635745573 100 1
63.47750000000001 71.26133325146586 0
63.47750000000001 75.29120972329326 1
91.02653068687121 100 0
86.5334256281694 100 1
63.47750000000001 79.32108619512064 0
63.47750000000001 83.35096266694805 1
82.04032056946758 100 0
63.47750000000001 99.47046855425759 1
64.06790033466038 100 0
68.56100539336217 100 1
63.47750000000001 95.44059208243021 0
63.47750000000001 91.41071561060284 1
73.05411045206398 100 0
77.5472155107658 100 1
63.47750000000001 87.38083913877543 0
58.97750000000001 76.57279018785434 1
58.97750000000001 100 0
61.97750000000001 100 1
61.97750000000001 77.1269693692573 0
62.12869999999999 77.1549 1
63.47750000000001 65.12860000000001 1
63.47750000000001 61.18664207189738 1
62.5904 60.39100000000001 0
64.46180000000001 58.4448 0
64.67939999999999 58.63632581613369 1
64.67939999999999 33.86145155642023 0
67.67939999999999 39.25357217898832 1
67.67939999999999 61.27684717827101 0
70.67939999999999 63.91736854040835 1
70.67939999999999 44.64569280155642 0
55.6794 50.3622949863925 1
55.6794 17.68508968871595 0
55.6374 17.6096 0
55.6374 16.02564785196466 1
59.4843 14.72071140965255 0
59.4843 12.9889 1
55.6374 14.27948766060857 0
51.35599999999999 16.97835900924473 1
51.35599999999999 13.7279 1
50.31999999999999 10.107 0
50.31999999999999 12.89102106324011 1
50.31999999999999 10.107 0
52.6794 9.377053155926127 1
52.6794 0 0
55.6794 0 1
55.6794 9.673899546370958 0
55.84999999999999 10.545 1
55.4532 8.518899999999999 0
70.67939999999999 0 1
70.67939999999999 35.91038597649418 0
67.67939999999999 30.35764702110642 1
67.67939999999999 0 0
64.67939999999999 0 1
64.67939999999999 24.80490806571866 0
61.6794 19.2521691103309 1
61.6794 0 0
58.6794 0 1
58.6794 10.33535727002967 0
58.6418 10.2114 1
59.4843 12.9889 1
59.4843 16.3046635576879 0
59.9936 16.1319 1
74.7474 43.43989999999999 0
73.67939999999999 41.46312493188195 1
73.67939999999999 0 0
76.67939999999999 0 1
76.67939999999999 69.19841126468299 0
79.67939999999999 71.83893262682031 1
79.67939999999999 0 0
82.67939999999999 0 1
82.67939999999999 74.47945398895763 0
85.67939999999999 77.11997535109498 1
85.67939999999999 29.37862909072344 0
83.0565 28.0514 1
86.3356 21.3055 0
85.67939999999999 22.65546175170017 1
85.67939999999999 0 0
88.67939999999999 0 1
88.67939999999999 22.52528600356222 0
92.11850000000001 24.3151 1
88.93260000000001 31.0248 0
88.67939999999999 30.89667677541226 1
88.67939999999999 75.2974919760529 0
88.52770000000001 75.55260000000001 1
88.52770000000001 79.62697434968689 1
95.7311 85.96721820969356 1
95.7311 80.28815152573461 0
94.67939999999999 79.36247275354799 1
94.67939999999999 75.47255280362171 0
92.92580000000001 77.81899999999999 1
95.7311 74.06530000000001 0
94.67939999999999 73.50469727808925 1
94.67939999999999 0 0
91.67939999999999 0 1
91.67939999999999 24.08657878054263 0
92.11850000000001 24.3151 0
91.67939999999999 25.23987142094857 1
91.67939999999999 71.9055642879473 0
90.93299999999999 71.5077 1
88.52770000000001 75.55260000000001 0
88.52770000000001 75.94617898513778 1
95.7311 82.28642284514444 0
95.7311 85.96721820969356 1
96.84620000000001 86.9487 0
96.84620000000001 91.11510741348448 1
94.7696 89.2526 1
96.84620000000001 86.9487 0
73.67939999999999 66.55788990254567 1
73.67939999999999 43.98553512195122 0
71.0574 45.32510000000001 1
55.6374 17.6096 1
55.6374 14.27948766060857 1
55.61620000000001 14.2866 1
54.9769 12.6918 0
52.6794 13.3492165953216 1
52.6794 22.19957815764482 0
58.6794 23.07721031128404 1
58.6794 60.16574944255744 0
57.2597 57.9357 1
59.76220000000001 61.86660000000001 1
59.76220000000001 64.58875379804431 1
57.4336 64.25040000000001 1
56.502 64.93726491264047 1
56.502 76.1155 1
57.4336 64.25040000000001 0
55.97750000000001 64.65704400479862 1
55.97750000000001 100 0
52.97750000000001 100 1
52.97750000000001 66.86893187289803 0
50.0094 69.0573 0
49.97750000000001 69.07339849606112 1
49.97750000000001 100 0
46.97750000000001 100 1
46.97750000000001 70.58736364287418 0
45.4015 71.3827 1
41.2188 65.9058 0
43.97750000000001 69.51808967652474 1
43.97750000000001 100 0
40.97750000000001 100 1
40.97750000000001 61.5222533582365 0
41.2188 63.07795716250803 1
57.084 55.17116133851812 0
57.084 53.4952 1
52.12350000000001 42.431 0
52.12350000000001 42.431 0