20.6166 5.44345
17.8913 4.84956
11.2539 18.6382
15.6244 21.2968
17.6123 16.9232

38.1098 67.6118
23.6008 58.0727
13.9229 74.1123
28.9971 83.8531

41.7334 35.5165
33.3362 34.8791
32.4877 43.3907
41.0388 43.8083

40.5096 31.0653
40.0942 25.3795
34.998 25.6835
36.1182 32.384

61.4285 72.6722
52.7648 65.5806
44.8078 74.2374
53.5651 82.1286

65.4125 57.2863
63.5945 49.3006
55.7695 51.064
57.4815 59.2649

74.1577 43.6499
73.7902 40.3079
65.5048 39.2155
65.9071 42.795
64.7137 46.244
72.8456 47.1163

70.9151 8.91475
69.3606 1.13674
66.2601 1.88042
66.7251 4.22575
64.4595 5.06176
65.3889 8.66577
63.4811 9.54136
65.3147 14.7948
70.2148 13.0629
69.4843 9.8431

63.3613 37.3196
56.4747 32.5099
52.4051 32.8878
51.8289 36.4373
55.5658 37.5835
56.6199 39.6371
62.2542 40.7911

88.0622 94.6961
86.2177 81.5022
75.0345 82.9816
76.6407 96.2044

98.8799 44.7309
87.3153 43.6414
86.9774 56.5731
97.7916 57.0639

94.8311 23.0453
93.0201 21.7922
85.4066 31.9576
88.8541 33.7025