64.5 67.5 0
50.5 70.5 0
50 70.5 1
50 143.5 0
44.5 136 1
21.5 136 0
21.5 137 1
44.5 137 0
44.5 138 1
21.5 138 0
21.5 139 1
44.5 139 0
45 139.5 1
45 70.5 0
44 70.5 1
44 124.5 0
43 124.5 1
43 70.5 0
42 70.5 1
42 124.5 0
41 124.5 1
41 70.5 0
40 70.5 1
40 124.5 0
39 124.5 1
39 70.5 0
38 70.5 1
38 124.5 0
37 124.5 1
37 70.5 0
36 70.5 1
36 124.5 0
35 124.5 1
35 70.5 0
34 70.5 1
34 124.5 0
33 124.5 1
33 70.5 0
32 70.5 1
32 124.5 0
31 124.5 1
31 70.5 0
30 70.5 1
30 124.5 0
29 124.5 1
29 70.5 0
27.5 72 1
25.5 72 0
25.5 71 1
27.5 71 0
28 70.5 1
28 100.5 0
27 100.5 1
27 76.5 0
25 76.5 1
25 100.5 0
26 100.5 1
26 76.5 0
27.5 76.5 0
46 70.5 1
46 143.5 0
47 143.5 1
47 70.5 0
48 70.5 1
48 143.5 0
49 143.5 1
49 70.5 0
50.5 70.5 0
64.5 67.5 0