64.5 67.5 0
62.5 67.5 0
62.5 52.5 0
75 52.5 1
75 37.5 0
76 37.5 1
76 52.5 0
77 52.5 1
77 37.5 0
77.5 37.5 1
77.5 18.5 1
84.5 18.5 1
84.5 23.5 1
87.5 23.5 1
87.5 30.5 1
82.5 30.5 1
82.5 41.5 1
94.5 41.5 1
94.5 22.5 1
101.5 22.5 1
101.5 30.5 1
106.5 30.5 1
106.5 33.5 1
114.5 33.5 1
114.5 28.5 0
114.5 28 1
106.5 28 0
106.5 27 1
114.5 27 0
114.5 26 1
106.5 26 0
106.5 25 1
114.5 25 0
115 18.5 1
115 41.5 0
116 41.5 1
116 18.5 0
117 18.5 1
117 41.5 0
118 41.5 1
118 18.5 0
119 18.5 1
119 41.5 0
120 41.5 1
120 18.5 0
121 18.5 1
121 41.5 0
124 41.5 1
124 18.5 0
125 18.5 1
125 41.5 0
123 41.5 1
123 18.5 0
122 18.5 1
122 41.5 0
114.5 41.5 1
125.5 41.5 1
125.5 18.5 1
114.5 18.5 1
114.5 24.5 1
106.5 24.5 1
106.5 28.5 1
114.5 28.5 0
114.5 33.5 0
114 33.5 1
114 77.5 0
113 77.5 1
113 33.5 0
112 33.5 1
112 74.5 0
111 74.5 1
111 33.5 0
110 33.5 1
110 74.5 0
109 74.5 1
109 33.5 0
108 33.5 1
108 74.5 0
107.5 72.5 1
106.5 72.5 1
103.5 72.5 1
97.5 72.5 0
98 72.5 1
98 22.5 0
99 22.5 1
99 72.5 0
100 72.5 1
100 22.5 0
101 22.5 1
101 72.5 0
102 72.5 1
102 30.5 0
103 30.5 1
103 72.5 0
104 72.5 1
104 30.5 0
105 30.5 1
105 72.5 0
106 72.5 1
106 30.5 0
106.5 33.5 0
107 33.5 1
107 72.5 0
107.5 72.5 1
107.5 74.5 1
111.5 74.5 1
112.5 74.5 1
112.5 77.5 1
117.5 77.5 1
118.5 77.5 1
118.5 79.5 1
118.5 80.5 0
118.5 81.15085413965889 1
107.2810249675907 90.5 0
116.6533245786786 90.5 1
118.5 88.96110381556554 0
118.5 87.65939553624779 1
115.0912746434973 90.5 0
113.529224708316 90.5 1
118.5 86.35768725692998 0
118.5 85.05597897761223 1
111.9671747731347 90.5 0
110.4051248379534 90.5 1
118.5 83.75427069829445 0
118.5 82.45256241897667 1
108.843074902772 90.5 0
106.5 90.5 1
118.5 80.5 1
118.5 90.5 1
106.5 90.5 0
98.5 90.5 0
106.5 90.5 1
98.5 90.5 1
97.5 90.5 1
97.5 73.5 1
97.5 72.5 0
97.5 91 1
118.5 91 0
118.5 90.26281209488334 1
118.21537451386 90.5 0
118.5 92 1
97.5 92 0
97.5 93 1
118.5 93 0
118.5 94 1
97.5 94 0
97 94.5 1
97 22.5 0
96 22.5 1
96 94.5 0
95 94.5 1
95 22.5 0
101.5 30.5 0
114.5 41.5 1
114.5 51.5 0
119 51.5 1
119 94.5 0
120 94.5 1
120 51.5 0
122 51.5 1
122 94.5 0
121 94.5 1
121 51.5 0
118 51.5 1
118 77.5 0
117 77.5 1
117 51.5 0
116 51.5 1
116 77.5 0
115 77.5 1
115 51.5 0
114.5 51.5 1
122.5 51.5 1
122.5 94.5 1
86.5 94.5 1
86.5 91.5 1
83.5 91.5 1
83.5 94.5 1
57.5 94.5 0
57.5 110.5 1
57.5 94.5 0
58.5 85.5 1
58.5 74.5 1
58.5 73.5 0
64.5 67.5 0