64.5 67.5 0
64.5 67.5 1
64.5 73.5 1
58.5 73.5 0
59 73.5 1
59 22.5 0
58 22.5 1
58 94.5 0
58.5 94 1
83.5 94 0
83.5 93 1
58.5 93 0
58.5 92 1
83.5 92 0
58.5 90 1
86.5 90 0
86.5 91 1
58.5 91 0
58.5 89 1
86.5 89 0
86.5 88 1
58.5 88 0
58.5 87 1
86.5 87 0
86.5 86 1
58.5 86 0
58.5 85.5 1
59.5 85.5 1
86.5 85.5 1
86.5 84.5 1
86.5 49.5 1
85.5 49.5 0
86 49.5 1
86 41.5 0
87 41.5 1
87 94.5 0
88 94.5 1
88 41.5 0
89 41.5 1
89 94.5 0
90 94.5 1
90 41.5 0
91 41.5 1
91 94.5 0
92 94.5 1
92 41.5 0
93 41.5 1
93 94.5 0
94 94.5 1
94 41.5 0
85 41.5 1
85 49.5 0
85.5 49.5 1
84.5 49.5 1
84.5 50.5 1
84.5 52.5 1
62.5 52.5 0
64 52.5 1
64 22.5 0
63 22.5 1
63 52.5 0
62.5 52.5 1
62.5 53.5 1
62.5 67.5 1
63.5 67.5 1
64.5 67.5 0
60 73.5 1
60 22.5 0
61 22.5 1
61 73.5 0
62 73.5 1
62 22.5 0
71 30.5 1
71 17.5 0
72 17.5 1
72 30.5 0
70 30.5 1
70 17.5 0
69 17.5 1
69 30.5 0
68.5 30.5 1
68.5 37.5 1
77.5 37.5 0
82.5 30.5 0
83 30.5 1
83 18.5 0
84 18.5 1
84 30.5 0
86 30.5 1
86 23.5 0
87 23.5 1
87 30.5 0
85 30.5 1
85 23.5 0
84.5 23.5 0
78 18.5 1
78 52.5 0
84 52.5 1
84 41.5 0
83 41.5 1
83 52.5 0
82 52.5 1
82 18.5 0
81 18.5 1
81 52.5 0
80 52.5 1
80 18.5 0
79 18.5 1
79 52.5 0
74 52.5 1
74 37.5 0
73 37.5 1
73 52.5 0
72 52.5 1
72 37.5 0
71 37.5 1
71 52.5 0
70 52.5 1
70 37.5 0
69 37.5 1
69 52.5 0
67 52.5 1
67 22.5 0
67.5 22.5 1
67.5 17.5 1
72.5 17.5 1
72.5 30.5 1
68.5 30.5 0
65 52.5 1
65 22.5 0
66 22.5 1
66 52.5 0
68 52.5 1
68 17.5 0
67.5 22.5 1
25.5 22.5 1
25.5 60.5 1
50.5 60.5 0
62.5 67.5 0
63 67.5 1
63 73.5 0
64 73.5 1
64 67.5 0
64.5 67.5 0