12.7902 12.0793
11.257 11.5737
12.0049 7.31217
5.78405 5.98383
4.50321 15.5921
11.9893 17.4129

39.4884 86.8507
36.0309 70.3024
8.50877 75.5306
9.13299 83.5218
11.8523 91.1805

55.518 73.4052
45.2839 65.6509
37.5035 76.3169
47.5926 84.2625

54.8121 59.0419
53.4693 51.3247
48.0252 52.7982
49.2957 59.7891

59.1905 45.9196
48.1104 31.2484
40.6984 36.1399
52.0712 51.4582

54.147 10.7298
48.2649 8.93685
45.4049 18.0141
51.6195 19.9452
53.6445 15.0689
52.4902 14.7195

26.9311 13.5369
23.0183 8.08802
14.8735 14.1349
16.8853 27.3025
20.2153 24.702
18.2085 20.5273

25.5168 41.8683
20.6142 40.2556
16.4002 52.6388
21.1226 54.04

30.0399 62.4637
27.8846 56.3644
23.7529 57.9944
23.9228 59.6177
24.9028 65.5916
29.0783 64.1256

71.359 47.1162
67.5818 42.0332
63.2088 45.6907
67.8143 50.6342

79.6951 17.2162
76.3945 14.0675
71.6114 15.6606
69.7275 17.8686
72.4986 25.9263

82.6935 4.73142
82.1011 3.87178
81.8126 1.02278
71.8809 4.43612
73.2101 7.5799

84.4647 79.7228
81.3936 73.738
73.7881 76.9624
67.5711 81.0366
70.4091 87.2964
77.0791 82.9881