49.5 57.5 0
36.5 54 1
112.5 54 0
112.5 55 1
36.5 55 0
36.5 55.5 0
30.5 56 1
75.5 56 0
75.5 57 1
30.5 57 0
41.5 78.79289321881346 0
41.5 80 1
50.5 80 0
50.5 79 1
41.5 79 0
41.5 78.79289321881346 0
38.08578643762691 81.5 1
36.5 83.08578643762689 0
36.5 81.67157287525382 1
36.6715728752538 81.5 0
36.5 81.5 1
15.5 81.5 1
15.5 71.5 1
19.5 71.5 1
19.5 59.5 1
30.5 59.5 1
30.5 55.5 1
36.5 55.5 1
36.5 44.5 0
31.5 44.5 0
31.5 47 1
26.5 47 0
26.5 46 1
31.5 46 0
31.5 45 1
16.05039052967911 45 0
14.8003905296791 44 1
45.5 44 0
45.5 43 1
12.5 43 0
12.5 42 1
45.5 42 0
45.5 41 1
12.5 41 0
12.5 40 1
45.5 40 0
45.5 39 1
12.5 39 0
12.5 38 1
45.5 38 0
45.5 37 1
12.5 37 0
12.5 36 1
45.5 36 0
45.5 35 1
12.5 35 0
12.5 34 1
45.5 34 0
45.5 33 1
12.5 33 0
12.5 32 1
45.5 32 0
45.5 31 1
12.5 31 0
12.5 30 1
45.5 30 0
45.5 29 1
12.5 29 0
12.5 28 1
45.5 28 0
45.5 27 1
12.5 27 0
12.5 26 1
45.5 26 0
45.5 25 1
12.5 25 0
12.5 24 1
45.5 24 0
45.5 23 1
12.5 23 0
12.5 22 1
45.5 22 0
45.5 21.5 1
45.5 52.5 1
46.5 52.5 1
48.5 52.5 1
48.5 51.5 1
48.5 48.5 1
88.5 48.5 1
88.5 47.5 0
88.5 47 1
96.5 47 0
96.5 46 1
88.5 46 0
88.5 45 1
96.5 45 0
96.5 44 1
88.5 44 0
88.5 43.5 1
88.5 47.5 0
88.5 48 1
96.5 48 0
96.5 49 1
48.5 49 0
48.5 50 1
96.5 50 0
96.5 51 1
48.5 51 0
48.5 52 1
112.5 52 0
112.5 53 1
36.5 53 0
36.5 52 1
45.5 52 0
45.5 51 1
36.5 51 0
36.5 50 1
45.5 50 0
45.5 49 1
36.5 49 0
36.5 48 1
45.5 48 0
45.5 47 1
36.5 47 0
36.5 46 1
45.5 46 0
45.5 45 1
36.5 45 0
36.5 44.5 1
31.5 44.5 1
31.5 47.5 1
26.5 47.5 1
26.5 45.5 1
18.5 45.5 0
18.5 46.31937515251343 1
17.47578105935821 45.5 0
16.67539052967911 45.5 1
18.5 45.5 1
18.5 46.95968757625671 1
14.17539052967911 43.50000000000001 1
12.5 43.5 1
12.5 17.5 1
46.5 17.5 0
46.5 14 1
108.5 14 0
108 13.5 1
108 11.5 0
108.5 15 1
46.5 15 0
46.5 16 1
108.5 16 0
108.5 17 1
46.5 17 0
46.5 17.5 0
45.5 20.5 1
77.5 20.5 1
77.5 19.5 1
78.5 19.5 1
84.5 26.5 1
84.5 27.5 1
83.5 27.5 1
83.5 32.5 1
84.5 32.5 1
85.5 32.5 1
85.5 33.5 1
85.5 34.5 1
79.5 39.5 1
79.5 43.5 1
87.5 43.5 1
88.5 43.5 0
79.5 43 1
96.5 43 0
96.5 42.5 0
108.5 42 1
79.5 42 0
79.5 41 1
108.5 41 0
108.5 40 1
79.5 40 0
80.09999999999999 39 1
108.5 39 0
108.5 38 1
81.30000000000001 38 0
82.5 37 1
108.5 37 0
108.5 36 1
83.69999999999999 36 0
84.90000000000001 35 1
108.5 35 0
108.5 34 1
85.5 34 0
85.5 33 1
108.5 33 0
108.5 32 1
83.5 32 0
83.5 31 1
108.5 31 0
108.5 30 1
83.5 30 0
83.5 29 1
108.5 29 0
108.5 28 1
83.5 28 0
84.5 27.5 0
84.5 27 1
108.5 27 0
108.5 26 1
84.07142857142858 26 0
83.21428571428572 25 1
108.5 25 0
108.5 24 1
82.35714285714286 24 0
81.5 23 1
108.5 23 0
108.5 22 1
80.64285714285714 22 0
79.78571428571428 21 1
108.5 21 0
108.5 20 1
78.92857142857142 20 0
78.5 19.5 0
77.5 19.5 0
77.5 20 1
12.5 20 0
12.5 19 1
108.5 19 0
108.5 18 1
12.5 18 0
12.5 21 1
45.5 21 0
45.5 21.5 1
45.5 20.5 0
46.5 17.5 1
46.5 13.5 1
107.5 13.5 1
107.5 11.5 1
108.5 11.5 1
108.5 42.5 1
96.5 42.5 1
96.5 51.5 1
112.5 51.5 1
112.5 56.5 1
105.5 56.5 0
112.5 56 1
91.5 56 0
91.5 55.5 0
91.5 62 1
105.5 62 0
105.5 63 1
91.5 63 0
91.5 65 1
105.5 65 0
105.5 64 1
91.5 64 0
91.5 61 1
105.5 61 0
105.5 60 1
91.5 60 0
91.5 59 1
105.5 59 0
105.5 58 1
91.5 58 0
91.5 57 1
105.5 57 0
105.5 56.5 1
105.5 65.5 1
91.5 65.5 1
91.5 55.5 0
75.5 55.5 0
91.5 55.5 1
75.5 55.5 1
75.5 78.5 1
65.5 78.5 1
65.5 72.5 1
68.5 72.5 0
67 72.5 1
67 78.5 0
66 78.5 1
66 72.5 0
68 72.5 1
68 78.5 0
69 78.5 1
69 57.5 0
70 57.5 1
70 78.5 0
71 78.5 1
71 57.5 0
74 57.5 1
74 78.5 0
75 78.5 1
75 57.5 0
73 57.5 1
73 78.5 0
72 78.5 1
72 57.5 0
68.5 72.5 1
68.5 57.5 1
49.5 57.5 1
49.5 66.5 1
46.5 66.5 1
46.5 76.5 1
50.5 76.5 1
50.5 80.5 1
41.5 80.5 1
41.5 78.79289321881346 1
36.79289321881345 83.5 1
36.5 83.5 1
36.5 81.5 1
38.79289321881345 81.5 0
39.29289321881346 81 1
15.5 81 0
15.5 80 1
40.29289321881346 80 0
41.29289321881346 79 1
15.5 79 0
15.5 78 1
50.5 78 0
50.5 77 1
15.5 77 0
15.5 76 1
46.5 76 0
46.5 75 1
15.5 75 0
15.5 74 1
46.5 74 0
46.5 73 1
15.5 73 0
15.5 72 1
46.5 72 0
46.5 71 1
19.5 71 0
19.5 70 1
46.5 70 0
46.5 69 1
19.5 69 0
19.5 68 1
46.5 68 0
46.5 67 1
19.5 67 0
19.5 66 1
49.5 66 0
49.5 65 1
19.5 65 0
19.5 64 1
49.5 64 0
49.5 63 1
19.5 63 0
19.5 62 1
49.5 62 0
49.5 61 1
19.5 61 0
19.5 60 1
49.5 60 0
49.5 59 1
30.5 59 0
30.5 58 1
49.5 58 0
49.5 57.5 0
49.5 57.5 0