53.07729999999999 37.4661 0
57.9332 30.0344 1
77.30869999999999 41.9271 0
76.44152997183573 43.5 1
100 43.5 0
100 46.5 1
74.78757226028836 46.5 0
77.30869999999999 41.9271 0
74.98367910062476 40.5 1
100 40.5 0
100 37.5 1
70.09610100649979 37.5 0
65.20852291237483 34.5 1
100 34.5 0
100 31.5 1
93.15638192150789 31.5 0
92.94970000000001 32.3197 1
89.458 31.7158 1
88.34700000000001 33.13200000000001 1
84.55170000000001 32.1374 0
84.80923572415381 31.5 1
60.32094481824986 31.5 0
57.9332 30.0344 0
56.97557159196415 31.5 1
0 31.5 0
0 28.5 1
86.0213586806355 28.5 0
86.6574 26.9258 1
94.10550000000001 27.7358 0
93.91281203560288 28.5 1
100 28.5 0
100 25.5 1
0 25.5 0
0 22.5 1
100 22.5 0
100 19.5 1
0 19.5 0
0 16.5 1
100 16.5 0
100 13.5 1
0 13.5 0
0 10.5 1
100 10.5 0
100 7.5 1
0 7.5 0
0 4.5 1
100 4.5 0
100 1.5 1
0 1.5 0
0 34.5 1
55.01536060389951 34.5 0
53.07729999999999 37.4661 0