53.07729999999999 37.4661 0
53.07729999999999 37.4661 1
73.3741 49.0638 0
71.45898675630485 61.5 1
35.39280132693214 61.5 0
39.28275000700395 64.5 1
67.13728066526619 64.5 0
62.8155745742275 67.5 1
43.17269868707578 67.5 0
44.91759999999999 68.84569999999999 1
34.7354 60.99299999999999 0
34.2372861314854 61.5 1
0 61.5 0
0 58.5 1
75.78069284734354 58.5 0
77.7645 57.1229 0
78.76779999999999 58.1443 1
52.0889 77.36940000000001 0
53.29537672365814 76.5 1
100 76.5 0
100 73.5 1
57.45851241606026 73.5 0
52.0889 77.36940000000001 0
51.42809461640294 76.5 1
0 76.5 0
0 79.5 1
100 79.5 0
100 82.5 1
0 82.5 0
0 85.5 1
36.34663754469607 85.5 0
36.31910000000001 85.5128 1
39.38760000000001 84.0865 0
40.26773474283449 85.5 1
100 85.5 0
100 88.5 1
40.12346661859745 88.5 0
41.5861 87.6173 1
38.4837 89.4896 0
37.94505381211025 88.5 1
0 88.5 0
0 91.5 1
100 91.5 0
100 94.5 1
0 94.5 0
0 97.5 1
100 97.5 0
100 100 1
0 100 0
0 55.5 1
100 55.5 0
100 52.5 1
0 52.5 0
0 49.5 1
100 49.5 0
100 70.5 1
61.62164810846238 70.5 0
65.78478380086449 67.5 1
100 67.5 0
100 64.5 1
69.94791949326662 64.5 0
74.11105518566873 61.5 1
100 61.5 0
100 58.5 1
78.27419087807087 58.5 0
78.76779999999999 58.1443 0
77.7645 57.1229 1
50.8832 75.78309999999999 0
54.17216239215014 73.5 1
0 73.5 0
0 70.5 1
36.97279958607662 70.5 0
33.05918178459316 67.5 1
0 67.5 0
0 64.5 1
31.28986679116231 64.5 0
30.3687 65.4376 1
39.7606 72.637 1
42.42749999999999 71.49780000000001 0
43.36435071452811 70.5 1
58.49386848318882 70.5 0
68.88726762461522 46.5 1
0 46.5 0
0 43.5 1
63.63705422023332 43.5 0
58.38684081585141 40.5 1
0 40.5 0
0 37.5 1
53.13662741146952 37.5 0
53.07729999999999 37.4661 0