52.0164 38.7783 0
52.0164 38.7783 1
50.09986136528083 38.7783 0
45.78660000000001 31.72 1
47.04355242512307 33.7769 1
49.2306 33.7769 1
52.7299 31.8508 0
52.69056556663917 31.5 1
18.74824619845361 31.5 0
18.678 31.4736 0
15.3773 30.6646 0
14.59431288114088 34.5 1
0 34.5 0
0 31.5 1
15.20675522263782 31.5 0
15.3773 30.6646 1
18.678 31.4736 1
21.9817 32.7152 0
21.42753749015807 34.5 1
43.60861081355237 34.5 0
41.25826277062329 37.5 1
20.49606756101993 37.5 0
19.9311 39.31959999999999 1
13.8327 38.2307 0
13.98187053964394 37.5 1
0 37.5 0
0 40.5 1
38.90791472769421 40.5 0
36.55756668476511 43.5 1
21.6855770377481 43.5 0
21.2857 41.5063 1
11.0735 44.2051 0
13.74158293315546 43.5 1
0 43.5 0
0 44.0224 1
0 51.7136 0
0.1545737495273063 51.7136 1
0 51.20675415144764 0
0 52.5 1
29.50652255597785 52.5 0
27.15617451304876 55.5 1
12.07863472589079 55.5 0
16.19641813379334 58.5 1
24.80582647011967 58.5 0
22.28728798385048 46.5 1
34.20721864183602 46.5 0
31.85687059890694 49.5 1
18.42109967664476 49.5 0
22.7065 48.59010000000001 1
7.9956 51.7136 0
6.427394749905462 51.7136 1
4.081794749905461 44.0224 0
0.9453842497163838 44.0224 1
3.290984249716383 51.7136 0
0 55.5 1
6.141142575103864 55.5 0
6.09427 55.4542 1
15.0368 64.19210000000001 1
19.0241 60.56010000000001 1
8.838899999999999 53.1397 1
6.09427 55.4542 0
9.211398586273596 58.5 1
0 58.5 0
0 61.5 1
12.28165459744333 61.5 0
0 76.5 1
9.622659045872563 76.5 0
9.806833558681848 73.5 1
0 73.5 0
0 70.5 1
9.99100807149113 70.5 0
10.0278 69.9007 1
18.2132 72.19059999999999 1
30.9204 72.76179999999999 0
30.78086305891384 73.5 1
35.76112702531647 73.5 0
39.5910791293192 76.5 1
30.21379339857992 76.5 0
31.93117492131373 70.5 1
12.17003774837332 70.5 0
28.10122281731099 67.5 1
0 67.5 0
0 64.5 1
24.27127071330825 64.5 0
17.99225438601321 61.5 1
22.45547842719058 61.5 0
21.6895 62.4777 1
44.07940000000001 80.01570000000001 0
43.42103123332194 79.5 1
29.64672373824602 79.5 0
29.3444 81.0994 1
8.360189999999999 80.27629999999999 0
8.668597464150693 79.5 1
3.173076302919462 79.5 0
6.936581051424563 82.5 1
77.05689676579811 82.5 0
79.71662321023189 85.5 1
10.50421738519871 85.5 0
10.502 85.34209999999999 1
1.58563 78.2346 0
0.0856265351916124 78.2346 1
0.1148765351916124 91.8433 0
0 91.8433 1
1.61488 91.8433 1
10.592 91.751 0
10.58847521415532 91.5 1
23.10958078235411 91.5 0
23.0652 90.8622 1
45.1114 88.98570000000001 0
45.52544067542385 91.5 1
85.03607609909938 91.5 0
82.37634965466563 88.5 1
10.54634629967701 88.5 0
10.592 91.751 0
0 100 1
100 100 0
100 97.5 1
0 97.5 0
0 94.5 1
23.31833328637154 94.5 0
23.3813 95.4049 1
45.836 93.38589999999999 0
33.44532081723615 94.5 1
100 94.5 0
98.42957117363727 92.3638 1
100 90.67696418928833 0
94.33070585888308 92.3638 1
100 86.27427322988649 0
100 81.87158227048462 1
90.23184054412889 92.3638 0
88.1824078867518 92.3638 1
92.47800000000001 87.74979999999999 1
85.80189999999999 92.3638 1
100 92.3638 1
100 79.67023679078369 1
100 57.16160000000001 1
61.13001582928335 57.16160000000001 1
61.242 57.0115 0
60.31833643318902 55.5 1
100 55.5 0
98.20898462867092 57.16160000000001 1
100 59.2042196116939 0
100 49.11771605662697 1
97.03654700105434 51.998 0
92.73221669319983 51.998 1
100 44.93418641161551 0
100 40.75065676660405 1
88.42788638534532 51.998 0
94.21907693341072 57.16160000000001 1
100 63.75463488877722 0
100 68.30505016586054 1
90.22916923815052 57.16160000000001 0
86.23926154289032 57.16160000000001 1
100 72.85546544294385 0
100 77.4058807200272 1
82.24935384763009 57.16160000000001 0
84.1235560774908 51.998 1
100 36.56712712159258 0
100 32.38359747658112 1
79.81922576963629 51.998 0
77.91944489454326 57.16160000000001 1
63.19814489454328 69.50190000000001 0
65.53309999999999 69.50190000000001 1
51.92336518374906 69.50190000000001 1
61.13001582928335 57.16160000000001 0
56.48933775109823 63.38181643842927 1
63.90971426180289 57.16160000000001 0
68.57962447271635 57.16160000000001 1
53.85832447271635 69.50190000000001 0
51.17871894262787 70.5 1
66.41799098806311 70.5 0
69.07771743249688 73.5 1
48.94052765581937 73.5 0
46.70233636901087 76.5 1
71.73744387693063 76.5 0
74.39717032136437 79.5 1
44.46414508220238 79.5 0
58.5282346836298 69.50190000000001 1
73.2495346836298 57.16160000000001 0
69.05840000000001 51.998 1
100 51.998 0
100 52.5 1
58.48506438526778 52.5 0
56.65179233734655 49.5 1
67.3841542656757 49.5 0
66.4973 48.1768 1
89.02109999999999 26.8208 0
100 19.5 1
83.82779170960799 19.5 0
83.81833374861392 16.5 1
100 16.5 0
100 13.5 1
83.80887578761985 13.5 0
83.80019999999999 10.7481 1
60.6357 12.1298 0
56.60288541255984 7.5 1
100 7.5 0
100 4.5 1
0 4.5 0
0 1.5 1
100 1.5 0
100 10.5 1
57.13591286617992 10.5 0
57.1799942365943 10.7481 1
58.92423774065705 20.5651 0
59.95705737742037 16.88480798591743 1
58.86671276697253 10.7481 0
60.39020532244439 10.7481 1
60.6357 12.1298 1
59.4318 20.5651 1
58.92423774065705 20.5651 1
59.1875 22.0468 1
47.1429 23.9877 0
45.60471855762081 25.5 1
62.70598877843599 25.5 0
59.4318 20.5651 1
83.82919999999999 19.9467 0
87.25007710432666 28.5 1
69.35088537156764 28.5 0
69.48609167695773 25.5 1
100 25.5 0
100 26.8208 1
94.962599138672 26.8208 1
91.8021 29.8926 0
90.54133412982617 28.5 1
93.23491173921303 28.5 0
97.11476429259926 26.8208 1
71.21056515392726 51.998 0
75.51489546178178 51.998 1
100 28.20006783156965 0
100 22.5 1
69.62129798234781 22.5 0
69.6354 22.1871 1
63.09610000000001 21.7906 0
63.02149362145428 22.5 1
56.37508683085166 22.5 0
62.31631500576653 29.20524048640574 1
62.01909882562735 28.6486 0
58.61823294187579 28.6486 1
61.45313696490423 33.95794202018625 0
61.837108818404 33.76180623777279 1
62.37485592886021 28.6486 0
62.39048393541772 28.5 1
0 28.5 0
0 25.5 1
41.43649846626521 25.5 0
38.4884 27.7767 1
43.7567 23.7082 1
46.5311 26.3982 1
38.4884 27.7767 0
44.15179999999999 9.619890000000002 1
56.6007 7.4877 0
56.52888582302703 7.5 1
0 7.5 0
0 10.5 1
44.33502187034767 10.5 0
44.95956381515346 13.5 1
0 13.5 0
0 16.5 1
45.58410575995924 16.5 0
46.20864770476503 19.5 1
0 19.5 0
0 22.5 1
46.83318964957081 22.5 0
48.80145503915557 33.7769 1
51.85776397931333 38.7783 0
52.0164 38.7783 1
55.29943581526861 37.10129999999999 1
61.4859 37.10129999999999 1
68.89089999999999 38.7063 0
68.94526645539736 37.5 1
77.75793438097023 37.5 0
69.21567906617753 31.5 1
84.08602952987451 31.5 0
80.92198195542235 34.5 1
69.08047276078744 34.5 0
74.59388680651807 40.5 1
51.15197619358283 40.5 0
52.98524824150407 43.5 1
71.42983923206592 43.5 0
68.26579165761379 46.5 1
54.81852028942531 46.5 0
58.59688689466817 37.10129999999999 1
61.64991079013461 35.54179186156128 0
61.4859 37.10129999999999 0
63.325385046729 37.5 1
54.51890726455447 37.5 0
52.0164 38.7783 0