53.9482 52.4709 0
56.5 50.80099253312548 1
56.5 0 0
35.5 0 1
35.5 80.97813556933184 0
32.5 78.16300284003603 1
32.5 0 0
29.5 0 1
29.5 76.05133141162375 0
29.8403 75.66720000000001 1
26.418 79.53030000000001 0
26.5 79.60445075242217 1
26.5 100 0
29.5 100 1
29.5 82.31728315811174 0
32.5 85.03011556380127 1
32.5 100 0
35.5 100 1
35.5 87.74294796949081 0
36.12 88.30359999999999 1
39.27679999999999 84.5222 0
38.5 83.79326829862768 1
38.5 0 0
41.5 0 1
41.5 46.16839958877677 0
39.611 47.61539999999999 1
48.316 60.1332 0
50.5 58.50498439031318 1
50.5 100 0
53.5 100 1
53.5 58.23472284530941 0
52.5403 56.98390000000001 1
59.5181 66.07839999999999 0
59.5 66.0548094055433 1
59.5 100 0
56.5 100 1
56.5 62.14476612542636 0
48.316 60.1332 0
47.5 58.95979106260769 1
47.5 100 0
44.5 100 1
44.5 54.64578761631246 0
41.5 50.33178417001723 1
41.5 100 0
38.5 100 1
38.5 85.45269655347187 0
39.27679999999999 84.5222 0
23.5 66.83530357729219 1
23.5 100 0
20.5 100 1
20.5 68.74439630657929 0
17.5 70.65348903586636 1
17.5 100 0
26.418 79.53030000000001 0
26.5 79.43773821406657 1
26.5 64.92621084800513 0
29.396 63.08329999999999 1
23.2343 51.85420000000001 0
23.5 51.6967404387152 1
23.5 52.3384124527322 0
26.5 57.80562117759709 1
26.5 0 0
23.5 0 1
23.5 48.47540900602269 0
22.4965 46.23050000000001 0
20.5 48.04634717155464 1
20.5 0 0
17.5 0 1
17.5 50.7748928838832 0
16.2192 51.93980000000001 0
14.5 54.82261436289843 1
14.5 0 0
0 0 1
0 100 0
2.5 100 1
2.5 0 0
5.5 0 1
5.5 100 0
8.5 100 1
8.5 0 0
11.5 0 1
11.5 100 0
14.5 100 1
14.5 72.56258176515342 0
14.4126 72.6182 1
11.5876 66.0163 0
12.3509 58.4263 1
16.2192 51.93980000000001 0
22.4965 46.23050000000001 1
24.6384 51.02209999999999 0
44.5 43.87035764400721 1
44.5 0 0
47.5 0 1
47.5 44.6677460883887 0
45.9336 42.7722 1
53.9482 52.4709 0
53.9482 52.4709 0