53.9482 52.4709 0
58.4387 49.53230000000001 0
59.5 51.15403397224884 1
59.5 0 0
62.5 0 1
62.5 55.73822498020751 0
65.5 60.32241598816617 1
65.5 0 0
68.5 0 1
68.5 100 0
71.5 100 1
71.5 77.99855701829495 0
74.5 81.07791359016426 1
74.5 100 0
77.5 100 1
77.5 84.15727016203357 0
80.5 87.23662673390285 1
80.5 100 0
83.5 100 1
83.5 90.31598330577216 0
86.5 100 1
86.5 0 0
89.5 0 1
89.5 100 0
92.5 100 1
92.5 0 0
95.5 0 1
95.5 100 0
98.5 100 1
98.5 0 0
83.5 0 1
83.5 88.44282818242513 0
80.5 76.62809873624977 1
80.5 0 0
77.5 0 1
77.5 66.55653386801353 0
77.85249999999999 66.20160000000001 1
84.14330000000001 90.97630000000001 1
68.84399999999999 75.2723 1
77.85249999999999 66.20160000000001 0
71.5 72.59796140866959 1
71.5 0 0
74.5 0 1
74.5 69.57724763834156 0
62.5 63.37703821217914 1
62.5 100 0
65.5 100 1
65.5 60.65927927879352 0
65.63839999999999 60.5339 1
58.4387 49.53230000000001 0
50.5 48.29813313203404 1
50.5 0 0
53.5 0 1
53.5 51.92852017567938 0
53.9482 52.4709 0