40.08110000000001 52.8479 0
38.30928061451385 55.5 1
100 55.5 0
100 58.5 1
75.47618183587869 58.5 0
70.9297 55.6818 1
78.9684 60.6647 0
78.43249634943643 61.5 1
100 61.5 0
100 64.5 1
52.5724276980586 64.5 0
54.1748 64.95609999999999 1
48.34780000000001 63.2975 0
48.21431258205689 64.5 1
0 64.5 0
0 67.5 1
52.43299058350591 67.5 0
48.084 65.6739 1
53.9491 68.13659999999999 0
53.99427548184248 67.5 1
100 67.5 0
100 70.5 1
0 70.5 0
0 73.5 1
100 73.5 0
100 76.5 1
0 76.5 0
0 79.5 1
100 79.5 0
100 82.5 1
77.11876209917986 82.5 0
80.88814983838682 85.5 1
100 85.5 0
100 88.5 1
84.65753757759379 88.5 0
74.8271 80.67609999999999 1
90.95920000000001 93.5154 0
88.42692531680075 91.5 1
100 91.5 0
100 94.5 1
90.32097316700202 94.5 0
89.3484 96.00040000000001 1
72.72450000000001 83.6592 0
73.54154734001543 82.5 1
0 82.5 0
0 85.5 1
75.20410288464655 85.5 0
79.24517668622175 88.5 1
0 88.5 0
0 91.5 1
83.28625048779696 91.5 0
87.32732428937217 94.5 1
0 94.5 0
0 97.5 1
100 97.5 0
100 100 1
0 100 0
32.49827296988181 61.5 1
0 61.5 0
0 58.5 1
31.24457769459681 58.5 0
30.1414 60.14879999999999 1
33.80159999999999 62.24720000000001 0
34.30079062057813 61.5 1
72.84224498995803 61.5 0
76.7997 64.04499999999999 1
68.97980000000001 59.01609999999999 0
69.28161549050776 58.5 1
36.30503561754598 58.5 0
85.35650000000001 39.616 1
78.5067 34.5479 0
78.46459629657008 34.5 1
0 34.5 0
0 37.5 1
82.4966162565853 37.5 0
78.5067 34.5479 0
75.8276211339444 31.5 1
0 31.5 0
0 28.5 1
73.19064597131876 28.5 0
70.55367080869308 25.5 1
0 25.5 0
0 22.5 1
70.16993802492527 22.5 0
0 1.5 1
100 1.5 0
100 4.5 1
0 4.5 0
0 7.5 1
100 7.5 0
100 10.5 1
0 10.5 0
0 13.5 1
100 13.5 0
100 16.5 1
0 16.5 0
0 19.5 1
73.04885607859791 19.5 0
74.8691 17.6032 0
76.52681559412176 19.5 1
100 19.5 0
100 22.5 1
79.1486770356893 22.5 0
91.137 32.3914 1
81.11349999999999 24.7482 0
82.09943093207033 25.5 1
100 25.5 0
100 28.5 1
86.03371238486497 28.5 0
89.96799383765961 31.5 1
100 31.5 0
100 34.5 1
89.44988067159429 34.5 0
87.04954016831383 37.5 1
100 37.5 0
100 40.5 1
0 40.5 0
0 43.5 1
100 43.5 0
100 46.5 1
0 46.5 0
0 49.5 1
100 49.5 0
100 52.5 1
39.56343655799266 52.5 0
36.5942 50.50449999999999 0
35.25905256576424 52.5 1
0 52.5 0
0 55.5 1
33.25181513018052 55.5 0
36.5942 50.50449999999999 1
40.08110000000001 52.8479 0
40.08110000000001 52.8479 0