53.0517 42.58540000000001 0
53.0517 42.58540000000001 1
35.6698 59.72450000000001 1
29.6527 53.77849999999999 0
30.67304108183362 52.5 1
0 52.5 0
0 55.5 1
31.39478504036327 55.5 0
34.43065789606459 58.5 1
0 58.5 0
4.233486423716013 76.5 1
23.36974188206431 76.5 0
24.04789946552177 73.5 1
0 73.5 0
0 86.19701745620603 1
1.075661081106037 88.01060000000001 0
4.563648648663623 88.01060000000001 1
0 80.3162121759886 0
1.109356216221208 76.3058 1
8.051636216221208 88.01060000000001 0
9.795629999999999 88.01060000000001 1
17.4797 83.3682 0
13.95115863648113 85.5 1
21.33526913169193 85.5 0
22.01342671514939 82.5 1
16.95070010596317 82.5 0
22.69158429860685 79.5 1
15.12278063797135 79.5 0
14.1446 77.8946 1
2.85335 76.3058 1
0 76.3058 1
0 88.01060000000001 0
0 88.5 1
20.65711154823447 88.5 0
20.5902 88.79599999999999 1
37.6232 92.38300000000001 0
33.43024237524394 91.5 1
0 91.5 0
0 94.5 1
100 94.5 0
100 97.5 1
0 97.5 0
0 100 1
100 100 0
100 91.5 1
37.86031183021569 91.5 0
38.66590128734715 88.5 1
100 88.5 0
100 85.5 1
39.4714907444786 85.5 0
40.27708020161006 82.5 1
100 82.5 0
100 79.5 1
41.08266965874152 79.5 0
41.88825911587298 76.5 1
100 76.5 0
100 73.5 1
35.50466559417274 73.5 0
24.7181 70.5352 1
42.19970000000001 75.34020000000001 0
36.91164680350776 58.5 1
100 58.5 0
100 61.5 1
0 61.5 0
0 64.5 1
100 64.5 0
100 67.5 1
0 67.5 0
0 70.5 1
100 70.5 0
93.43299999999999 30.522 1
84.357 28.1202 0
85.79220059955034 28.5 1
64.6230593809149 28.5 0
65.00190000000001 27.7718 0
65.83529999999999 24.3415 1
58.55070000000001 22.1685 0
59.66199539806719 22.5 1
56.57317945263893 22.5 0
56.8977 23.0123 1
42.986 33.30370000000001 0
45.42420406261539 31.5 1
58.41165451644061 31.5 0
53.0517 42.58540000000001 0