15.5508 96.0495
14.9539 83.8677
2.634 84.1546
2.86868 95.9404

23.8397 80.1558
22.6475 74.3224
11.6689 76.1907
12.3937 82.5054

31.7027 26.1004
24.7487 20.7717
22.7692 22.1498
21.5715 24.1912
28.2694 29.7999
29.7695 27.3152

36.6945 5.34855
30.0202 2.59499
27.9219 8.06813
34.849 10.7318

30.1116 31.5247
27.0888 31.2448
26.3225 37.462
29.5651 37.8384

51.3979 64.5609
46.7914 26.3972
42.4605 26.6185
42.6897 28.502
32.789 29.9172
30.0018 43.9227
43.9176 41.7321
45.0896 50.42
28.3257 52.766
27.4906 56.2699
28.5591 67.8757

62.5119 22.0771
45.5375 6.00423
40.0253 12.0066
56.0347 28.148

55.0926 94.3495
52.524 86.2109
35.9909 90.9246
38.0495 98.7253

68.2879 55.5522
60.7099 54.9008
53.3275 51.3907
52.3852 54.4781
61.1169 59.945
66.5639 61.1153

76.8846 5.23822
75.6428 3.93512
64.2003 5.26911
71.0559 11.124

84.3507 20.0005
78.1337 15.0929
65.4438 30.7579
72.2907 35.8412

65.5923 96.5391
63.5433 92.2384
56.5139 95.1521
58.3315 99.3889

76.2572 49.0154
74.262 45.868
69.8676 46.1075
69.3947 61.597
76.0032 61.6398

76.7876 76.946
76.6684 72.5994
72.5894 72.4496
72.3321 76.4752