52.2559 47.0742 0
52.67382368867811 46.5 1
32.32777662476654 46.5 0
31.141 46.97490000000001 1
43.04949999999999 42.20959999999999 0
42.3364049536987 40.5 1
57.04084237914957 40.5 0
70.51949999999999 21.9812 1
78.87090000000001 27.6384 0
78.26979135909338 28.5 1
100 28.5 0
94.31958760550867 25.5 1
100 25.5 0
100 22.5 1
71.28537469419501 22.5 0
75.71410268684156 25.5 1
91.42351538744865 25.5 0
76.17679469855503 31.5 1
100 31.5 0
100 31.7894 1
100 40.5411 1
97.35773364021057 40.5411 0
97.35382199188936 40.5 1
80.68447959334566 40.5 0
79.79910000000001 40.5411 0
74.08379803801665 34.5 1
79.67014445613168 34.5 0
79.73418356020295 37.5 1
71.99080137747828 37.5 0
69.89780471693993 40.5 1
79.79822266427422 40.5 0
79.79910000000001 40.5411 1
97.28049999999999 39.7296 0
97.51153843379754 41.70359999999999 1
97.73820000000001 43.16930000000001 1
88.25020000000001 41.70359999999999 1
100 41.70359999999999 1
100 40.5411 0
100 41.70359999999999 1
100 54.363 0
100 47.98015844292007 1
99.02936851536225 41.70359999999999 0
98.86451188236776 40.5411 1
98.0315782421572 31.7894 0
100 1.5 1
0 1.5 0
0 4.5 1
100 4.5 0
100 7.5 1
0 7.5 0
0 10.5 1
100 10.5 0
100 13.5 1
0 13.5 0
0 16.5 1
100 16.5 0
100 19.5 1
0 19.5 0
0 22.5 1
70.1418984505639 22.5 0
67.95838910532817 25.5 1
0 25.5 0
0 28.5 1
65.77487976009246 28.5 0
63.59137041485673 31.5 1
0 31.5 0
0 34.5 1
61.40786106962101 34.5 0
59.22435172438529 37.5 1
41.08506830249149 37.5 0
40.3424 35.7195 1
26.3829 40.2487 0
34.85470024066061 37.5 1
0 37.5 0
0 40.5 1
26.47082578387392 40.5 0
23.08730893999184 46.5 1
0 46.5 0
0 43.5 1
27.52047700401625 43.5 0
27.8726 44.5064 1
19.0526 48.18089999999999 0
19.7487561194792 49.5 1
0 49.5 0
0 52.5 1
21.33200860862905 52.5 0
22.1534 54.0564 1
32.62220000000001 51.06310000000001 0
32.05587161097793 49.5 1
56.07326741418605 49.5 0
52.2559 47.0742 0