40.4699 49.2984 0
40.4699 49.2984 1
36.7966 53.8647 0
35.5 52.8410037940219 1
35.5 100 0
38.5 100 1
38.5 51.74719382843764 0
41.5 100 1
41.5 0 0
44.5 0 1
44.5 100 0
47.5 100 1
47.5 0 0
50.5 0 1
50.5 100 0
53.5 100 1
53.5 0 0
56.5 0 1
56.5 100 0
59.5 100 1
59.5 0 0
62.5 0 1
62.5 100 0
65.5 100 1
65.5 0 0
68.5 0 1
68.5 100 0
71.5 100 1
71.5 0 0
74.5 0 1
74.5 100 0
77.5 100 1
77.5 0 0
78.09219999999999 1.5 1
89.3989 1.5 0
87.88589272297841 3.64223 1
89.3989 4.184087040126917 0
89.3989 3.64223 1
78.09219999999999 3.64223 1
78.09219999999999 18.6812 0
80.5 19.54520597508876 1
80.5 100 0
83.5 100 1
83.5 16.19389051973594 0
81.416 19.8739 1
89.3989 5.777380000000001 0
86.5 10.8963720740583 1
86.5 100 0
89.5 100 1
89.5 0 0
92.5 0 1
92.5 100 0
95.5 100 1
95.5 0 0
98.5 0 1
98.5 100 0
78.09219999999999 18.6812 0
78.09219999999999 14.20194026405429 1
81.84508596355451 3.64223 0
78.66125789066353 3.64223 1
78.09219999999999 5.243420792162881 0
40.4699 49.2984 0