54.5 51.5 0
54.5 60 1
94.5 60 0
94.5 61 1
54.5 61 0
54.5 62 1
94.5 62 0
94.5 63 1
54.5 63 0
54.5 64 1
86.5 64 0
86.5 65 1
54.5 65 0
54.5 66 1
86.5 66 0
86.5 67 1
54.5 67 0
54.5 68 1
86.5 68 0
86.5 69 1
54.5 69 0
54.5 70 1
86.5 70 0
86.5 71 1
54.5 71 0
54.5 72 1
86.5 72 0
86.5 73 1
54.5 73 0
54.5 76 1
86.5 76 0
86.5 77 1
54.5 77 0
54.5 75 1
86.5 75 0
86.5 74 1
54.5 74 0
87.5 51 1
9.5 51 0
9.5 50 1
87.5 50 0
87.5 49 1
9.5 49 0
9.5 48 1
87.5 48 0
87.5 47 1
9.5 47 0
9.5 46 1
87.5 46 0
87.5 45 1
9.5 45 0
9.5 44 1
87.5 44 0
87.5 43 1
9.5 43 0
9.5 42 1
87.5 42 0
76.5 39.5 0
76.5 39 1
37.5 39 0
37.5 38 1
76.5 38 0
76.5 37 1
42.5 37 0
42.5 36 1
76.5 36 0
76.5 35 1
42.5 35 0
42.5 34 1
76.5 34 0
76.5 33 1
42.5 33 0
42.5 37.5 0
37.5 40 1
87.5 40 0
87.5 41 1
37.5 41 0
54.5 51.5 0