30.081 55.5855
24.3909 54.3433
18.822 52.0309
14.0249 49.3386
11.8149 55.9844
16.3884 58.67
22.0861 61.1652
27.6408 62.4481

21.4333 7.55188
17.1215 6.76528
13.835 11.05
12.7549 14.7586
12.0053 19.3508
17.3062 21.1481
17.7808 16.0929
19.0728 11.2866

84.2206 5.67422
77.5273 0.51858
69.0348 8.67548
75.4927 15.941

82.5176 27.6867
78.5504 23.1077
77.0283 24.9516
80.587 30.2242

93.7693 90.4247
93.5559 86.2028
90.436 85.5453
90.559 82.3773
86.9826 82.0021
86.6615 86.1761
85.0339 86.2992
84.3556 92.6502
85.9441 92.3619
86.2414 93.2507
91.2651 93.1094
90.9857 90.8212

98.0884 32.0827
92.5304 30.8547
90.5475 38.4223
95.6592 40.2279