9.17234 74.8535
8.32695 70.8459
3.71987 71.9327
4.73866 75.7744

24.9667 22.5538
22.137 17.6573
10.1773 25.1599
13.0069 30.0564

27.7521 59.6342
24.0169 58.2457
23.7873 56.8325
15.6874 56.6272
19.9969 58.5451
17.2298 67.8183
24.0212 70.1608

27.0352 80.5474
19.3241 78.8858
17.973 88.4061
25.8908 89.6024

58.5977 13.9999
53.6851 10.8714
51.0606 18.0101
45.7299 24.2072
48.46 25.9295
56.0339 18.9463

59.9506 54.4367
55.2161 51.0448
52.2059 58.0297
46.5449 63.9266
49.177 65.7954
57.1207 59.2359

83.5072 31.2552
80.0333 23.7776
61.5078 33.2334
64.6747 39.6481
65.416 41.8861

93.7935 15.6097
85.6197 10.3483
79.9741 22.5839
87.8072 25.7498

94.5383 83.2634
91.2899 78.6843
81.4541 86.7625
84.4797 91.3599

99.9468 43.3829
97.5159 41.5253
97.0656 36.6495
92.3701 36.9414
92.2717 38.4656
85.0981 46.8453
91.5139 54.1471