25.5979 83.1419
21.2187 82.9614
18.5588 87.6609
18.0039 91.4835
17.8989 96.1352
23.398 97.1794
23.1663 92.1073
23.7787 87.1681

25.9751 62.6856
22.4818 58.3964
19.8537 60.7551
18.4799 62.8812
22.4393 66.774
23.2331 64.8013

29.2332 7.73162
26.7581 2.76562
18.9061 6.69358
20.8926 11.5812

44.5175 22.543
39.3005 18.5803
29.4555 30.416
34.7208 35.8645

46.3512 80.9332
39.0304 80.3198
38.1491 84.593
45.3864 91.4066

71.9436 75.3231
64.7755 68.9373
52.1206 82.8417
59.4298 89.2194

71.3204 11.202
70.3773 4.20769
64.978 4.34091
58.9812 4.87782
53.1881 6.01348
54.2324 13.2072
59.6261 12.174
65.3217 11.4389

85.117 52.9587
79.6909 50.038
79.2386 50.8932
71.5713 46.989
71.9843 46.3992
67.7771 44.0391
61.3456 55.943
60.0973 55.2153
56.9015 59.5698
61.8361 62.1463
67.174 63.1009
72.355 62.1875
77.202 59.8683
83.0424 54.8754

74.4578 29.437
71.5029 27.7629
66.1225 30.6794
65.0459 32.2185
71.4043 36.1426
73.606 32.9017
72.4494 32.0271

87.1452 75.4004
81.2399 71.1077
63.9687 93.3115
70.1334 98.2769