11.9013 44.9665
8.09046 39.5565
3.9761 42.0288
7.54013 47.7271

14.5991 7.18622
10.1601 6.03748
9.48422 11.8834
13.24 12.1871

15.3247 61.4339
9.37991 56.5172
4.18735 62.0692
10.899 67.034

25.4431 53.8039
24.6944 46.4201
19.0575 47.2024
19.612 54.401

58.4679 59.6745
34.1265 34.5764
20.7193 40.1511
48.4362 69.304

57.6858 12.5297
46.0798 11.6404
44.2234 25.8588
54.7811 34.7507

44.982 8.08606
37.1914 5.38625
31.1133 25.2775
37.9263 27.4592
40.0506 28.4819

32.4678 76.5233
28.9713 69.9232
23.1772 72.7746
26.2946 79.3922

61.0893 73.4933
47.8458 73.3636
47.3361 86.9861
60.9972 87.0025

81.9505 63.9799
79.6434 54.1016
66.7625 50.7083
67.8233 54.798
72.4519 54.6179
75.3947 65.4017

85.6852 88.1377
82.9131 73.293
74.7555 75.4152
78.89 89.9226

99.9137 49.6513
91.608 43.8112
84.1535 55.2607
92.4843 61.4604