37.1657 55.3947 0
35.5 56.12790428268794 1
35.5 100 0
32.5 100 1
32.5 57.44843790102487 0
31.926 57.7011 1
30.3352 54.0371 0
0 100 1
0 0 0
2.5 0 1
2.5 100 0
5.5 100 1
5.5 0 0
8.5 0 1
8.5 100 0
11.5 100 1
11.5 0 0
14.5 0 1
14.5 100 0
17.5 100 1
17.5 0 0
20.5 0 1
20.5 100 0
23.5 100 1
23.5 0 0
26.5 0 1
26.5 100 0
29.5 100 1
29.5 54.05222998359922 0
28.9938 54.06140000000001 1
27.5382 49.5685 0
29.5 48.74626325644505 1
29.5 0 0
32.5 0 1
32.5 47.48889235693191 0
33.8027 46.94289999999999 1
37.1657 55.3947 0
37.1657 55.3947 0