51.965 39.5693 0
51.965 39.5693 1
10.8575 72.94390000000001 0
9.135451960159763 72.94390000000001 1
5.31695 66.17224537915013 0
0 82.5 1
59.44275644119773 82.5 0
59.9473 79.92240000000001 0
64.22080267387827 76.5 1
0 76.5 0
0 79.5 1
60.47474493029634 79.5 0
59.9473 79.92240000000001 1
66.50389999999999 74.67160000000001 1
69.5222 76.71279999999999 0
69.20753497942385 76.5 1
100 76.5 0
100 79.5 1
68.0430121884965 79.5 0
66.8261 81.79300000000001 0
64.37728313917842 82.5 1
100 82.5 0
100 85.5 1
0 85.5 0
0 88.5 1
100 88.5 0
100 91.5 1
0 91.5 0
0 94.5 1
100 94.5 0
100 97.5 1
0 97.5 0
0 100 1
100 100 0
100 73.5 1
0 73.5 0
0.8169500000000001 72.94390000000001 1
0.8169500000000001 31.6599 0
0 31.5 1
74.98339259335037 31.5 0
71.98101407672635 28.5 1
0 28.5 0
0 25.5 1
73.80883860863003 25.5 0
73.84370000000001 25.4669 1
71.3321 27.8516 1
75.24520000000001 31.7616 0
75.48264892152363 31.5 1
100 31.5 0
100 28.5 1
77.9482950649581 28.5 0
78.76820000000001 26.8915 1
74.43190000000001 23.4234 0
77.02835355670251 25.5 1
100 25.5 0
100 22.5 1
0 22.5 0
0 19.5 1
100 19.5 0
100 16.5 1
0 16.5 0
0 13.5 1
100 13.5 0
100 10.5 1
0 10.5 0
0 7.5 1
100 7.5 0
100 4.5 1
0 4.5 0
0 1.5 1
100 1.5 0
100 40.5 1
50.81865666554805 40.5 0
47.12355619992449 43.5 1
100 43.5 0
100 46.5 1
43.42845573430094 46.5 0
39.73335526867737 49.5 1
68.89872705745091 49.5 0
68.68729999999999 49.2497 0
70.64959999999999 46.7366 0
72.46475259841631 49.5 1
100 49.5 0
100 52.5 1
73.76364813942018 52.5 0
72.5968 53.878 0
71.43281084631505 52.5 1
36.03825480305382 52.5 0
32.34315433743026 55.5 1
100 55.5 0
100 58.5 1
28.6480538718067 58.5 0
24.95295340618315 61.5 1
100 61.5 0
100 64.5 1
21.25785294055959 64.5 0
17.56275247493603 67.5 1
100 67.5 0
100 70.5 1
13.86765200931247 70.5 0
10.8575 72.94390000000001 0
5.31695 63.11839999999999 0
5.31695 34.60081966159203 1
9.093496199447411 31.6599 0
13.97623003952109 31.6599 1
5.31695 38.40316370671309 0
5.31695 42.20550775183416 1
18.85896387959477 31.6599 0
23.74169771966844 31.6599 1
5.31695 46.00785179695522 0
5.31695 49.81019584207628 1
28.62443155974213 31.6599 0
33.5071653998158 31.6599 1
5.31695 53.61253988719734 0
5.31695 57.4148839323184 1
38.38989923988949 31.6599 0
43.27263307996316 31.6599 1
5.31695 61.21722797743946 0
5.31695 63.11839999999999 1
5.31695 72.94390000000001 0
5.691355880479287 72.94390000000001 1
5.31695 72.27993613745039 0
3.81695 72.94390000000001 1
3.81695 31.6599 0
5.31695 31.6599 1
45.714 31.6599 0
47.9586032695274 34.5 1
100 34.5 0
100 37.5 1
50.32957957620047 37.5 0
51.965 39.5693 0