20.1954 65.6026 0
20.1954 65.6026 1
18.9572 73.20590000000001 0
19.5 69.87277833952513 1
19.5 100 0
100 100 1
100 0 0
97.5 0 1
97.5 100 0
94.5 100 1
94.5 0 0
91.5 0 1
91.5 100 0
88.5 100 1
88.5 0 0
85.5 0 1
85.5 100 0
82.5 100 1
82.5 0 0
79.5 0 1
79.5 100 0
76.5 100 1
76.5 0 0
73.5 0 1
73.5 100 0
70.5 100 1
70.5 0 0
67.5 0 1
67.5 100 0
64.5 100 1
64.5 0 0
61.5 0 1
61.5 100 0
58.5 100 1
58.5 0 0
55.5 0 1
55.5 100 0
52.5 100 1
52.5 0 0
49.5 0 1
49.5 100 0
46.5 100 1
46.5 0 0
43.5 0 1
43.5 100 0
40.5 100 1
40.5 0 0
37.5 0 1
37.5 100 0
34.5 100 1
34.5 0 0
31.5 0 1
31.5 100 0
28.5 100 1
28.5 0 0
25.5 0 1
25.5 100 0
22.5 100 1
22.5 0 0
19.5 0 1
19.5 65.50771874172185 0
20.1954 65.6026 0