48.2869 45.40260000000001 0
41.01090000000001 45.9847 0
41.02351359881651 45.01962774912711 1
39.20127413587768 37.0729 0
40.74020516645443 37.0729 1
41.1065 38.6703 1
41.53323912581057 37.0729 1
33.2616 37.0729 1
22.472 39.2469 0
22.71846199730959 40.5 1
0 40.5 0
0 43.5 1
23.30850747806034 43.5 0
23.89855295881109 46.5 1
0 46.5 0
0 49.5 1
24.48859843956185 49.5 0
25.0786439203126 52.5 1
0 52.5 0
0 55.5 1
66.56990079245963 55.5 0
66.11590000000001 58.2912 1
52.7244 56.7529 0
52.51841995046854 58.5 1
0 58.5 0
0 61.5 1
52.16472517135207 61.5 0
51.8437 64.22290000000001 1
66.34020000000001 66.8689 0
60.16083508039769 76.5 1
67.89864274994483 76.5 0
67.38480000000001 76.81899999999999 1
68.84450000000001 75.9128 0
67.67005643622832 73.5 1
56.49583848376982 73.5 0
52.83084188714194 70.5 1
100 70.5 0
100 67.5 1
0 67.5 0
0 64.5 1
53.36183308767951 64.5 0
51.09399999999999 69.07830000000001 1
62.04219999999999 78.03999999999999 0
68.84250586430085 79.5 1
60.67735715810699 79.5 0
60.4659 79.72620000000001 0
60.1255121893153 79.5 1
58.05666041841005 79.5 0
60.4659 79.72620000000001 1
58.8857 78.67609999999999 1
49.6268 87.8776 0
50.11236903157616 88.5 1
100 88.5 0
100 85.5 1
52.01923173830353 85.5 0
55.0379460783568 82.5 1
100 82.5 0
100 79.5 1
71.11735356107977 79.5 0
69.33369999999999 80.4034 1
71.9229 79.09200000000001 0
71.14030223650482 76.5 1
100 76.5 0
100 73.5 1
71.92866814644353 73.5 0
79.69839999999999 63.4743 1
67.34790000000001 62.1974 0
66.85120086267793 64.5 1
100 64.5 0
100 61.5 1
79.92168246161529 61.5 0
80.26096594682312 58.5 1
100 58.5 0
100 55.5 1
77.01770518129482 55.5 0
80.5138 56.26439999999999 1
66.92869999999999 53.2941 0
50.96933351999813 28.5 1
100 28.5 0
100 31.5 1
50.21327081937253 31.5 0
49.45720811874692 34.5 1
100 34.5 0
100 37.5 1
49.07319414324253 37.5 0
48.77469966930641 40.5 1
100 40.5 0
100 43.5 1
48.47620519537028 43.5 0
48.2869 45.40260000000001 0