48.2869 45.40260000000001 0
41.01090000000001 45.9847 1
41.1065 38.6703 0
38.16694925864269 45.9847 1
36.12341207472419 37.0729 0
43.4832874021194 22.5 1
100 22.5 0
100 25.5 1
34.18834878591014 25.5 0
42.22057923899327 34.5 1
0 34.5 0
0 37.5 1
31.14189523459061 37.5 0
33.2616 37.0729 1
35.3051371839185 45.9847 0
35.42329902674186 46.5 1
100 46.5 0
100 1.5 1
0 1.5 0
0 4.5 1
100 4.5 0
100 7.5 1
0 7.5 0
3.512238996564589 11.3126 1
0.707131 15.39188248848756 0
0 10.5 1
100 10.5 0
100 13.5 1
43.43238403929273 13.5 0
44.40063551277014 16.5 1
100 16.5 0
100 19.5 1
45.36888698624755 19.5 0
46.06789999999999 21.6658 1
33.52500000000001 25.7141 1
40.87 19.5606 0
40.83655928059794 19.5 1
17.1796149270585 19.5 0
13.49224253190834 16.5 1
39.18107812208035 16.5 0
38.7437 15.7074 1
43.193 12.7583 0
42.07399901325829 13.5 1
9.025415472164312 13.5 0
5.332660000000001 11.3126 1
11.8918 15.1979 1
22.6679 23.9652 0
20.86698732220867 22.5 1
37.36144503128301 22.5 0
33.78055610628098 25.5 1
21.49690880744507 25.5 0
19.2080284467044 28.5 1
43.8234556349263 28.5 0
43.02201743695979 31.5 1
0 31.5 0
0.707131 30.219 1
0.707131 11.3126 1
0 11.3126 1
0 30.219 1
0.707131 30.219 1
17.8965 30.219 0
17.54906086292624 30.219 1
0.707131 19.80289395158871 0
0.707131 23.33028185476615 1
11.84558401768906 30.219 0
6.142107172451874 30.219 1
0.707131 26.85766975794358 0
12.59478551099279 70.5 1
0 70.5 0
0 73.5 1
8.20419834515921 73.5 0
8.127960000000002 73.41249999999999 1
15.2712 68.75489999999999 0
16.58114253257601 70.5 1
49.68535038338753 70.5 0
46.71288864755199 73.5 1
18.83306368192449 73.5 0
19.3152 74.14230000000001 1
11.0996 76.82310000000001 0
10.81808446490354 76.5 1
0 76.5 0
0 79.5 1
17.34638658074994 79.5 0
17.5757 78.92750000000001 1
22.4255 80.8955 0
18.98652850609756 79.5 1
41.40813468614766 79.5 0
43.67437598031842 82.5 1
20.81250524062366 82.5 0
22.4255 80.8955 1
15.8746 87.4119 0
17.79662223773863 85.5 1
45.94061727448916 85.5 0
48.2068585686599 88.5 1
0 88.5 0
0 91.5 1
100 91.5 0
100 94.5 1
0 94.5 0
0 100 1
100 100 0
100 97.5 1
0 97.5 0
14.94310183751784 85.5 1
0 85.5 0
0 82.5 1
16.14474420913389 82.5 0
12.08977470904208 76.5 1
43.74042691171644 76.5 0
25.5424 54.8579 1
37.0431 53.5639 0
36.79914039476078 52.5 1
100 52.5 0
100 49.5 1
36.11121971075131 49.5 0
48.2869 45.40260000000001 0