14.2816 88.0785
12.3662 81.2131
4.02396 82.5715
6.96578 89.3268

19.7559 50.946
18.211 47.4728
6.87352 50.2643
7.88736 54.4142

36.4106 64.9002
15.1414 58.2017
7.76655 69.029
32.6154 77.233

35.3129 40.5644
28.7117 37.3114
27.3395 40.1669
29.5785 42.675
33.5699 44.6637
34.8013 43.3291

43.0096 11.612
33.3827 9.84395
31.6026 20.408

46.6489 55.4101
45.0289 47.878
39.8787 49.479
40.091 51.0794
35.9289 52.2614
37.4414 58.4401

45.2926 30.9842
44.962 25.354
43.0734 25.9457
44.5739 31.0265

46.2386 61.034
44.4577 57.6065
36.0335 61.5402
37.7367 65.1774

62.8169 60.6229
55.2414 56.2226
41.9178 80.5547
49.5138 84.6874

72.3447 11.937
56.7384 4.13669
52.0348 7.35787
63.0088 12.4392
62.2155 13.7394
69.8683 17.2556

83.6478 83.0804
79.4107 75.3097
72.7443 79.4784
76.4537 87.1514

86.6449 54.9205
82.1496 50.2318
77.2011 54.2575
82.7594 59.0941