17.0907 81.1239
16.1187 79.8373
11.4306 77.8294
6.48198 85.0655
11.8532 88.7802

17.1638 16.4126
17.0612 14.4362
11.7669 14.6235
11.6287 15.3301

21.2221 57.1403
17.0451 46.2681
13.6282 48.0638
12.5268 55.7863
13.5409 58.3731

29.3736 13.8755
22.5898 8.22506
19.4541 11.266
19.0732 13.757
28.3075 15.2906

31.0042 40.9567
19.7063 41.0759
19.4293 45.6291
23.732 48.2565
26.6344 48.2717

32.3332 74.4082
26.0786 67.4025
15.178 77.8683
21.3074 84.6692

50.3047 40.787
44.4338 36.4474
26.986 58.5127
33.111 63.5272

50.4809 74.1665
46.5742 73.8698
46.3912 75.3082
43.1451 74.8553
43.1636 78.2515
48.371 81.4667
50.2418 81.6346

64.4718 54.7609
62.2383 52.8804
60.2144 50.5059
54.1734 55.8126
56.6134 58.3055
58.8604 60.0168

80.3888 22.7163
78.0744 16.6864
64.066 20.6995
66.3228 26.4674

73.7078 28.7509
68.2104 27.4906
68.2492 29.4693
73.5469 29.4527

82.5646 68.7183
77.7101 65.5153
74.8411 70.43
79.9311 73.7617

99.1158 31.3233
83.8076 28.1051
82.3651 35.6912
97.8956 38.8189

94.0289 40.577
90.3678 38.4333
87.1721 44.5424
90.8293 50.8845