46.4765 52.9785 0
41.9378 53.7851 0
44.5 53.32975584418446 1
44.5 86.01215468298935 0
47.5 85.87502496795756 1
47.5 0 0
50.5 0 1
50.5 88.74324170616114 0
50.5765 89.00309999999999 0
50.5 89.4116869373992 1
50.5 100 0
49.8944 100 1
41.7359 100 0
41.5 100 1
41.5 86.9046203042715 0
42.30410000000001 89.61240000000001 1
41.2787 86.15940000000001 0
41.5 86.14928439802117 1
41.5 52.74109221029452 0
41.9378 53.7851 1
41.21120000000001 52.05240000000001 0
39.4957 52.3793 1
37.59439999999999 47.69370000000001 0
35.5 48.16765133408614 1
35.5 65.25312099943753 0
32.5 66.38922097834492 1
32.5 48.84653502500403 0
38.5 49.92547792037027 1
38.5 68.10018294604174 0
37.00230000000001 64.6842 1
39.28740000000001 69.89609999999999 0
38.5 70.19098828259831 1
38.5 100 0
56.5 100 1
56.5 23.14159055406933 0
55.3917 22.4511 1
53.3935 20.2134 1
55.2928 15.434 0
53.5 19.94540331701153 1
53.5 0 0
56.5 0 1
56.5 16.28691930545868 0
59.5 18.40650008443156 1
59.5 0 0
62.5 0 1
62.5 19.98229305859363 0
65.5 21.17443585323884 1
65.5 0 0
68.5 0 1
68.5 55.09316357627198 0
71.5 53.97500142656578 1
71.5 0 0
74.5 0 1
74.5 52.85683927685959 0
77.5 51.73867712715339 1
77.5 6.548744098892493 0
80.5 10.8257829175523 1
80.5 50.6205149774472 0
83.762 49.40470000000001 0
89.5 47.85109466804711 1
89.5 0 0
92.5 0 1
92.5 47.78267196346157 0
95.5 49.1475632931155 1
95.5 0 0
98.5 0 1
98.5 100 0
95.5 100 1
95.5 53.52779908650261 0
95.1155 54.3092 1
97.2611 49.94880000000001 0
89.95920000000001 46.6267 1
88.41380000000001 50.7473 0
89.5 51.32460662070818 1
89.5 69.94084093532587 0
92.5 75.36981794215831 1
92.5 52.91908264917856 0
86.5 56.935045701646 1
86.5 0 0
85.18510000000001 1.27651 1
85.18510000000001 0 1
76.0446 0 1
76.0446 4.47381 1
81.40799999999999 12.1203 0
85.18510000000001 9.367470000000001 1
85.18510000000001 1.27651 1
76.0446 1.27651 0
77.63877017884246 1.27651 1
76.0446 2.552492654787211 0
80.03919999999999 1.27651 0
81.81687642961305 1.27651 1
85.18510000000001 6.572408128424165 0
85.18510000000001 9.367470000000001 0
83.5 10.59560635672871 1
83.5 49.50235282774101 0
83.762 49.40470000000001 1
88.78020000000001 63.2063 1
73.80670000000001 68.38619975202317 1
73.80670000000001 72.37129999999999 1
80.22829999999999 83.749 0
77.5 78.91503667154603 1
77.5 100 0
80.5 100 1
80.5 83.59005986064355 0
83.5 81.83510800908167 1
83.5 100 0
86.5 100 1
86.5 80.08015615751978 0
89.5 78.32520430595787 1
89.5 100 0
92.5 100 1
92.5 76.57025245439598 0
93.00129999999999 76.27699999999999 1
86.5907 64.67599999999999 0
82.53413348696722 65.36705055143946 1
73.80670000000001 70.62050947761742 0
71.5 69.18417449126196 1
71.5 100 0
74.5 100 1
74.5 73.59967912825465 0
68.5 70.22198791204332 1
68.5 100 0
65.5 100 1
65.5 71.25980133282465 0
64.14080000000001 71.72999999999999 1
60.32810000000001 58.139 0
62.5 57.32948787568438 1
62.5 26.04408261800661 0
65.74180000000001 27.2859 0
68.21379999999999 22.3973 1
65.74180000000001 27.2859 0
65.5 27.19327508699919 1
65.5 56.21132572597817 0
60.32810000000001 58.139 0
62.5 65.88109691294883 1
62.5 100 0
59.5 100 1
59.5 24.89489014901401 0
59.0176 24.7101 0
55.3917 22.4511 0
53.5 20.33266486337704 1
53.5 100 0
49.8944 97.15721942451 1
41.7359 97.72851942451001 0
41.7359 94.72117314150333 1
49.8944 94.14987314150332 0
49.8944 92.64619999999999 1
50.5765 89.00309999999999 1
49.627 85.77780000000001 0
35.5 78.98451041034647 1
35.5 100 0
32.5 100 1
32.5 91.03853631012896 0
33.1865 91.11089999999999 1
35.6917 77.97970000000001 0
35.5 77.94280271210013 1
35.5 71.31451488635111 0
33.8408 71.9359 1
31.3131 66.83869999999999 0
32.5 69.23212749535151 1
32.5 77.36538036624941 0
30.5149 76.98330000000001 1
31.3571 64.71700000000001 0
29.5 64.4652039847399 1
29.5 49.52541871592193 0
28.2959 49.7979 1
26.1975 42.7016 1
25.9204 37.485 0
26.5 37.52273155223084 1
26.5 0 0
23.5 0 1
23.5 68.73343729550791 0
20.5 80.46813606109174 1
20.5 0 0
17.5 0 1
17.5 81.12326975081098 0
17.7403 79.95070000000001 1
16.3839 86.5694 0
17.5 86.70162253715245 1
17.5 100 0
14.5 100 1
14.5 0 0
11.5 0 1
11.5 100 0
8.5 100 1
8.5 0 0
5.5 0 1
5.5 100 0
2.5 100 1
2.5 0 0
0 0 1
0 100 0
29.5 90.72230751244047 1
29.5 100 0
26.5 100 1
26.5 90.406078714752 0
25.7109 90.3229 1
26.4604 78.27799999999999 0
22.1528 80.79839999999999 1
21.3903 87.16249999999999 0
20.5 87.05702761864814 1
20.5 100 0
23.5 100 1
23.5 77.54154010010882 0
21.8654 77.13489999999999 1
24.4633 63.78230000000001 0
26.5 64.05844718877833 1
26.5 43.72458453583683 0
26.1975 42.7016 0
25.9204 37.485 0
29.5 37.71802944162437 1
29.5 0 0
32.5 0 1
32.5 38.11125921819075 0
34.6867 38.4609 0
35.5 38.99338755013206 1
35.5 0 0
38.5 0 1
38.5 40.9575614716815 0
38.77589999999999 41.1382 1
43.4746 45.9436 1
46.4765 52.9785 0
43.4746 45.9436 0
41.5 43.92415997616362 1
41.5 0 0
44.5 0 1
44.5 48.34660691562011 0
46.4765 52.9785 0