49.6537 43.16419999999999 0
20.5 71.34746479667336 1
20.5 51.58538956357928 0
21.1204 55.5436 1
19.5279 45.38330000000001 0
20.5 45.18968979134127 1
20.5 0 0
17.5 0 1
17.5 68.47841566810831 0
14.5 64.77999190768031 1
14.5 0 0
12.5714 3.657452867466403 1
0.178351 4.071552867466403 0
0.178351 1.069878602399208 1
12.5714 0.6557786023992076 0
12.5714 0 1
12.5714 5.158289999999999 0
11.5 5.739501426590817 1
11.5 66.58715131034918 0
8.5 69.99331697236209 1
8.5 7.366936819322239 0
5.5 8.994372212053662 1
5.5 100 0
0 100 1
0 0 1
0.178351 0 1
0.178351 5.57239 1
3.13709 10.2762 0
2.5 9.263352867184299 1
2.5 100 0
8.5 100 1
8.5 79.07769141492506 0
10.0534 82.1908 1
5.60638 73.27869999999999 1
13.8248 63.94759999999999 1
18.7035 69.96209999999999 0
29.5 54.00647704102185 1
29.5 100 0
26.5 100 1
26.5 54.55678599096392 0
23.5 55.10709494090597 1
23.5 73.66090447940098 0
25.4611 75.17320000000001 1
14.7726 86.27330000000001 0
17.5 83.44087143284838 1
17.5 100 0
14.5 100 1
14.5 86.03747835650111 0
11.5 83.44222916172234 1
11.5 100 0
20.5 80.32534540019648 1
20.5 100 0
23.5 100 1
23.5 77.20981936754455 0
32.5 85.3694690514196 1
32.5 53.4561680910798 0
35.5 52.90585914113775 1
35.5 81.67888615641357 0
34.5244 80.98099999999999 1
30.7029 89.26519999999999 0
32.5 90.09418022017817 1
32.5 100 0
35.5 100 1
35.5 89.84838190848308 0
34.845 91.17590000000001 1
38.47929999999999 83.81010000000001 1
36.5085 82.40030701408381 1
36.5085 82.2878 0
41.5 85.94741748676546 1
41.5 100 0
38.5 100 1
38.5 83.74790782828677 0
38.47929999999999 83.81010000000001 1
38.47929999999999 83.73273121164326 1
36.5085 82.2878 1
41.3447 77.404 0
41.5 77.51629174386559 1
41.5 39.86622189609166 0
38.5 41.60468438463695 1
38.5 24.47416859594084 0
35.5 29.61675134771752 1
35.5 30.92212961704756 0
35.58620000000001 30.9748 1
33.1255 35.8751 0
32.5 35.35429767966025 1
32.5 42.79968618687172 0
23.5 44.59218889022388 1
23.5 23.36439436459602 0
25.3667 27.9765 0
26.5 29.38011758514631 1
26.5 43.9946879891065 0
29.5 43.39718708798911 1
29.5 32.85644482431374 0
28.9106 32.3657 1
25.3667 27.9765 1
22.9037 21.8911 1
23.4737 14.19 1
27.0585 7.086130000000001 0
23.5 0 1
23.5 14.13788223024994 0
26.5 8.192889483095293 1
26.5 0 0
29.5 0 1
29.5 9.031810725928636 0
30.8867 10.1369 1
30.1582 11.6929 0
32.5 13.04057054589082 1
32.5 0 0
35.5 0 1
35.5 14.76702525494901 0
38.5 16.4934799640072 1
38.5 0 0
41.5 0 1
41.5 18.21993467306539 0
42.66070000000001 18.8879 1
40.59569999999999 23.1405 0
39.62430000000001 22.5469 1
34.93859999999999 30.5791 0
35.58620000000001 30.9748 0
35.5 31.14646085260292 1
35.5 42.20218528575434 0
39.5031 41.4049 1
37.2557 52.5838 0
38.5 46.39446776274806 1
38.5 80.27669878416938 0
41.3447 77.404 0
44.5 79.68548190224789 1
44.5 43.9813943381702 0
41.85939999999999 44.40009999999999 1
41.2223 36.363 0
41.5 36.31896361490301 1
41.5 21.27821129297821 0
44.5 35.84323745253002 1
44.5 0 0
47.5 0 1
47.5 35.36751129015704 0
49.0167 35.127 0
66.7936 43.6307 1
72.51060000000001 55.4783 0
81.3323 67.89250000000001 0
83.5 69.1499821957301 1
83.5 100 0
86.5 100 1
86.5 70.89028140096619 0
81.3323 67.89250000000001 1
90.477 51.69450000000001 0
89.5 53.42505934038296 1
89.5 49.01985390163935 0
92.5 52.83858632960532 1
92.5 47.08477193442623 0
95.5 45.14968996721312 1
95.5 54.53520471260877 0
98.05029999999999 55.97750000000001 1
89.03270000000001 72.3595 0
89.5 71.51057028477643 1
89.5 100 0
92.5 100 1
92.5 66.06056141323634 0
95.5 60.61055254169624 1
95.5 100 0
98.5 100 1
98.5 43.214608 0
99.45160000000001 42.60080000000001 1
93.55029999999999 29.7273 0
95.5 33.98050911494077 1
95.5 0 0
98.5 0 1
98.5 40.52491458492197 0
93.55029999999999 29.7273 0
92.2122 30.499 0
92.5 31.10191507677427 1
92.5 32.57369989477313 0
93.0393 32.2317 1
92.2122 30.499 0
92.5 30.33302192661236 1
92.5 0 0
78.35659999999999 6.042366675715417 1
78.1636 6.041130000000001 1
78.35659999999999 14.0438 1
78.35659999999999 0 1
70.6729 0 1
70.6729 14.0312 1
71.0908 5.995810000000001 1
70.6729 5.993132244655582 0
70.6729 4.493101451524344 1
78.35659999999999 4.54233588258418 0
78.35659999999999 1.542274296321705 1
70.6729 1.493039865261871 0
68.5 0 1
68.5 42.88349051847153 0
71.5 41.56983109243697 1
71.5 14.0325563075081 0
65.5 17.28983064401982 1
65.5 100 0
68.5 100 1
68.5 47.16695059296833 0
71.5 53.38398750043729 1
71.5 100 0
74.5 100 1
74.5 54.68148823183866 0
76.59620000000001 53.8419 1
71.83920000000001 41.4213 0
74.5 48.36868963212109 1
74.5 14.03747581243411 0
77.5 14.04239531736012 1
77.5 100 0
80.5 100 1
80.5 41.32443422407397 0
83.5 45.12894309913818 1
83.5 64.05285467538573 0
86.5 58.73895700788435 1
86.5 48.93345197420238 0
87.5566 50.2734 1
78.7961 39.1636 0
80.5 37.99294681208936 1
80.5 0 0
83.5 0 1
83.5 38.28109661822602 0
86.5 36.37863104374172 1
86.5 0 0
89.5 0 1
89.5 34.47616546925742 0
63.2441 24.0256 0
59.5 21.91389040415444 1
59.5 100 0
62.5 100 1
62.5 23.60592020772183 0
63.2441 24.0256 1
65.64619999999999 16.8533 0
65.5 16.77171497371312 1
65.5 0 0
62.5 0 1
62.5 15.09760362719711 0
59.5 13.42349228068111 1
59.5 0 0
56.5 0 1
56.5 11.7493809341651 0
55.45099999999999 11.164 0
53.5 10.69494004944376 1
53.5 0 0
50.5 0 1
50.5 12.39772955241168 0
51.24420000000001 10.1526 1
48.82680000000001 17.4455 0
50.5 18.05528452237001 1
50.5 85.01746731881147 0
53.0928 87.7148 0
56.5 100 1
56.5 20.24193712470092 0
53.5 19.14861082353546 1
53.5 100 0
50.5 100 1
50.5 90.60020619648139 0
48.5967 92.7183 1
42.9122 86.9828 0
44.5 88.58484536898584 1
44.5 100 0
47.5 100 1
47.5 91.61176066496614 0
48.5967 92.7183 1
53.0928 87.7148 1
47.3681 81.7593 0
47.5 81.89651774940171 1
47.5 43.50570056194911 0
49.6537 43.16419999999999 0