21.8855 45.6289
15.7286 42.5332
12.602 46.6398
6.97668 57.3719
10.9465 59.8123

65.7145 55.2557
61.3449 53.2292
56.6171 52.0344
49.9334 53.0633
44.3436 55.405
39.813 60.5356
44.0342 62.8228
43.9367 63.8029
50.8147 67.487
51.7962 68.3907
55.3596 70.4186
61.887 58.14
63.2281 59.0183

54.1966 20.7
50.4051 19.3454
45.0176 32.0034
48.5823 33.6383

62.8398 82.0606
50.105 80.1962
48.6225 88.8635
58.4065 90.5763

64.7027 73.0119
59.4549 65.2605
54.1669 75.519
60.9603 78.9787

74.5961 84.0521
70.3773 78.3651
65.2761 81.3769
68.4923 87.5318

83.5383 44.6267
81.9281 39.7229
75.7504 42.095
77.1414 46.689

90.3134 65.7208
89.4214 46.6632
80.4231 47.2877
81.4331 65.645

94.3576 36.2707
93.8941 31.4795
87.4286 32.2192
88.0095 36.8878