10.7942 76.9955
4.77547 75.8931
3.92087 82.3878
10.1072 83.4635

33.8248 37.6366
22.6287 33.7225
14.4116 29.4544
11.1026 36.5907
23.5171 42.8253
30.7603 45.2031

29.7136 20.86
26.9116 16.2439
23.2227 15.2543
21.9291 19.8297
23.3101 20.2548
22.2435 24.9732
27.808 26.5087

31.8569 93.2458
26.9339 78.659
19.5344 80.2891
25.7482 95.6132

34.4794 66.5217
33.611 64.383
28.6901 65.3308
29.7105 69.5354
34.4169 68.3246

37.1007 75.1022
34.4121 69.3185
30.0462 71.3455
32.8894 77.1993

41.8597 98.6615
41.2513 93.7572
35.7287 93.9255
36.337 98.8298

51.1873 55.6065
48.5218 43.8105
50.0361 43.6464
48.1556 35.437
42.4303 36.718
45.7659 53.8432

50.4995 7.41894
48.423 5.41611
44.8605 9.87176
46.8203 11.6649

79.0095 79.2309
51.2588 65.7807
47.9324 73.0295
75.2128 87.5468

72.9192 45.8166
64.7033 43.3067
56.7247 38.7295
53.7193 45.6985
61.5914 49.6444
69.9565 52.2875

92.7641 25.3854
79.8814 22.3409
72.1315 32.5947
88.8596 37.4252

69.9464 7.77996
62.559 6.65991
61.8027 10.5042
63.2093 10.8558
62.3759 14.0257
65.7505 14.4087
69.5586 9.61779