69.90700000000001 35.00660000000001 0
94.5 42.71925859126226 1
94.5 100 0
91.5 100 1
91.5 39.77517503502739 0
88.5 36.83109147879252 1
88.5 100 0
85.5 100 1
85.5 0 0
88.5 0 1
88.5 9.80549971075931 0
91.5 5.95600643394935 1
91.5 0 0
94.5 0 1
94.5 7.663927318683866 0
97.5 11.53342218235885 1
97.5 0 0
100 0 1
100 100 0
97.5 100 1
97.5 11.57613185114243 0
97.5189 11.5578 1
92.34010000000001 4.878019999999999 1
87.81100000000001 10.6896 1
92.40260000000001 16.5203 0
91.5 15.37412223625751 1
91.5 27.81549074215033 0
96.81809999999999 30.1986 0
94.5 37.11934505165158 1
94.5 40.0723749660516 0
93.68170000000001 39.5624 1
96.81809999999999 30.1986 0
94.5 29.15982946717412 1
94.5 14.48594949279753 0
92.40260000000001 16.5203 0
88.5 11.56453516421291 1
88.5 31.54000387665198 0
86.76660000000001 35.13 1
90.5121 27.3728 0
82.5 24.25880530305165 1
82.5 0 0
79.5 0 1
79.5 20.47157848436709 0
80.1225 20.0851 1
83.67140000000001 26.3152 0
82.5 27.11577103581414 1
82.5 100 0
79.5 100 1
79.5 29.16606393955532 0
77.6626 30.4218 0
76.5 31.10908254164733 1
76.5 100 0
73.5 100 1
73.5 32.88256234978596 0
69.90700000000001 35.00660000000001 0