69.90700000000001 35.00660000000001 0
69.90700000000001 35.00660000000001 1
65.70740000000001 29.0347 0
67.5 27.92176613481696 1
67.5 0 0
70.5 0 1
70.5 26.0592192222045 0
73.5 24.19667230959202 1
73.5 0 0
76.5 0 1
76.5 22.33412539697956 0
64.5 0 1
64.5 100 0
61.5 100 1
61.5 0 0
52.5 0 1
52.5 94.24413156386669 0
52.176 95.47640000000001 1
52.176 100 1
57.28619999999999 100 0
57.28619999999999 98.8777106067368 1
52.176 97.0677106067368 0
52.176 95.47640000000001 1
54.1653 87.91050000000001 0
55.5 88.20659828324636 1
55.5 0 0
58.5 0 1
58.5 88.87213724311678 0
59.7223 89.14330000000001 1
57.28619999999999 97.28639999999999 0
58.5 100 1
58.5 93.22905638520587 0
57.28619999999999 97.28639999999999 0
49.5 100 1
49.5 0 0
46.5 0 1
46.5 100 0
43.5 100 1
43.5 0 0
40.5 0 1
40.5 100 0
37.5 100 1
37.5 6.13746156041146 0
34.6474 10.9569 0
1.5 0 1
1.5 100 0
4.5 100 1
4.5 0 0
7.5 0 1
7.5 100 0
10.5 100 1
10.5 0 0
13.5 0 1
13.5 100 0
16.5 100 1
16.5 0 0
19.5 0 1
19.5 100 0
22.5 100 1
22.5 0 0
25.5 0 1
25.5 100 0
28.5 100 1
28.5 0 0
31.5 0 1
31.5 7.175328355321962 0
30.7528 8.716049999999999 1
33.5497 2.94886 0
34.5 3.408157360489965 1
34.5 0 0
37.5 0 1
37.5 4.858112197351899 0
38.08880000000001 5.14269 1
34.6474 10.9569 0
34.5 10.8734319782984 1
34.5 100 0
31.5 100 1
31.5 9.153356693803225 0
67.5 31.58380656729212 1
67.5 100 0
70.5 100 1
70.5 34.6560421579246 0
69.90700000000001 35.00660000000001 0