66.5 55.5 0
66.5 55.5 1
66.5 70.5 1
63.5 70.5 1
63.5 76.5 1
73.5 76.5 1
73.5 54.5 0
89.5 54.5 0
89.5 55 1
108.9569767666398 55 0
109.6712624809255 56 1
89.5 56 0
89.5 57 1
103.5 57 0
103.5 58 1
89.5 58 0
89.5 59 1
103.5 59 0
103.5 60 1
89.5 60 0
89.5 63 1
103.5 63 0
103.5 64 1
89.5 64 0
89.5 62 1
103.5 62 0
103.5 61 1
89.5 61 0
106.8141196237827 52 1
34.5 52 0
34.5 51 1
95.5 51 0
82.5 19 1
107.5 19 0
107.5 20 1
82.5 20 0
82.5 21 1
107.5 21 0
107.5 22 1
82.5 22 0
82.5 23 1
107.5 23 0
107.5 24 1
82.5 24 0
82.5 25 1
107.5 25 0
107.5 26 1
82.5 26 0
82.5 27 1
107.5 27 0
107.5 28 1
82.5 28 0
82.5 29 1
107.5 29 0
107.5 30 1
82.5 30 0
82.5 31 1
107.5 31 0
107.5 32 1
84.5 32 0
84.5 33 1
107.5 33 0
107.5 34 1
83.90000000000001 34 0
82.69999999999999 35 1
107.5 35 0
107.5 36 1
81.5 36 0
80.30000000000001 37 1
107.5 37 0
107.5 37.5 0
109.5 42 1
78.5 42 0
78.5 41 1
109.5 41 0
109.5 40 1
78.5 40 0
78.5 39 1
109.5 39 0
109.5 38 1
79.09999999999999 38 0
87.5 42.5 1
87.5 46.5 1
87.5 47.5 1
48.5 47.5 1
48.5 48.5 1
48.5 49.5 1
42.5 49.5 1
41.5 49.5 1
41.5 42.5 1
41.5 41.5 0
41 49.5 1
41 40.5 0
40 40.5 1
40 49.5 0
39 49.5 1
39 40.5 0
38 40.5 1
38 49.5 0
37 49.5 1
37 40.5 0
36 40.5 1
36 49.5 0
34.5 53 1
107.5284053380684 53 0
108.2426910523541 54 1
34.5 54 0
34.5 54.5 0
17.5 55 1
73.5 55 0
73 55.5 1
73 76.5 0
72 76.5 1
72 55.5 0
71 55.5 1
71 76.5 0
70 76.5 1
70 55.5 0
69 55.5 1
69 76.5 0
68 76.5 1
68 55.5 0
66.5 55.5 0