66.5 55.5 0
66.5 55.5 1
47.5 55.5 1
47.5 64.5 1
44.5 64.5 0
47.5 62 1
17.5 62 0
17.5 63 1
47.5 63 0
47.5 64 1
17.5 64 0
17.5 65 1
44.5 65 0
44.5 67 1
17.5 67 0
17.5 66 1
44.5 66 0
44.5 64.5 1
44.5 73.5 0
47.5 74 1
12.5 74 0
12.5 75 1
47.5 75 0
47.5 76 1
12.5 76 0
12.5 77 1
47.5 77 0
44.5 73.5 1
47.5 73.5 1
47.5 77.5 1
12.5 77.5 1
12.5 68.5 1
17.5 68.5 0
17.5 68 1
44.5 68 0
44.5 70 1
12.5 70 0
12.5 71 1
44.5 71 0
44.5 73 1
12.5 73 0
12.5 72 1
44.5 72 0
44.5 69 1
12.5 69 0
17.5 68.5 1
17.5 54.5 1
34.5 54.5 1
34.5 40.5 0
30.5 40.5 1
34.5 40.5 0
35 40.5 1
35 49.5 0
34.5 50 1
95.5 50 0
95.5 49 1
48.5 49 0
48.5 49.5 0
47.5 55.5 0
47.5 58 1
17.5 58 0
17.5 59 1
47.5 59 0
47.5 61 1
17.5 61 0
17.5 60 1
47.5 60 0
47.5 57 1
17.5 57 0
17.5 56 1
47.5 56 0
47.5 55.5 0
66.5 55.5 0