46.0536 59.0766 0
46.65902656545501 58.5 1
0 58.5 0
0 55.5 1
49.80900869581404 55.5 0
52.95899082617306 52.5 1
0 52.5 0
0 49.5 1
56.1089729565321 49.5 0
59.25895508689113 46.5 1
0 46.5 0
0 43.5 1
62.40893721725016 43.5 0
65.55891934760919 40.5 1
0 40.5 0
0 37.5 1
68.70890147796823 37.5 0
0 61.5 1
100 61.5 0
100 64.5 1
0 64.5 0
0 67.5 1
100 67.5 0
100 70.5 1
0 70.5 0
0 73.5 1
100 73.5 0
100 76.5 1
0 76.5 0
0 79.5 1
100 79.5 0
100 82.5 1
0 82.5 0
0 85.5 1
100 85.5 0
100 88.5 1
0 88.5 0
0 91.5 1
100 91.5 0
100 94.5 1
0 94.5 0
0 97.5 1
100 97.5 0
100 100 1
0 100 0
47.4417 60.65560000000001 1
75.72399999999999 33.7319 0
74.91714081534113 34.5 1
100 34.5 0
100 37.5 1
71.76575746164161 37.5 0
68.61437410794207 40.5 1
100 40.5 0
100 43.5 1
65.46299075424255 43.5 0
62.31160740054301 46.5 1
100 46.5 0
100 49.5 1
59.16022404684348 49.5 0
56.00884069314395 52.5 1
100 52.5 0
100 55.5 1
52.85745733944442 55.5 0
49.70607398574491 58.5 1
100 58.5 0
100 7.5 1
0 7.5 0
0 4.5 1
100 4.5 0
100 1.5 1
0 1.5 0
0 10.5 1
100 10.5 0
100 13.5 1
0 13.5 0
0 16.5 1
100 16.5 0
100 19.5 1
0 19.5 0
0 22.5 1
100 22.5 0
100 25.5 1
0 25.5 0
0 28.5 1
100 28.5 0
100 31.5 1
0 31.5 0
0 34.5 1
71.85888360832726 34.5 0
74.2577 32.2154 1
46.0536 59.0766 0
46.0536 59.0766 0