56.533 56.0697 0
56.533 56.0697 1
50.16419999999999 65.71780000000001 0
50.5 65.20909632269814 1
50.5 100 0
47.5 100 1
47.5 63.7341259359623 0
9.681460000000001 72.71789999999999 1
5.095050000000001 78.93039999999999 0
5.5 79.21418388969377 1
5.5 100 0
8.5 100 1
8.5 81.3165463272326 0
5.095050000000001 78.93039999999999 0
5.5 78.38187689042192 1
5.5 0 0
2.5 0 1
2.5 100 0
0 100 1
0 0 0
8.5 0 1
8.5 74.3182410619635 0
9.681460000000001 72.71789999999999 0
38.5 57.033027453739 1
38.5 77.99740438377793 0
38.5397 77.9641 1
42.0116 82.4024 0
41.5 81.7483966358478 1
41.5 59.26672694781342 0
44.5 61.50042644188787 1
44.5 100 0
41.5 100 1
41.5 87.75379233882995 0
40.3823 88.8553 0
38.5 87.36185765920089 1
38.5 100 0
35.5 100 1
35.5 87.37502432280544 0
36.4042 88.56039999999999 1
33.7351 85.06129999999999 1
35.09520000000001 83.316 1
33.7265 82.00190000000001 0
35.5 80.51410844760244 1
35.5 54.79932795966457 0
32.5 52.56562846559014 1
32.5 100 0
29.5 100 1
29.5 50.33192897151569 0
26.5 48.09822947744127 1
26.5 100 0
23.5 100 1
23.5 87.36335803766974 0
20.5 88.61541125711784 1
20.5 100 0
17.5 100 1
17.5 89.86746447656591 0
17.4968 89.86879999999999 1
14.4969 82.22720000000001 0
14.5 82.23509658321944 1
14.5 100 0
11.5 100 1
11.5 81.01411956470207 0
10.1682 82.48560000000001 1
14.8087 77.35839999999999 1
12.3348 74.84129999999999 0
11.5 74.17323095494734 1
11.5 42.28443943596604 0
9.685030000000001 41.1324 1
14.4729 34.9329 0
11.5 38.78231394607623 1
11.5 0 0
14.5 0 1
14.5 34.95550763580218 0
26.5 36.60109026234096 1
26.5 0 0
23.5 0 1
23.5 41.00827367582957 0
17.5 40.13953059501941 1
17.5 80.97391125422615 0
14.5 82.22590627181515 1
14.5 77.69947674604029 0
14.8087 77.35839999999999 0
14.5 77.04430938598972 1
14.5 44.08493483153906 0
14.4468 44.1549 1
18.7475 38.49890000000001 0
17.5 37.45819794600665 1
17.5 0 0
20.5 0 1
20.5 79.72191623663716 0
21.8026 79.17830000000001 1
24.8024 86.81979999999999 0
23.5 83.5021489565971 1
23.5 45.86452998336684 0
21.3062 44.2311 1
27.5233 35.09780000000001 0
29.5 36.5268101148926 1
29.5 0 0
32.5 0 1
32.5 38.69559159143321 0
35.5 40.86437306797382 1
35.5 0 0
38.5 0 1
38.5 43.03315454451442 0
41.5 45.20193602105503 1
41.5 0 0
44.5 0 1
44.5 47.37071749759563 0
47.5 49.53949897413624 1
47.5 18.99233386025101 0
46.19459999999999 17.8843 0
50.5 11.53667599388379 1
50.5 0 0
47.5 0 1
47.5 15.9596963911404 0
46.19459999999999 17.8843 1
52.9308 7.95285 0
53.5 8.404539805351767 1
53.5 0 0
56.5 0 1
56.5 10.78519584199143 0
57.64700000000001 11.6954 1
50.8 21.7934 0
50.5 21.53875762365918 1
50.5 51.70828045067684 0
53.5 53.87706192721745 1
53.5 17.81142249160216 0
55.1065 23.298 0
58.0671 28.4122 0
59.5 27.54353650691953 1
59.5 100 0
62.5 100 1
62.5 72.37365980519598 0
42.72920000000001 86.54239999999999 1
40.4623 83.81870000000001 0
41.5 82.87008158523204 1
41.5 85.06550554501743 0
53.5 60.66439402399196 1
53.5 100 0
56.5 100 1
56.5 56.11969172528576 0
83.5 41.55363458140459 1
83.5 0 0
80.5 0 1
80.5 44.55386192445896 0
77.5 47.55408926751331 1
77.5 0 0
74.5 0 1
74.5 50.55431661056767 0
73.39959999999999 51.65479999999999 1
89.2347 35.8185 0
86.5 38.55340723835025 1
86.5 0 0
89.5 0 1
89.5 9.061233539112052 0
88.5352 10.5594 1
92.79220000000001 3.94902 0
92.5 4.402755737843552 1
92.5 0 0
95.5 0 1
95.5 5.930691038306451 0
98.5 0 1
98.5 8.126205151209678 0
99.93459999999999 9.176100000000002 1
95.1585 15.9227 0
95.5 15.44030559871025 1
95.5 100 0
98.5 100 1
98.5 11.20258025795105 0
95.1585 15.9227 0
92.5 13.76994638020322 1
92.5 40.50949025023269 0
94.82149999999999 43.8446 1
89.2347 35.8185 0
89.5 36.19963487685258 1
89.5 11.34065886491628 0
71.5 0 1
71.5 100 0
86.5 100 1
86.5 51.29394465945789 0
89.5 48.60836706186447 1
89.5 100 0
92.5 100 1
92.5 45.92278946427105 0
83.5 53.97952225705131 1
83.5 100 0
80.5 100 1
80.5 56.66509985464474 0
78.9982 58.0095 1
73.39959999999999 51.65479999999999 0
74.5 52.90381080270068 1
74.5 100 0
77.5 100 1
77.5 56.30896566284429 0
68.5 70.94528972984043 1
68.5 0 0
65.5 0 1
65.5 64.95109881211715 0
65.39609999999999 64.74350000000001 1
70.767 75.47489999999999 0
68.5 76.40469353738445 1
68.5 100 0
65.5 100 1
65.5 77.63512168566555 0
65.19649999999999 77.75960000000001 1
59.7346 66.8501 0
62.5 65.82111622538196 1
62.5 25.72485378011276 0
63.5299 25.1005 0
62.98739999999999 22.9621 1
60.9204 20.335 0
59.5 21.05889363422143 1
59.5 0 0
62.5 0 1
62.5 22.34262804063861 0
56.5 13.38700303782679 1
56.5 22.58781570030444 0
55.1065 23.298 1
57.1735 25.9251 0
56.5 25.06910007256894 1
56.5 56.04584340375806 0
56.533 56.0697 0