27.716 35.1846
23.0437 30.7267
17.9044 35.9323
22.7237 40.74

34.375 90.2329
32.0943 82.8203
25.3972 84.2573
27.7539 92.1439

48.725 32.8294
47.6607 27.6065
40.9929 28.7915
42.2832 34.0952

89.6464 50.3594
89.2628 48.285
50.9109 55.077
51.1948 57.1601

63.4031 45.3703
61.2042 41.1905
59.8865 41.4428
57.6954 38.103
52.9246 41.2674
57.6768 49.0236

61.9205 10.9546
56.6709 9.51851
55.7198 18.069
60.3745 19.5838

79.0874 79.7092
73.8931 78.1571
71.8672 86.4118
77.479 87.3651

85.4474 72.4176
79.567 69.5812
76.752 75.5796
82.6537 78.5341