47.15989999999999 53.6677 0
47.15989999999999 53.6677 1
57.10639999999999 38.8246 0
55.50000000000001 37.77483967688727 1
55.50000000000001 0 0
52.50000000000001 0 1
52.50000000000001 35.81438090613391 0
67.5 23.51119358108802 1
67.5 100 0
70.5 100 1
70.5 15.66418524989131 0
72.8587 8.011890000000001 1
68.0266 23.6886 0
91.50000000000003 60.12369924097892 1
91.50000000000003 0 0
100 0 1
100 100 0
97.50000000000003 100 1
97.50000000000003 0 0
94.50000000000003 0 1
94.50000000000003 64.18741294522241 0
93.62889999999999 58.82129999999999 1
96.07149999999999 73.8681 0
94.50000000000003 74.93115560684674 1
94.50000000000003 100 0
91.50000000000003 100 1
91.50000000000003 76.96053315730191 0
88.50000000000003 78.98991070775708 1
88.50000000000003 100 0
85.5 100 1
85.5 81.01928825821221 0
85.24010000000001 81.1951 1
79.00479999999999 67.7679 0
79.5 67.46495101031857 1
79.5 0 0
82.5 0 1
82.5 65.62963806798365 0
85.5 63.79432512564875 1
85.5 0 0
88.50000000000003 0 1
88.50000000000003 61.95901218331383 0
79.00479999999999 67.7679 0
79.5 68.8342720173849 1
79.5 84.82176415776499 0
81.06780000000001 85.0795 1
78.92269999999999 97.09610000000001 0
79.5 97.22658019152672 1
79.5 93.86213273507056 0
81.06780000000001 99.11876712905533 1
75.2783 97.81023591678445 0
73.5 100 1
73.5 0 0
71.15097476942643 0.8525579999999999 1
72.8587 2.230185877862352 0
66.37292492314214 0.8525579999999999 1
72.8587 6.084655292620784 0
76.5 0 1
76.5 89.53514011222813 0
77.41679999999999 84.47929999999999 1
75.2783 96.2724 1
75.2783 100 1
81.06780000000001 100 0
82.5 100 1
82.5 75.29452252658254 0
61.50000000000001 64.67696285178229 1
61.50000000000001 100 0
64.5 100 1
64.5 22.50052275553549 0
61.50000000000001 21.48985192998297 1
61.50000000000001 57.25033933837872 0
62.3847 57.336 1
60.1461 75.91120000000001 0
58.50000000000001 75.62522386751095 1
58.50000000000001 100 0
55.50000000000001 100 1
55.50000000000001 75.10403536288359 0
52.50000000000001 74.5828468582562 1
52.50000000000001 100 0
49.50000000000001 100 1
49.50000000000001 50.17558334489517 0
53.4128 56.46729999999999 1
50.29170000000001 74.19919999999999 0
52.50000000000001 61.65318905193676 1
52.50000000000001 45.69870202985973 0
55.50000000000001 41.22182071482429 1
55.50000000000001 56.66939215885152 0
58.50000000000001 56.95986574861512 1
58.50000000000001 20.47918110443045 0
58.2804 20.4052 1
58.2804 0 1
72.8587 0 1
72.8587 0.8525579999999999 1
58.2804 0.8525579999999999 0
58.2804 4.335449235995871 1
59.29635836329957 0.8525579999999999 0
62.42138612109986 0.8525579999999999 1
58.2804 15.04861641199862 0
43.5 0 1
43.5 45.16849639939757 0
46.50000000000001 40.70905554004048 1
46.50000000000001 0 0
49.50000000000001 0 1
49.50000000000001 36.24961468068341 0
50.6195 34.5855 1
40.5934 49.48909999999999 0
43.5 51.33871832939923 1
43.5 100 0
40.5 100 1
40.5 0 0
37.5 0 1
37.5 100 0
34.5 100 1
34.5 0 0
31.50000000000001 0 1
31.50000000000001 100 0
28.50000000000001 100 1
28.50000000000001 0 0
25.50000000000001 0 1
25.50000000000001 100 0
22.50000000000001 100 1
22.50000000000001 0 0
19.5 0 1
19.5 100 0
16.5 100 1
16.5 39.29148694515382 0
17.3731 35.8672 1
11.8861 41.90689999999999 0
13.5 40.13043347366502 1
13.5 0 0
16.5 0 1
16.5 36.8282464862402 0
17.3731 35.8672 1
15.7285 42.3173 0
13.5 42.07927782635852 1
13.5 100 0
10.5 100 1
10.5 0 0
7.500000000000002 0 1
7.500000000000002 100 0
4.5 100 1
4.5 0 0
1.5 0 1
1.5 100 0
46.50000000000001 100 1
46.50000000000001 53.24777185867661 0
47.15989999999999 53.6677 0