64.76589999999999 53.2363 0
64.76589999999999 53.2363 1
81.11359999999999 26.896 0
88.5 31.55010723734186 1
88.5 0 0
85.5 0 1
85.5 29.65983298844854 0
82.5 27.76955873955523 1
82.5 0 0
79.5 0 1
79.5 29.49591974895551 0
78.17330000000001 29.4521 1
77.24340000000001 24.9863 0
76.5 24.91725943256621 1
76.5 0 0
73.5 0 1
73.5 24.63864535898352 0
73.32400000000001 24.6223 1
73.06039999999999 28.9625 0
73.5 29.00459512409787 1
73.5 39.16344484422885 0
76.5 34.32968229659218 1
76.5 29.29186849146277 0
73.06039999999999 28.9625 0
72.5703 26.2756 0
64.5 0 1
64.5 100 0
61.5 100 1
61.5 0 0
58.5 0 1
58.5 9.114291722868391 0
59.6579 9.296279999999999 1
55.6336 16.944 0
55.5 16.93287728654141 1
55.5 100 0
58.5 100 1
58.5 11.49673597694009 0
55.6336 16.944 0
52.5 16.68311575678253 1
52.5 100 0
49.5 100 1
49.5 0 0
46.5 0 1
46.5 100 0
31.5 100 1
31.5 0 0
34.5 0 1
34.5 100 0
37.5 100 1
37.5 0 0
40.5 0 1
40.5 100 0
43.5 100 1
43.5 0 0
52.5 10.48013964688965 1
52.5 0 0
55.5 0 1
55.5 8.642778784449852 0
53.0033 8.25037 1
51.12569999999999 16.5687 0
22.5 42.80269412864159 1
22.5 0 0
19.5 0 1
19.5 40.76719732943188 0
16.5 38.73170053022218 1
16.5 0 0
13.5 0 1
13.5 36.69620373101247 0
5.60769 18.6103 1
2.74033 14.1557 0
4.5 16.88944322791697 1
4.5 0 0
1.5 0 1
1.5 100 0
4.5 100 1
4.5 19.34942387700681 0
10.5 34.66070693180278 1
10.5 0 0
7.5 0 1
7.5 100 0
10.5 100 1
10.5 40.05542744479288 0
13.5 42.11185950390988 1
13.5 100 0
16.5 100 1
16.5 44.16829156302688 0
19.5 46.22472362214388 1
19.5 100 0
22.5 100 1
22.5 48.2811556812609 0
25.5 50.3375877403779 1
25.5 100 0
28.5 100 1
28.5 0 0
25.5 0 1
25.5 44.8381909278513 0
64.76589999999999 53.2363 0