43.0495 42.2096
40.3424 35.7195
26.3829 40.2487
27.8726 44.5064
19.0526 48.1809
22.1534 54.0564
32.6222 51.0631
31.141 46.9749

37.4196 57.3322
32.6833 52.8359
26.3311 59.596
27.0937 61.0167
31.4173 63.7215

47.6318 69.4403
44.6265 67.4655
42.0549 70.4092
39.75 70.5334
36.3969 75.206
39.1142 77.6336
46.3159 73.3097

73.1909 84.8462
60.6443 81.1587
59.3438 85.287
46.8481 82.5119
51.2922 91.6934
58.7818 93.6035
60.0823 89.4752
71.078 91.387

78.8709 27.6384
70.5195 21.9812
52.2559 47.0742
61.3011 52.8221

79.9116 63.7363
65.7635 52.7871
55.0901 67.5782
70.0599 78.8243

97.2805 39.7296
96.5248 31.7894
79.6266 32.4601
79.7991 40.5411

94.6259 28.2867
94.2795 25.1353
91.3488 24.6623
91.6636 28.1918

93.6066 94.3276
87.6113 89.6739
84.7529 93.604
91.3804 98.1239

99.2562 52.9854
97.7382 43.1693
88.2502 41.7036
90.5716 54.363