50.9109 55.077 0
50.96854951274543 55.5 1
0 55.5 0
0 58.5 1
100 58.5 0
100 61.5 1
0 61.5 0
0 64.5 1
100 64.5 0
100 67.5 1
0 67.5 0
0 100 1
100 100 0
100 97.5 1
0 97.5 0
0 94.5 1
100 94.5 0
78.59052586901336 76.5 1
0 76.5 0
0 79.5 1
73.5635203532533 79.5 0
73.8931 78.15710000000001 1
79.0874 79.70920000000001 0
78.38728560015463 79.5 1
100 79.5 0
100 76.5 1
83.58277139213604 76.5 0
84.95301581296494 73.5 1
100 73.5 0
100 70.5 1
81.4718482301509 70.5 0
85.44739999999999 72.41759999999999 1
79.56700000000001 69.5812 0
79.1358146839157 70.5 1
0 70.5 0
0 73.5 1
77.72793925046679 73.5 0
76.75200000000001 75.5796 1
82.65369999999999 78.5341 0
78.5010910461213 82.5 1
100 82.5 0
100 85.5 1
77.87083203019893 85.5 0
77.47900000000001 87.36510000000001 1
71.8672 86.4118 0
72.09097743830787 85.5 1
32.91878692631465 85.5 0
33.84182337776218 88.5 1
100 88.5 0
100 91.5 1
29.98483997383569 91.5 0
34.375 90.2329 1
27.7539 92.1439 0
27.56148766388558 91.5 1
0 91.5 0
0 88.5 1
26.66501770217838 88.5 0
25.76854774047118 85.5 1
0 85.5 0
0 82.5 1
72.8272488957806 82.5 0
77.54330841236933 52.5 1
100 52.5 0
100 55.5 1
60.58111334421457 55.5 0
51.1948 57.1601 1
89.6464 50.35939999999999 0
89.4874789433089 49.5 1
100 49.5 0
100 46.5 1
61.63237186105712 46.5 0
82.40214651060072 49.5 1
0 49.5 0
0 52.5 1
65.46226135159012 52.5 0
57.6768 49.0236 0
52.9246 41.26739999999999 0
54.08156875237012 40.5 1
22.93937339885517 40.5 0
22.7237 40.73999999999999 0
22.48312092892651 40.5 1
0 40.5 0
0 37.5 1
19.47588254050793 37.5 0
22.7237 40.73999999999999 1
17.9044 35.9323 0
19.31845782042416 34.5 1
0 34.5 0
0 31.5 1
22.28024896841863 31.5 0
23.0437 30.7267 1
27.716 35.1846 0
26.99847457771597 34.5 1
100 34.5 0
100 31.5 1
48.45410061077179 31.5 0
47.84277357023876 28.5 1
100 28.5 0
100 25.5 1
0 25.5 0
0 28.5 1
42.63312253164557 28.5 0
40.99290000000001 28.7915 1
47.66070000000001 27.6065 0
55.89432519095396 16.5 1
0 16.5 0
0 13.5 1
56.22802536486213 13.5 0
56.56172553877029 10.5 1
0 10.5 0
0 1.5 1
100 1.5 0
100 4.5 1
0 4.5 0
0 7.5 1
100 7.5 0
100 10.5 1
60.2587182453746 10.5 0
61.9205 10.9546 1
56.6709 9.518509999999999 0
61.9205 10.9546 0
61.46446834005469 13.5 1
100 13.5 0
100 16.5 1
60.92699093774625 16.5 0
60.3745 19.5838 0
60.11699811196198 19.5 1
0 19.5 0
0 22.5 1
100 22.5 0
100 19.5 1
60.38951353543781 19.5 0
60.3745 19.5838 1
55.71980000000001 18.069 0
40.99290000000001 28.7915 0
41.65183198144692 31.5 1
23.85419139505148 31.5 0
27.716 35.1846 0
25.63529088454477 37.5 1
100 37.5 0
100 40.5 1
59.26796922570213 40.5 0
57.69540000000001 38.10299999999999 1
52.9246 41.26739999999999 0
54.29250718650886 43.5 1
0 43.5 0
0 46.5 1
56.1305980041773 46.5 0
57.6768 49.0236 1
63.40309999999999 45.3703 0
62.41917668548734 43.5 1
100 43.5 0
89.2628 48.285 1
50.9109 55.077 0
50.9109 55.077 0