52.3013 53.9241 0
52.3013 53.9241 1
39.7693 55.4705 0
39.36161278064576 52.5 1
29.52338796966563 52.5 0
29.9122 52.1414 1
24.81665895772618 56.84099999999999 1
25.2019 56.84099999999999 1
39.37869999999999 66.46109999999999 0
38.5027069286872 67.5 1
59.54963197660103 67.5 0
63.40516291060679 70.5 1
35.97312832252837 70.5 0
24.9803 86.80629999999999 1
21.2567 87.86009999999999 0
21.30190229641185 88.5 1
0 88.5 0
0 91.5 1
21.51382117316692 91.5 0
21.2567 87.86009999999999 0
30.88861181541751 70.5 1
16.53585384088835 70.5 0
15.776 68.42769999999999 1
4.889659999999999 72.44489999999999 0
5.364145144238265 73.5 1
0 73.5 0
0 76.5 1
53.89797421094828 76.5 0
54.30072191619445 85.5 1
0 85.5 0
0 82.5 1
54.1664726811124 82.5 0
54.03222344603033 79.5 1
0 79.5 0
0 100 1
100 100 0
100 97.5 1
0 97.5 0
0 94.5 1
22.17363046719682 94.5 0
22.357 95.08199999999999 1
26.8543 93.70089999999999 0
24.25217674317574 94.5 1
100 94.5 0
100 91.5 1
26.25608014678154 91.5 0
25.44065938270531 88.5 1
54.4349711512765 88.5 0
54.54049999999999 90.85820000000001 1
73.8817 89.38319999999999 0
73.94065943791284 88.5 1
100 88.5 0
100 85.5 1
74.14092926777985 85.5 0
74.34119909764686 82.5 1
100 82.5 0
100 79.5 1
74.54146892751388 79.5 0
74.74173875738089 76.5 1
100 76.5 0
100 73.5 1
74.9420085872479 73.5 0
75.0247 72.26130000000001 1
53.72 72.52289999999999 0
53.76372497586623 73.5 1
14.17218291230935 73.5 0
6.620039999999999 76.2927 1
17.2223 72.37209999999999 0
23.94247788888889 64.5 1
5.564507331541956 64.5 0
4.691049834536054 58.5236 1
3.11363 56.80021701167948 0
3.11363 52.3569465646396 1
8.757994315750263 58.5236 0
12.82493879696447 58.5236 1
3.11363 47.91367611759971 0
3.11363 43.47040567055983 1
16.89188327817868 58.5236 0
20.9588277593929 58.5236 1
3.11363 39.02713522351995 0
3.11363 36.80549999999999 1
3.11363 58.5236 0
1.61363 58.5236 1
1.61363 30.219 0
3.11363 30.53793713757846 1
3.4426114904894 30.219 0
3.11363 34.71631237919281 1
7.752577163496467 30.219 0
9.90756 30.219 1
0 30.219 1
0 58.5236 1
23.49147750699886 58.5236 1
20.1547 61.8061 1
28.0005 67.3861 0
28.10614113676613 67.5 1
8.846936602925116 67.5 0
7.63758 70.4913 1
1.36737 68.8167 1
0 68.8167 1
0 63.8862 1
3.72456 63.8862 1
9.525580000000001 65.82140000000001 0
10.16020731305387 70.5 1
0 70.5 0
0 68.199153113346 1
2.061951110282542 63.8862 0
0 61.5 1
20.46586149120863 61.5 0
24.81665895772618 56.84099999999999 1
22.9923 58.5236 0
23.49147750699886 58.5236 1
25.2019 56.84099999999999 0
26.2706381341857 55.5 1
52.912280156717 55.5 0
36.4886965197867 64.5 1
55.69410104259528 64.5 0
51.83857010858952 61.5 1
32.06770297502105 61.5 0
27.6467094302554 58.5 1
50.43720437719477 58.5 0
49.4777 59.663 1
64.61490000000001 71.44130000000001 0
65.34188475072699 70.5 1
100 70.5 0
100 67.5 1
67.65884454269656 67.5 0
69.97580433466615 64.5 1
100 64.5 0
100 61.5 1
72.29276412663572 61.5 0
74.60972391860531 58.5 1
100 58.5 0
100 55.5 1
73.62198291701074 55.5 0
75.6634 57.1357 1
61.1542 45.51009999999999 0
69.87786648431049 52.5 1
100 52.5 0
100 49.5 1
66.13375005161024 49.5 0
62.38963361891 46.5 1
100 46.5 0
98.27862696325798 44.3284 1
97.68185689125548 38.81359999999999 0
96.17310000000001 38.81359999999999 1
88.69929999999999 39.2617 0
88.88983401227622 40.5 1
30.0023563039338 40.5 0
36.81135383432292 34.5 1
26.20223314050352 34.5 0
24.6774 34.0033 0
24.47258961884091 35.0536893091507 1
23.51408781295249 34.0033 0
22.20994893337709 31.5 1
53.86254280535417 31.5 0
75.51497355650906 10.5 1
0 10.5 0
0 7.5 1
74.27588362679501 7.5 0
73.31630000000001 9.438510000000001 1
76.16929999999999 10.8159 1
78.6815 8.58136 0
80.6773 4.59351 0
80.57631544521715 4.5 1
100 4.5 0
100 1.5 1
0 1.5 0
0 4.5 1
75.76091639958699 4.5 0
76.58109999999999 2.8431 1
79.3449 3.35973 1
80.6773 4.59351 0
79.22268843186177 7.5 1
100 7.5 0
100 10.5 1
76.52445317694023 10.5 0
74.61850000000001 29.9289 1
36.71850000000001 32.79770000000001 0
36.871 35.59350000000001 1
74.9761 32.8137 0
74.81325366056572 31.5 1
100 31.5 0
100 34.5 1
51.86054127994821 34.5 0
54.2697 47.18559999999999 1
38.8707 48.92310000000001 0
38.94987682438831 49.5 1
27.50186828011532 49.5 0
29.09697770013791 43.5 1
89.35143623857738 43.5 0
89.47890000000001 44.3284 1
96.69159999999999 43.60509999999999 1
96.7698700720025 44.3284 1
100 44.3284 1
100 38.81359999999999 0
100 37.5 1
30.90773490772969 37.5 0
31.3109 36.1641 1
24.6774 34.0033 1
13.36081143013539 34.0033 0
15.39146670669881 34.0033 1
24.31071609326232 43.77760000000001 0
22.2800608166989 43.77760000000001 1
29.0132 43.77760000000001 1
23.2271 41.4413 0
23.75756353069993 38.72076787468379 1
19.45277725982565 34.0033 0
18.3912 33.9128 1
26.1072 29.0376 0
25.82938207971232 28.5 1
100 28.5 0
100 25.5 1
24.27905886382123 25.5 0
22.72873564793014 22.5 1
100 22.5 0
100 19.5 1
27.03468082776723 19.5 0
27.01969639981979 16.5 1
100 16.5 0
100 13.5 1
0 13.5 0
0 16.5 1
26.82242128440367 16.5 0
27.0196 16.4807 1
20.338 17.1347 0
20.44854148334381 19.5 1
0 19.5 0
0 22.5 1
21.71601078098811 22.5 0
22.4858 22.0299 1
14.2793 27.0415 0
16.803507787932 25.5 1
0 25.5 0
0 28.5 1
15.1520906145853 28.5 0
16.94734042175426 31.5 1
11.07649879502244 31.5 0
23.2271 41.4413 1
25.35902170711236 43.77760000000001 0
24.76430669926651 46.5 1
60.33750749528366 46.5 0
59.77187017713685 47.18559999999999 1
52.9366184018823 55.4705 1
52.61050833275402 55.4705 1
52.3013 53.9241 1
55.1326 51.50109999999999 0
57.82726224014945 47.18559999999999 1
54.96371190964432 50.6564638267123 0
55.1326 51.50109999999999 0
52.3013 53.9241 0