14.8087 77.3584
12.3348 74.8413
9.68146 72.7179
5.09505 78.9304
10.1682 82.4856

18.7475 38.4989
14.4729 34.9329
9.68503 41.1324
14.4468 44.1549

24.8024 86.8198
21.8026 79.1783
14.4969 82.2272
17.4968 89.8688

56.533 56.0697
27.5233 35.0978
21.3062 44.2311
50.1642 65.7178

57.647 11.6954
52.9308 7.95285
46.1946 17.8843
50.8 21.7934

63.5299 25.1005
62.9874 22.9621
60.9204 20.335
55.1065 23.298
57.1735 25.9251
58.0671 28.4122

42.7292 86.5424
40.4623 83.8187
42.0116 82.4024
38.5397 77.9641
33.7265 82.0019
35.0952 83.316
33.7351 85.0613
36.4042 88.5604
38.0472 87.0026
40.3823 88.8553

70.767 75.4749
65.3961 64.7435
59.7346 66.8501
65.1965 77.7596

94.8215 43.8446
89.2347 35.8185
73.3996 51.6548
78.9982 58.0095

99.9346 9.1761
92.7922 3.94902
88.5352 10.5594
95.1585 15.9227