40.65349999999999 56.65309999999999 0
33.7906 54.9481 0
32.8505 53.5521 1
39.9007 36.0908 0
38.5 39.55992752971547 1
38.5 0 0
35.5 0 1
35.5 46.99005717142776 0
11.8697 32.6315 0
8.5 30.4494475734413 1
8.5 100 0
0 100 1
0 0 0
2.5 0 1
2.5 100 0
5.5 100 1
5.5 0 0
8.5 0 1
8.5 27.88750165332149 0
11.5 23.6997284343926 1
11.5 0 0
14.5 0 1
14.5 19.51195521546371 0
14.9919 18.8253 1
7.24628 29.6376 0
23.5 67.33257474364294 1
23.5 0 0
26.5 0 1
26.5 65.14121086479759 0
29.3262 63.07680000000001 0
29.5 63.22297410127861 1
29.5 0 0
32.5 0 1
32.5 66.66128483757012 0
31.8993 65.24090000000001 1
33.343 68.65459999999999 0
17.5 100 1
17.5 23.19185328703291 0
14.5 28.2215924019826 1
14.5 100 0
11.5 100 1
11.5 32.39210041484442 0
11.8697 32.6315 1
18.6083 21.3337 0
17.5 20.56496321203407 1
17.5 0 0
20.5 0 1
20.5 100 0
23.5 100 1
23.5 68.77812223308354 0
26.8575 73.63730000000001 1
25.3399 70.31819999999999 0
26.5 72.855421870058 1
26.5 100 0
29.5 100 1
29.5 71.60711192660551 0
32.5 69.30226264744431 1
32.5 100 0
35.5 100 1
35.5 55.37277863439654 0
38.5 56.1180903830742 1
38.5 100 0
41.5 100 1
41.5 54.46969892465511 0
40.65349999999999 56.65309999999999 0