40.65349999999999 56.65309999999999 0
40.65349999999999 56.65309999999999 1
47.721 38.4237 0
41.5 36.56789256294516 1
41.5 0 0
44.5 0 1
44.5 37.46283265475749 0
47.5 38.35777274656982 1
47.5 0 0
50.5 0 1
50.5 100 0
53.5 100 1
53.5 0 0
56.5 0 1
56.5 100 0
59.5 100 1
59.5 0 0
62.5 0 1
62.5 100 0
65.5 100 1
65.5 0 0
68.5 0 1
68.5 100 0
71.5 100 1
71.5 0 0
74.5 0 1
74.5 70.77051496729857 0
77.5 69.42391796152469 1
77.5 0 0
80.5 0 1
80.5 68.07732095575085 0
83.5 66.730723949977 1
83.5 0 0
86.5 0 1
86.5 65.38412694420316 0
71.52029999999999 72.108 1
77.274 85.3135 0
74.5 78.94680430853191 1
74.5 100 0
77.5 100 1
77.5 85.21639218960885 0
80.5 83.92735045875312 1
80.5 100 0
83.5 100 1
83.5 82.63830872789737 0
86.5 81.34926699704161 1
86.5 100 0
89.5 100 1
89.5 80.06022526618588 0
91.9442 79.00999999999999 1
87.1771 65.08019999999999 0
89.5 71.86787645318958 1
89.5 0 0
92.28809999999999 0 1
92.28809999999999 5.441839999999999 0
92.5 5.54445362289521 1
92.5 100 0
95.5 100 1
95.5 6.997218458598987 0
97.18170000000001 7.811590000000001 1
99.42840000000001 3.67644 1
99.42840000000001 0 1
100 0 1
100 100 0
98.5 100 1
98.5 5.385200964970846 0
99.42840000000001 3.67644 0
99.42840000000001 2.020817965514227 1
98.48954258441697 1.5822 0
94.94569999999999 1.5822 1
99.42840000000001 1.5822 0
99.42840000000001 1.5 1
92.28809999999999 1.5 0
93.12450162846656 1.5822 1
92.28809999999999 2.796908451721345 0
47.5 38.99373146798726 1
47.5 100 0
44.5 100 1
44.5 46.73171519632119 0
40.65349999999999 56.65309999999999 0