54.5924 52.9866 0
70.2209309065934 28.5 1
35.56363223690393 28.5 0
35.7437 30.7166 1
26.5559 28.9295 0
23.8467 27.6657 1
24.05938802142899 16.0572862717895 1
29.0723 15.992 0
24.01613888463669 18.41780413217448 1
24.47632603861818 16.05185622856793 0
27.54030867953939 16.01195207618931 1
25.27722778297985 27.6470693465911 0
26.6394396173913 28.5 1
0 28.5 0
0 25.5 1
13.25844809783253 25.5 0
12.72750970575909 22.5 1
0 22.5 0
0 19.5 1
12.19657131368564 19.5 0
11.4271 15.1522 0
21.39529738456417 13.5 1
0 13.5 0
0 16.5 1
11.6656329216122 16.5 0
11.4271 15.1522 1
24.1145 13.0493 0
24.10624232642785 13.5 1
100 13.5 0
100 10.5 1
0 10.5 0
0 7.5 1
100 7.5 0
100 4.5 1
0 4.5 0
0 1.5 1
100 1.5 0
100 16.5 1
29.17160416843896 16.5 0
29.75804610803913 19.5 1
100 19.5 0
100 22.5 1
30.3444880476393 22.5 0
30.9106 25.396 1
35.3115 25.3963 0
35.31992417532845 25.5 1
69.22902789270054 25.5 0
69.21180000000001 23.9321 1
82.0967 24.325 0
82.17880922567713 25.5 1
100 25.5 0
100 28.5 1
82.38844980187403 28.5 0
90.33534578357003 31.5 1
80.59877456093309 31.5 0
82.54640000000001 30.7603 1
78.61850000000001 32.2521 1
71.63990000000001 32.277 0
71.34799134615383 31.5 1
0 31.5 0
0 33.49812959694881 1
28.72951694852588 48.82860715143391 0
31.8398 48.7881 1
0 49.20276952649665 0
0 49.5 1
73.95099182968713 49.5 0
100 40.5 1
20.00238465485449 40.5 0
14.13362814078409 37.5 1
28.04097991482082 37.5 0
29.5968 40.2805 1
34.23 37.6454 0
34.15207382352449 37.5 1
85.71763023742321 37.5 0
86.49119999999999 39.9517 1
92.44049999999999 37.2497 0
91.88938608808292 37.5 1
100 37.5 0
100 34.5 1
91.49810876642411 34.5 0
100 31.5 1
90.46993343794185 31.5 0
90.4529 31.4503 1
84.5908 33.92870000000001 0
84.77105876141457 34.5 1
32.54424349734465 34.5 0
31.0309 31.6763 1
26.3911 34.5514 0
26.47404866961149 34.5 1
8.264871626713703 34.5 0
3.4208 32.02379999999999 1
32.7012 46.9914 0
31.73989768299527 46.5 1
100 46.5 0
100 43.5 1
25.87114116892488 43.5 0
32.7012 46.9914 0
40.31236082382455 61.5 1
23.13944251029467 61.5 0
40.07683876402339 67.5 1
19.65418909241388 67.5 0
22.41992974640058 64.5 1
39.241964854732 64.5 0
38.5535 62.0261 1
50.94710000000001 58.319 1
55.28801675374567 58.26246554014671 1
56.3048 65.9742 1
52.69245557936273 66.02124580903299 0
54.22595966512915 66.00127403115985 1
52.48060408576643 58.29902822212685 0
54.92378887554283 55.5 1
0 55.5 0
0 52.5 1
57.29414117602414 52.5 0
54.5924 52.9866 0