54.5924 52.9866 0
54.5924 52.9866 1
83.8546 47.7163 0
84.22864557965423 49.5 1
100 49.5 0
100 52.5 1
84.85775178527322 52.5 0
85.48685799089225 55.5 1
100 55.5 0
100 58.5 1
86.11596419651127 58.5 0
86.57149999999999 60.67230000000001 1
56.3048 65.9742 0
64.72049421150908 64.5 1
100 64.5 0
100 61.5 1
81.84644905788491 61.5 0
72.11949999999999 81.30410000000001 1
62.91500000000001 82.12549999999999 0
63.04777228020444 82.5 1
25.2829814964227 82.5 0
24.65374179610081 79.5 1
100 79.5 0
100 82.5 1
72.53395574334297 82.5 0
73.57364738146396 85.5 1
100 85.5 0
100 88.5 1
74.61333901958497 88.5 0
75.65303065770595 91.5 1
100 91.5 0
100 94.5 1
76.69272229582697 94.5 0
77.16800000000001 95.87139999999999 1
68.69319999999999 98.42359999999999 0
71.7600933782619 97.5 1
100 97.5 0
100 100 1
0 100 0
0 97.5 1
68.36575413084961 97.5 0
67.30215776072058 94.5 1
0 94.5 0
0 91.5 1
66.23856139059154 91.5 0
65.17496502046251 88.5 1
0 88.5 0
0 85.5 1
8.290791443885805 85.5 0
8.75638 87.83750000000001 0
14.1368 87.36689999999999 1
20.0882 86.45590000000001 1
25.799 84.96019999999999 0
23.7379651400682 85.5 1
64.11136865033347 85.5 0
49.85308507212822 70.5 1
100 70.5 0
100 67.5 1
53.02754640114401 67.5 0
53.5142 69.64760000000001 1
41.4558 72.45509999999999 0
40.9117126733148 70.5 1
16.88844843842718 70.5 0
24.3068 77.8459 1
18.9883 79.21440000000001 1
13.3498 80.30420000000001 0
17.51063841071756 79.5 1
0 79.5 0
1.43247 79.39593312199614 1
1.43247 57.21411441090096 0
1.43247 60.50159713219709 1
4.476233687273858 57.17447358253615 0
8.591252633767041 57.12088113038297 1
1.43247 64.94611223728364 0
1.43247 69.39062734237018 1
12.70627158026022 57.06728867822979 0
3.847252536732963 49.15266436290517 1
0 47.09971586514608 0
0 43.69931929809677 1
10.06781863968119 49.07165006003736 0
16.28838474262943 48.99063575716954 1
0 40.29892273104744 0
0 36.89852616399813 1
22.50895084557765 48.90962145430173 0
16.82129052675341 57.01369622607659 1
1.43247 73.83514244745672 0
1.43247 78.11158140870816 1
2.786336777649916 79.37830087255904 0
7.693244633899676 82.5 1
0 82.5 0
10.30787135507742 76.5 1
100 76.5 0
100 73.5 1
14.12270778444049 73.5 0
12.3672 75.4042 1
4.951700000000001 79.3501 1
1.43247 79.39593312199614 1
0 79.41458907010576 1
0 57.23277035901057 1
18.8788 56.98690000000001 0
20.30725897106797 58.5 1
50.34197966334871 58.5 0
54.5924 52.9866 0