15.638 66.4435
9.80311 62.2578
6.05258 65.8037
11.9719 70.0747

28.9995 45.821
28.0709 44.7672
10.3067 51.73
12.256 53.4149
13.1998 55.4938

31.5781 27.528
27.2284 21.9418
20.7806 29.0915
14.1947 33.9153
20.3868 40.5005

23.195 76.837
22.0804 71.7988
15.4267 74.4999
16.4242 79.564

45.9443 23.7181
37.3011 16.1579
33.2665 21.5972
45.0748 30.9863

60.2178 30.3779
59.3048 25.1533
57.519 19.195
54.9017 14.1304
48.0911 16.7121
50.8271 21.8536
52.6688 27.5953
53.7214 32.9946

62.5479 76.6651
61.6819 70.9579
59.3689 71.4451
57.6888 63.2324
52.6857 64.2489
53.695 71.5819
54.6588 71.6653
55.0538 73.8358
57.1822 73.0637
56.9751 78.0506

78.4308 55.2405
68.8587 53.6678
65.5383 72.071
74.9948 73.7249

80.7949 12.975
76.2115 15.8404
75.757 17.4754
79.5903 18.8932