57.9255 55.0526 0
57.9255 55.0526 1
42.0715 71.82300000000001 0
42.0715 73.93574124688624 1
67.23349519371354 98.8938 0
62.97348558114064 98.8938 1
42.0715 78.16122374065873 0
42.0715 82.38670623443122 1
58.71347596856772 98.8938 0
54.45346635599481 98.8938 1
42.0715 86.61218872820371 0
42.0715 90.83767122197622 1
50.19345674342189 98.8938 0
45.93344713084898 98.8938 1
42.0715 95.06315371574871 0
13.5 100 1
13.5 0 0
16.5 0 1
16.5 100 0
19.5 100 1
19.5 0 0
22.5 0 1
22.5 100 0
25.5 100 1
25.5 0 0
28.5 0 1
28.5 100 0
31.5 100 1
31.5 0 0
34.5 0 1
34.5 100 0
37.5 100 1
37.5 0 0
40.5 0 1
40.5 100 0
42.0715 98.8938 1
72.62270000000001 98.8938 1
72.62270000000001 100 1
42.0715 100 1
42.0715 71.82300000000001 0
43.5 70.31192920398638 1
43.5 0 0
46.5 0 1
46.5 67.13852186199068 0
49.5 63.96511451999496 1
49.5 0 0
52.5 0 1
52.5 60.79170717799924 0
12.0699 50.0068 1
10.0482 55.32769999999999 0
10.5 54.13861031310283 1
10.5 100 0
1.5 100 1
1.5 0 0
4.5 0 1
4.5 100 0
7.5 100 1
7.5 54.78192116659731 0
4.905379999999999 54.22620000000001 1
7.120710000000001 48.28870000000001 0
7.5 48.42036965685294 1
7.5 0 0
10.5 0 1
10.5 49.46181280209488 0
55.5 57.61829983600353 1
55.5 0 0
58.5 0 1
58.5 55.65565705933574 0
61.5 58.80478008458763 1
61.5 0 0
64.5 0 1
64.5 61.95390310983953 0
65.96449999999999 63.49120000000001 0
67.4837 66.75720000000001 0
67.4837 68.19492380438294 1
56.70296004640286 79.87658827874668 0
70.5 75.98522964025162 1
70.5 0 0
67.5 0 1
67.5 79.23593354127635 0
67.4837 77.04186132018745 1
61.02251200928058 84.04299765574933 0
58.86273602784172 81.95979296724801 1
67.4837 72.61839256228521 0
71.65629999999999 74.73230000000001 0
76.5 84.19949458358315 1
76.5 0 0
73.5 0 1
73.5 78.33588128161369 0
94.5 79.97782050647555 1
94.5 0 0
91.5 0 1
91.5 79.78276635601119 0
88.5 79.58771220554681 1
88.5 0 0
85.5 0 1
85.5 79.39265805508242 0
82.5 79.19760390461806 1
82.5 0 0
79.5 0 1
79.5 79.00254975415368 0
78.5718 78.94220000000001 1
78.1978 87.94829999999999 0
78.16059999999999 87.4452 0
76.5 89.19420392663696 1
76.5 100 0
78.1978 98.52336464483437 1
90.52488489313251 100 0
97.24199999999999 94.76173488974044 1
78.1978 92.48047056207187 0
78.1978 89.45902352069064 1
97.24199999999999 91.7402878483592 0
78.1978 87.94829999999999 1
78.1978 100 1
97.24199999999999 100 0
97.5 100 1
97.5 0 0
100 0 1
100 100 0
97.24199999999999 97.7831819311217 1
78.1978 95.50191760345311 0
72.62270000000001 98.02888237984476 1
71.63733244280971 98.8938 0
73.5 100 1
73.5 92.35391233318327 0
71.27430000000001 94.69810000000001 1
78.16059999999999 87.4452 1
71.65629999999999 74.73230000000001 1
67.4837 79.25359569913857 1
67.4837 66.75720000000001 0
65.96449999999999 63.49120000000001 1
57.9255 55.0526 0
57.9255 55.0526 0