70.5 100.5 0
70.5 100.5 1
89.5 100.5 1
89.5 96.5 1
102.5 96.5 1
102.5 103.5 1
98.5 103.5 1
98.5 106.5 1
88.5 106.5 1
88.5 103.7928932188135 1
83.79289321881345 108.5 1
60.5 108.5 0
60.5 109.0000000000001 1
15.5 109.0000000000006 0
15.5 110.0000000000006 1
60.5 110.0000000000001 0
60.5 112.0000000000001 1
15.5 112.0000000000006 0
15.5 111.0000000000006 1
60.5 111.0000000000001 0
60.5 108.5 1
60.5 116.5 0
60.5 122.5 1
62.5 122.5 1
62.5 125.5 1
63.5 125.5 0
63.5 127 1
87.5 126.9999999999997 0
87.5 127.9999999999997 1
63.5 128 0
63.5 126 1
87.5 125.9999999999997 0
87.5 125.5 0
92.5 116.5 1
92.5 111.5 1
99.5 111.5 1
99.5 115.5 1
107.5 115.5 1
107.5 125.5 1
87.5 125.5 1
87.5 128.5 1
63.5 128.5 1
63.5 125.5 0
62.5 125 1
107.5 124.9999999999995 0
107.5 123.9999999999995 1
62.5 124 0
62.5 123 1
107.5 122.9999999999995 0
107.5 121.9999999999995 1
13.5 122.0000000000006 0
13.5 121.0000000000006 1
107.5 120.9999999999995 0
107.5 119.9999999999995 1
13.5 120.0000000000006 0
15.5 119.5 1
15.5 93.06752080632556 1
20.81897503240933 97.5 0
15.5 96.32179150461999 1
16.913850194456 97.5 0
18.47590012963733 97.5 1
15.5 95.02008322530223 0
15.5 93.71837494598444 1
20.03795006481866 97.5 0
24.5 97.5 0
24.5 97.00000000000048 1
70.5 96.99999999999994 0
70.5 86.99999999999994 1
24.5 87.00000000000048 0
24.5 86.00000000000048 1
70.5 85.99999999999994 0
70.5 83.99999999999994 1
24.5 84.00000000000048 0
24.5 85.00000000000048 1
70.5 84.99999999999994 0
70.5 87.99999999999994 1
24.5 88.00000000000048 0
24.5 89.00000000000048 1
70.5 88.99999999999994 0
70.5 89.99999999999994 1
24.5 90.00000000000048 0
24.5 91.00000000000048 1
70.5 90.99999999999994 0
70.5 91.99999999999994 1
24.5 92.00000000000048 0
24.5 93.00000000000048 1
70.5 92.99999999999994 0
70.5 93.99999999999994 1
24.5 94.00000000000048 0
24.5 95.00000000000048 1
70.5 94.99999999999994 0
70.5 95.99999999999994 1
24.5 96.00000000000048 0
58.5 83.5 0
58.5 77.00000000000009 1
102.5 76.99999999999955 0
89.5 78.99999999999972 1
102.5 78.99999999999955 0
102.5 77.99999999999955 1
89.5 77.99999999999972 0
89.5 77.93247919367445 0
89.41897503240969 77.99999999999972 1
58.5 78.00000000000009 0
58.5 79.00000000000009 1
88.21897503240967 78.99999999999972 0
87.01897503240966 79.99999999999974 1
58.5 80.00000000000009 0
58.5 81.00000000000009 1
85.81897503240964 80.99999999999974 0
84.61897503240962 81.99999999999977 1
58.5 82.00000000000009 0
58.5 83.5 1
24.5 83.5 1
24.5 97.5 1
15.5 97.5 0
15.5 98.0000000000006 1
70.5 97.99999999999994 0
70.5 98.99999999999994 1
15.5 99.0000000000006 0
15.5 100.0000000000006 1
70.5 99.99999999999994 0
70.5 100.5 0