69.5 107.5 0
69 107.5 1
69 54.5 0
68 54.5 1
68 107.5 0
67 107.5 1
67 54.5 0
66 54.5 1
66 107.5 0
50.5 97.5 0
50 97.5 1
50 46.5 0
49 46.5 1
49 97.5 0
48 97.5 1
48 46.5 0
47 46.5 1
47 97.5 0
45 97.5 1
45 46.5 0
46 46.5 1
46 97.5 0
50.5 97.5 0
71 107.5 1
71 54.5 0
72 54.5 1
72 107.5 0
73 107.5 1
73 54.5 0
74 54.5 1
74 107.5 0
75 107.5 1
75 54.5 0
76 54.5 1
76 107.5 0
77 107.5 1
77 54.5 0
78 54.5 1
78 107.5 0
79 107.5 1
79 54.5 0
80 54.5 1
80 107.5 0
81 107.5 1
81 54.5 0
82 54.5 1
82 107.5 0
83 107.5 1
83 64.5 0
84 64.5 1
84 107.5 0
85 107.5 1
85 64.5 0
86 64.5 1
86 84.5 0
85.5 84.5 1
85.5 107.5 1
69.5 107.5 0
69.5 107.5 0