69.5 107.5 0
85.5 84.5 1
86.5 84.5 1
86.5 64.5 1
82.5 64.5 1
82.5 54.5 1
55.5 54.5 1
55.5 46.5 0
55 46.5 1
55 137.5 0
54 137.5 1
54 46.5 0
53 46.5 1
53 137.5 0
52 137.5 1
52 46.5 0
51 46.5 1
51 137.5 0
50 137.5 1
50 110.5 0
50.5 110.5 1
49.5 110.5 1
49.5 121.5 1
45.5 121.5 1
45.5 137.5 1
63.5 137.5 1
63.5 156.5 1
52.5 156.5 0
52.5 156 1
9.5 156 0
9.5 155 1
39.5 155 0
39.5 154 1
9.5 154 0
9.5 153 1
39.5 153 0
39.5 152 1
9.5 152 0
9.5 151 1
39.5 151 0
39.5 150 1
9.5 150 0
9.5 149 1
39.5 149 0
38.5 148.5 0
38.5 147 1
9.5 147 0
9.5 148 1
38.5 148 0
9.5 157 1
146.5 157 0
146.5 158 1
9.5 158 0
9.5 159 1
146.5 159 0
146.5 160 1
9.5 160 0
25.5 172.5 0
28.4496094703209 182 1
15.5 182 0
15.5 181 1
29.6996094703209 181 0
30.94960947032091 180 1
15.5 180 0
15.5 179 1
32.19960947032091 179 0
33.44960947032091 178 1
25.5 178 0
25.5 177 1
64.5 177 0
64.5 178 1
33.5 178 0
33.5 179 1
64.5 179 0
64.5 180 1
33.5 180 0
33.5 181 1
64.5 181 0
64.5 182 1
47.5 182 0
47.5 184 1
64.5 184 0
64.5 183 1
47.5 183 0
47.5 181.5 1
47.5 184.5 1
64.5 184.5 1
64.5 176.5 1
55.5 176.5 1
55.5 173.5 1
43.5 173.5 1
43.5 163.5 1
86.5 163.5 1
86.5 160.5 0
89.5 147.5 0
89.5 144 1
128.5 144 0
128.5 143 1
89.5 143 0
89.5 141 1
128.5 141 0
128.5 142 1
89.5 142 0
89.5 145 1
113.5 145 0
113.5 146 1
89.5 146 0
89.5 147 1
113.5 147 0
113.5 148 1
87.5 148 0
87.5 149 1
113.5 149 0
94.5 149.5 0
94.5 150 1
87.5 150 0
87.5 151 1
94.5 151 0
94.5 152 1
87.5 152 0
87.5 153 1
146.5 153 0
146.5 154 1
63.5 154 0
63.5 156 1
146.5 156 0
146.5 155 1
63.5 155 0
65 153.5 1
65 117.901387818866 0
66 119.401387818866 1
66 153.5 0
67 153.5 1
67 128.5 0
70 128.5 1
70 153.5 0
71 153.5 1
71 128.5 0
69 128.5 1
69 153.5 0
68 153.5 1
68 128.5 0
66.5 128.5 1
66.5 126.5 1
69.5 126.5 1
69.5 120.5 1
66.73240812075601 120.5 0
63 114.901387818866 1
63 137.5 0
56 137.5 1
56 54.5 0
57 54.5 1
57 137.5 0
58 137.5 1
58 54.5 0
59 54.5 1
59 137.5 0
60 137.5 1
60 54.5 0
61 54.5 1
61 137.5 0
62 137.5 1
62 54.5 0
63 54.5 1
63 113.5 0
63.5 107.5 0
64 107.5 1
64 54.5 0
65 54.5 1
65 107.5 0
69.5 107.5 0