69.5 107.5 0
63.5 107.5 0
62.06574145408933 113.5 0
63 114.901387818866 0
64 116.401387818866 1
64 153.5 0
63.5 156.5 0
52.5 156.5 1
52.5 155.5 1
39.5 155.5 1
39.5 148.5 1
38.5 148.5 1
38.5 146.7928932188134 0
39.29289321881345 146 1
9.5 146 0
9.5 145 1
40.29289321881346 145 0
42.29289321881346 143 1
9.5 143 0
9.5 144 1
41.29289321881346 144 0
39.29289321881345 146 0
38.5 146.7928932188134 1
42.79289321881347 142.5 1
9.5 142.5 1
9.5 174.5 1
13.5 174.5 1
13.5 172.5 0
13.5 174 1
9.5 174 0
9.5 173 1
13.5 173 0
13.5 172.5 1
25.5 172.5 1
25.5 178.5 1
15.5 178.5 1
15.5 182.5 1
27.8246094703209 182.5 1
33.5 177.9596875762567 1
33.5 181.5 1
47.5 181.5 0
55.5 174 1
25.5 174 0
25.5 175 1
55.5 175 0
55.5 176 1
25.5 176 0
25.5 173 1
43.5 173 0
43.5 172 1
9.5 172 0
9.5 171 1
43.5 171 0
43.5 170 1
9.5 170 0
9.5 169 1
43.5 169 0
43.5 168 1
9.5 168 0
9.5 167 1
43.5 167 0
43.5 166 1
9.5 166 0
9.5 165 1
43.5 165 0
43.5 164 1
9.5 164 0
9.5 163 1
86.5 163 0
86.5 162 1
9.5 162 0
9.5 161 1
86.5 161 0
86.5 160.5 1
103.5 160.5 0
103.5 163 1
146.5 163 0
146.5 164 1
103.5 164 0
103.5 166 1
146.5 166 0
146.5 165 1
103.5 165 0
103.5 162 1
146.5 162 0
146.5 161 1
103.5 161 0
103.5 160.5 1
103.5 166.5 1
109.5 166.5 0
109.5 167 1
146.5 167 0
146.5 168 1
109.5 168 0
109.5 170 1
146.5 170 0
146.5 169 1
109.5 169 0
109.5 166.5 1
109.5 170.5 1
104.5 170.5 1
104.5 174.5 0
104.5 174 1
146.5 174 0
146.5 173 1
104.5 173 0
104.5 172 1
146.5 172 0
146.5 171 1
104.5 171 0
109.5 184 1
91.5 184 0
91.5 185 1
109.5 185 0
109.5 187 1
91.5 187 0
91.5 186 1
109.5 186 0
109.5 183.5 0
140.5 183 1
91.5 183 0
91.5 182 1
146.5 182 0
146.5 181 1
91.5 181 0
91.5 180 1
146.5 180 0
146.5 179 1
91.5 179 0
91.5 178 1
146.5 178 0
146.5 177 1
91.5 177 0
91.5 176 1
146.5 176 0
146.5 175 1
91.5 175 0
91.5 174 1
100.5 174 0
100.5 171 1
91.5 171 0
91.5 170 1
100.5 170 0
100.5 172 1
91.5 172 0
91.5 173 1
100.5 173 0
100.5 174.5 0
104.5 174.5 1
100.5 174.5 1
100.5 169.5 1
91.5 169.5 1
91.5 187.5 1
109.5 187.5 1
109.5 183.5 1
140.5 183.5 1
140.5 182.5 1
146.5 182.5 1
146.5 152.5 1
94.5 152.5 1
94.5 149.5 1
113.5 149.5 1
113.5 144.5 1
122.5 144.5 0
122.5 146 1
128.5 146 0
128.5 147 1
122.5 147 0
128.5 145 1
122.5 145 0
122.5 144.5 1
122.5 147.5 1
128.5 147.5 1
128.5 117.5 1
105.5 117.5 1
105.5 119.2341874729922 0
105.5 119 1
128.5 119 0
128.5 118 1
105.5 118 0
105.5 119.2341874729922 1
98.5 125.0675208063256 0
98.58102496759068 125 1
105.5 125 0
105.5 124 1
99.78102496759067 124 0
100.9810249675907 123 1
105.5 123 0
104.5810249675907 120 1
128.5 120 0
128.5 121 1
103.3810249675907 121 0
102.1810249675907 122 1
128.5 122 0
128.5 122.5 1
105.5 122.5 1
105.5 123.5 1
105.5 139.5 1
106.5 139.5 1
126.5 139.5 1
126.5 138.5 1
126.5 122.5 0
127 139.5 1
127 122.5 0
128 122.5 1
128 139.5 0
128.5 140 1
89.5 140 0
89.5 139.5 0
84.5 139 1
105.5 139 0
105.5 138 1
84.5 138 0
84.5 137 1
105.5 137 0
105.5 136 1
84.5 136 0
84.5 135 1
105.5 135 0
105.5 134 1
84.5 134 0
84.5 133 1
105.5 133 0
105.5 132 1
84.5 132 0
84.5 131 1
105.5 131 0
105.5 130 1
84.5 130 0
84.5 129 1
105.5 129 0
105.5 128 1
84.5 128 0
84.5 127 1
105.5 127 0
105.5 126 1
84.5 126 0
84.5 117 1
101.2928932188135 117 0
100.2928932188135 118 1
84.5 118 0
84.5 119 1
99.29289321881348 119 0
98.29289321881348 120 1
84.5 120 0
84.5 121 1
97.5 121 0
97.5 122 1
84.5 122 0
84.5 123 1
97.5 123 0
97.5 123.5 0
98.5 124 1
84.5 124 0
84.5 125 1
98.5 125 0
98.5 125.0675208063256 1
98.5 123.5 1
97.5 123.5 1
97.50000000000001 120.7928932188134 1
101.7928932188135 116.5 1
84.5 116.5 1
84.5 139.5 1
89.5 139.5 1
89.5 147.5 1
87.5 147.5 1
87.5 153.5 1
71.5 153.5 1
71.5 128.5 1
66.5 128.5 0
66.5 126.5 0
67 126.5 1
67 120.5 0
68 120.5 1
68 126.5 0
69 126.5 1
69 120.5 0
66.73240812075601 120.5 1
62.06574145408933 113.5 1
63.5 113.5 1
63.5 107.5 0
66.5 107.5 0
66.5 108 1
69.5 108 0
69.5 107.5 0