48.2047 50.1596 0
50.5 50.17834718599249 1
50.5 19.71277790165177 0
56.5 13.6181094088326 1
56.5 68.62621089943048 0
55.80800000000001 67.88120000000001 1
51.15219999999999 72.73650000000001 0
53.5 70.28809728940246 1
53.5 0 0
62.21982453907279 0 1
55.37390000000001 2.021878085725773 0
55.0192 9.10371 1
60.1751 24.8221 0
59.5 22.76397531003317 1
59.5 71.85602693742379 0
61.30370000000001 73.7979 1
55.80800000000001 67.88120000000001 0
27.2499 79.56140285569572 1
27.2499 100 0
30.2499 100 1
30.2499 25.3986985231499 0
22.7079 38.65819999999999 1
20.5645 33.84480000000001 0
21.2499 35.38399210599982 1
21.2499 21.15110133091063 0
18.2499 19.12761664520104 1
18.2499 34.5985312168421 0
15.8145 35.3916 0
15.2499 35.73340738585732 1
15.2499 17.10413195949143 0
12.2499 15.08064727378183 1
12.2499 37.54959965927557 0
9.249900000000004 39.36579193269382 1
9.249900000000004 13.05716258807223 0
6.249900000000006 11.03367790236263 1
6.249900000000006 62.78974624852421 0
8.167369999999998 61.8477 1
9.33821 60.0727 0
12.4429 64.67599999999999 1
9.33821 60.0727 0
9.249900000000004 60.20657845478459 1
9.249900000000004 44.00129420478974 0
12.2499 42.81023441772115 1
12.2499 64.38984038341994 0
12.4429 64.67599999999999 0
10.6731 66.48589999999999 1
12.4429 64.67599999999999 0
12.2499 64.87337297999773 1
12.2499 95.09316243418752 0
11.8313 95.16480000000001 1
11.8313 100 1
23.6986 100 0
22.61845945216428 100 1
11.8313 96.73211961048631 0
12.27112446091275 100 1
11.8313 99.86675883145892 0
9.249900000000004 100 1
9.249900000000004 67.32152870456417 0
7.62787 68.2739 1
5.058859999999999 63.3749 0
6.249900000000006 65.64616595848207 1
6.249900000000006 100 0
24.2499 100 1
24.2499 84.20436340962115 0
21.8878 83.38310000000001 1
26.2572 71.4316 0
24.2499 76.92211264475671 1
24.2499 23.17458601662024 0
26.2317 24.5113 0
27.2499 24.73616416213012 1
27.2499 71.80285939415475 0
29.6343 72.69460000000001 1
25.4882 84.63489999999999 0
21.2499 93.55293765561049 1
21.2499 39.23705505651535 0
18.2499 40.42811484358394 1
18.2499 94.06634591513617 0
15.2499 94.57975417466184 1
15.2499 41.61917463065254 0
60.1751 24.8221 0
62.5 24.78433341011031 1
62.5 74.73605437799083 0
65.5 77.08869429604852 1
65.5 47.73719552146426 0
68.5 49.36277578584377 1
68.5 100 0
71.5 100 1
71.5 50.98835605022326 0
74.5 52.61393631460277 1
74.5 100 0
77.5 100 1
77.5 51.53635637583892 0
76.44489999999999 53.6678 1
79.708 47.0759 0
77.5 45.91227487079361 1
77.5 0 0
74.5 0 1
74.5 44.33126246698059 0
71.5 42.75025006316757 1
71.5 0 0
68.5 0 1
68.5 41.16923765935454 0
65.77680000000001 39.7341 1
62.87350000000001 46.31399999999999 0
65.5 40.36142625632901 1
65.5 0 0
64.78960000000001 3.23878 1
63.75230000000001 1.11145 1
64.84180000000001 0.7896766351570705 0
64.84180000000001 0 1
55.37390000000001 0 1
55.37390000000001 3.58593 1
56.6131 6.2105 0
56.5 5.970959274531957 1
56.5 8.583259895348405 0
56.55500000000001 8.563929293136194 1
56.55500000000001 8.492920000000002 1
63.4747 6.119164294420042 1
63.4747 6.131893508994079 1
56.55500000000001 8.563929293136194 0
57.7043 8.159990000000001 1
63.4747 24.7685 0
62.5 21.96309401479967 1
62.5 6.474466926743883 0
59.5 7.528863411046144 1
59.5 13.32841877564814 0
98.5 0 1
98.5 100 0
95.5 100 1
95.5 0 0
92.5 0 1
92.5 100 0
89.5 100 1
89.5 0 0
86.5 0 1
86.5 100 0
83.5 100 1
83.5 0 0
80.5 0 1
80.5 100 0
65.5 80.63998097117329 1
65.5 100 0
62.5 100 1
62.5 83.37590635131227 0
59.5 81.05509194094333 1
59.5 100 0
56.5 100 1
56.5 78.67336276226305 0
56.681 78.87430000000001 1
51.15219999999999 72.73650000000001 0
53.5 75.34291130805963 1
53.5 100 0
50.5 100 1
50.5 57.61190140225766 0
47.5 56.02895758493912 1
47.5 100 0
33.2499 100 1
33.2499 18.6881251367175 0
33.2843 18.7358 1
31.73 16.5817 1
31.73 25.69494026866307 0
31.73 23.88607286916588 1
2.07681 3.90099343598657 0
7.024393796848173 0 1
31.73 16.65060327117713 0
31.73 20.2683380701715 1
2.07681 0.2832586369921917 0
0.2499000000000059 0 1
0.2499000000000059 100 0
3.249900000000006 100 1
3.249900000000006 9.010193216653029 0
2.07681 8.21895 1
3.09399 6.3954 1
2.07681 5.709860835483759 1
2.07681 0 1
31.73 0 0
32.5 0 1
32.5 15.94412808375057 0
31.73 13.03286847218275 1
12.3922672507855 0 0
17.76014070472283 0 1
31.73 9.415133673188368 0
31.73 5.797398874193988 1
23.12801415866016 0 0
28.49588761259749 0 1
31.73 2.179664075199609 0
35.5 13.46008165680473 1
35.5 0 0
38.5 0 1
38.5 100 0
36.2499 100 1
36.2499 16.47175406664278 0
44.5 21.20264782638898 1
44.5 0 0
41.5 0 1
41.5 100 0
44.5 100 1
44.5 28.31205056264066 0
41.584 26.9898 1
48.7817 12.7051 0
47.5 15.2487875654723 1
47.5 0 0
50.5 0 1
50.5 13.70976425794302 0
52.07389999999999 14.63 1
48.9076 24.8553 1
46.3828 29.1658 0
47.5 27.2584447243346 1
47.5 51.56293171626953 0
48.2047 50.1596 0