37.8877 67.98910000000001 0
37.8877 67.98910000000001 1
48.6139 83.6987 0
47.5 82.06728128321308 1
47.5 0 0
50.5 0 1
50.5 100 0
53.5 100 1
53.5 0 0
56.5 0 1
56.5 100 0
59.5 100 1
59.5 0 0
62.5 0 1
62.5 100 0
65.5 100 1
65.5 0 0
68.5 0 1
68.5 100 0
71.5 100 1
71.5 0 0
74.5 0 1
74.5 100 0
77.5 100 1
77.5 0 0
80.5 0 1
80.5 100 0
83.5 100 1
83.5 0 0
86.5 0 1
86.5 100 0
89.5 100 1
89.5 0 0
92.5 0 1
92.5 100 0
95.5 100 1
95.5 0 0
98.5 0 1
98.5 100 0
48.6139 89.3915860019369 1
43.20563891735418 93.58234986013238 0
48.6139 98.07423623393254 1
25.3558 98.10915049820159 0
25.3558 95.10914711795536 1
48.6139 95.07423285368631 0
48.11299819559031 93.57498310022061 1
48.6139 93.18684333656148 0
48.6139 93.57423116356318 1
35.8446 93.5934 0
38.29827963911806 93.58971662004413 1
48.6139 85.59632866731229 0
48.6139 83.6987 1
48.6139 100 1
25.3558 100 1
25.3558 77.84360000000001 0
37.8877 67.98910000000001 0