37.8877 67.98910000000001 0
44.5 77.67347919113945 1
44.5 0 0
41.5 0 1
41.5 73.27967709906585 0
38.5 68.88587500699222 1
38.5 0 0
35.5 0 1
35.5 69.86667559907116 0
32.5 72.22573527876858 1
32.5 0 0
29.5 0 1
29.5 74.58479495846601 0
26.5 76.9438546381634 1
26.5 0 0
23.5 0 1
23.5 100 0
20.5 100 1
20.5 0 0
17.5 0 1
17.5 100 0
14.5 100 1
14.5 0 0
11.5 0 1
11.5 100 0
8.5 100 1
8.5 0 0
5.5 0 1
5.5 100 0
2.5 100 1
2.5 0 0
0 0 1
0 100 0
26.09134875476073 86.51495911895188 1
30.90246489702995 93.60081896419047 0
27.27999469108984 93.60625689257142 1
26.6090462642822 92.61807735685565 0
25.3558 93.60914542783226 1
26.69294342822521 93.60713815384949 1
25.3558 77.84360000000001 0
37.8877 67.98910000000001 0