47.66240000000001 54.7877 0
47.66240000000001 54.7877 1
53.30880000000001 33.8443 0
50.5 33.12357978031366 1
50.5 0 0
47.5 0 1
47.5 32.35379885641056 0
32.77200000000001 5.733944644963263 1
32.66321477470117 5.49497 0
32.77200000000001 4.499999999999998 1
16.3757 4.499999999999998 0
16.3757 5.49497 1
27.7189 5.49497 0
29.36700492490039 5.49497 1
32.77200000000001 12.97491488165442 0
68.5 25.56772934039951 1
68.5 13.14683749313187 0
71.5 14.05603454607892 1
71.5 25.35698331512434 0
72.46950000000001 22.20724600935105 1
72.57911305626158 22.31366544726662 0
72.46950000000001 23.82506222154964 1
77.9796 23.43798499692674 0
77.9796 21.93428839461883 1
74.5872 22.1726 1
77.9796 21.07102027811234 1
77.9796 24.9018 1
74.12479999999999 39.5222 0
74.5 38.09914975614818 1
74.5 83.60227660779614 0
77.5 83.13054121712477 1
77.5 26.72081624987029 0
81.84700000000001 26.5908 1
79.15870000000001 49.3403 0
80.5 49.40149415148346 1
80.5 82.65880582645343 0
83.5 82.18707043578206 1
83.5 49.5383631997578 0
90.05889999999999 49.83759999999999 1
92.0318 27.2233 0
89.5 27.06606927381981 1
89.5 0 0
98.5 0 1
98.5 100 0
95.5 100 1
95.5 0 0
92.5 0 1
92.5 100 0
89.5 100 1
89.5 49.81210129630649 0
86.5 49.67523224803215 1
86.5 100 0
85.2276 99.80690000000001 1
71.75700000000001 99.80690000000001 0
71.5 100 1
71.5 39.99135515335993 0
68.5 40.52757332620351 1
68.5 100 0
65.5 100 1
65.5 83.9561244569505 0
73.4701 92.30690000000001 1
85.2276 92.30690000000001 1
85.2276 91.65979999999999 1
73.4701 92.30690000000001 0
71.75700000000001 96.80690000000001 1
85.2276 96.80690000000001 0
85.2276 93.80690000000001 1
71.75700000000001 93.80690000000001 0
71.93828095605912 92.30690000000001 1
71.75700000000001 91.43141594550002 0
71.75700000000001 92.30690000000001 1
71.75700000000001 84.03360000000001 0
67.26679999999999 81.80869999999999 1
61.5629 88.7414 0
62.5 87.60241909745963 1
62.5 100 0
59.5 100 1
59.5 87.01581141277794 0
56.5 84.50635106003853 1
56.5 100 0
53.5 100 1
53.5 81.99689070729909 0
41.4238 88.46809999999999 0
38.5 88.35538971329063 1
38.5 100 0
35.5 100 1
35.5 88.23974197400335 0
41.4238 88.46809999999999 1
41.5565 81.03999999999999 0
41.5 81.03892922147375 1
41.5 53.66505363605656 0
39.3732 53.27760000000001 1
45.1153 31.7419 0
44.5 34.04957771546995 1
44.5 0 0
41.5 0 1
41.5 45.30105365632782 0
39.3732 53.27760000000001 0
44.5 54.21158406118805 1
44.5 100 0
41.5 100 1
41.5 84.20268010550112 0
41.5565 81.03999999999999 0
38.5 80.98207372450415 1
38.5 0 0
35.5 0 1
35.5 82.14869558296948 0
36.2272 80.93899999999999 1
36.2272 82.07669292166239 1
36.45740000000001 82.0539 1
36.2272 80.93899999999999 0
32.5 82.44573626492942 1
32.5 16.70077898377318 0
32.77200000000001 16.5954 1
32.77200000000001 0 0
32.77200000000001 1.5 1
16.3757 1.5 0
11.5 0 1
11.5 100 0
8.5 100 1
8.5 0 0
5.5 0 1
5.5 100 0
2.5 100 1
2.5 0 0
0 0 1
0 100 0
20.5 100 1
20.5 20.11691913701807 0
17.5 12.98405843070325 1
17.5 100 0
14.5 100 1
14.5 0 0
16.3757 0 1
16.3757 10.3109 0
16.3757 8.681306350908024 1
23.88063684410278 5.49497 0
16.3757 10.3109 1
20.9459 21.1771 0
23.5 20.18758359391516 1
23.5 100 0
26.5 100 1
26.5 19.02531539053449 0
29.5 17.86304718715384 1
29.5 100 0
32.5 100 1
32.5 88.1240942347161 0
31.7764 88.09620000000001 1
32.12869999999999 82.48249999999999 0
49.41930000000001 69.8244 1
53.0091 58.2675 0
53.5 58.45910599778624 1
53.5 0 0
57.73650000000001 4.971477722581394 1
58.9563973937086 1.16642 0
65.98401219412196 1.16642 1
75.0599 3.763477146387709 0
75.0599 1.16642 1
57.73650000000001 1.16642 1
57.73650000000001 9.884789999999999 0
59.5 10.41924633429071 1
59.5 78.3202531747381 0
62.3019 77.755 0
62.5 77.9167430300711 1
62.5 11.32844338723776 0
65.5 12.23764044018482 1
65.5 80.36615792261676 0
55.1896 71.8253 1
58.3394 60.348 0
56.5 67.0504400342879 1
56.5 78.92547089279165 0
53.5 79.5306886108452 1
53.5 71.2394170060482 0
50.5 70.19914180371904 1
50.5 100 0
47.5 100 1
47.5 54.75811448631954 0
50.5 66.34522516296173 1
50.5 44.2625880986115 0
74.12479999999999 39.5222 0
80.5 37.9896678718893 1
80.5 20.25259629183547 0
83.5 19.27843665097267 1
83.5 26.69345518223235 0
86.5 26.87976222802608 1
86.5 0 0
83.5 0 1
83.5 16.81324139518964 0
80.5 14.17415803852018 1
80.5 0 0
77.5 0 1
77.5 14.70193759681179 0
79.119 12.9593 1
72.46950000000001 20.1166 0
74.5 17.93103752913753 1
74.5 7.042378603643863 0
72.15090000000001 14.2533 1
75.0599 5.32368 1
75.0599 0 1
57.73650000000001 0 1
57.73650000000001 1.16642 0
56.5 0 1
56.5 59.63005322402117 0
47.66240000000001 54.7877 0