32.772 16.5954
27.7189 5.49497
16.3757 10.3109
20.9459 21.1771

41.5565 81.04
36.2272 80.939
36.4574 82.0539
32.1287 82.4825
31.7764 88.0962
41.4238 88.4681

53.3088 33.8443
45.1153 31.7419
39.3732 53.2776
47.6624 54.7877

58.3394 60.348
53.0091 58.2675
49.4193 69.8244
55.1896 71.8253

75.0599 5.32368
60.5316 1.16642
57.7365 9.88479
72.1509 14.2533

67.2668 81.8087
62.3019 77.755
51.1246 80.0099
61.5629 88.7414

77.9796 24.9018
65.7146 25.7634
66.8315 40.8258
74.1248 39.5222

85.5468 18.6138
79.119 12.9593
72.4695 20.1166
74.5872 22.1726

85.2276 91.6598
85.0687 81.9404
71.757 84.0336
73.4701 92.3069

92.0318 27.2233
81.847 26.5908
79.1587 49.3403
90.0589 49.8376