38.4993 59.9372
38.1806 57.1554
0.308453 62.1979
0.837169 65.0563

25.0124 3.14788
20.467 0.312598
15.9997 4.87907
18.276 6.92312
20.938 8.07985

46.1438 37.8657
43.0029 24.9888
38.1999 26.0753
33.8204 13.9523
26.6752 16.3483
30.5383 30.297
35.3771 28.9445
39.3321 40.1982

68.0567 16.2208
65.451 9.80501
53.4448 14.0146
54.6923 18.3627
45.361 22.3613
47.477 28.848
58.5628 25.3893
57.4589 20.8145

47.9686 4.81776
42.6486 1.10054
39.278 4.84372
44.068 8.64538

53.1289 56.5812
35.5495 41.6744
30.4927 47.9128
47.5688 62.3332

72.6271 33.7156
68.3344 25.1289
51.4292 33.3565
55.8561 41.988

18.8397 92.9553
12.4059 82.5791
8.89538 84.8955
15.2361 95.7092

39.5973 85.0005
35.4596 83.2204
39.0545 70.8845
31.9941 68.3099
30.2907 73.4342
36.6819 92.9339

66.9334 80.1339
64.6419 71.1234
60.7507 72.1175
63.2336 81.2435

79.4606 72.8375
73.2016 71.0676
71.0982 76.8135
77.3552 78.7531

91.8395 67.4042
85.844 53.5331
77.3296 56.8988
83.0895 70.8157

99.2217 31.9432
92.6027 29.6305
91.0632 33.8637
97.6439 36.2687

86.9319 7.19637
84.3869 2.09503
79.7885 4.3129
83.371 10.085