67.5 39.5 0
57.5 54 1
72.5 54 0
72.5 55 1
57.5 55 0
57.5 56 1
72.5 56 0
72.5 57 1
57.5 57 0
57.5 58 1
72.5 58 0
72.5 53 1
49.5 53 0
49.5 52 1
72.5 52 0
72.5 51 1
49.5 51 0
51.5 50.5 1
51.5 39.5 0
43 39.5 1
43 53.5 0
40 39.5 1
40 53.5 0
39 53.5 1
39 39.5 0
41 39.5 1
41 53.5 0
42 53.5 1
42 39.5 0
36.5 31.5 0
36.5 31 1
27.5 31 0
27.5 30 1
36.5 30 0
36.5 28 1
27.5 28 0
27.5 29 1
36.5 29 0
36.5 31.5 0
47.5 31.5 0
47.5 31 1
62.5 31 0
62.5 30 1
47.5 30 0
47.5 29 1
62.5 29 0
62.5 28 1
47.5 28 0
47.5 27 1
57.5 27 0
57.5 26 1
47.5 26 0
47.5 25 1
57.5 25 0
57.5 22 1
47.5 22 0
47.5 21 1
57.5 21 0
57.5 23 1
47.5 23 0
47.5 24 1
57.5 24 0
57.5 27.5 1
57.5 19.5 0
57.5 20 1
47.5 20 0
47.5 17 1
89.5 17 0
89.5 18 1
47.5 18 0
47.5 19 1
89.5 19 0
89.5 20 1
66.61445180478876 20 0
67.32873751907448 21 1
89.5 21 0
89.5 21.18102496759067 0
90.18247919367445 22 1
68.0430232333602 22 0
69.47159466193162 24 0
70.18588037621734 25 1
92.68247919367445 25 0
93.5158125270078 26 1
70.90016609050306 26 0
69.47159466193162 24 1
91.84914586034111 24 0
91.01581252700777 23 1
68.75730894764591 23 0
68.0430232333602 22 0
67.32873751907448 21 0
66.61445180478876 20 0
66.25730894764591 19.5 0
57.5 19.5 1
66.25730894764591 19.5 1
71.25730894764591 26.5 1
93.93247919367445 26.5 1
89.5 21.18102496759067 1
89.5 15.5 0
93.5 15 1
47.5 15 0
47.5 16 1
89.5 16 0
89.5 15.5 1
93.5 15.5 1
93.5 12.5 1
77.5 12.5 1
77.5 14.5 0
77.5 13 1
93.5 13 0
93.5 14 1
77.5 14 0
77.5 14.5 1
47.5 14.5 1
47.5 31.5 1
36.5 31.5 1
36.5 11.5 1
26.5 11.5 1
26.5 15.5 1
9.5 15.5 1
9.5 21.5 1
20.5 21.5 1
20.5 26.5 1
27.5 26.5 0
27.5 27 1
36.5 27 0
36.5 15 1
26.5 15 0
26.5 14 1
36.5 14 0
36.5 12 1
26.5 12 0
26.5 13 1
36.5 13 0
36.5 16 1
9.5 16 0
9.5 17 1
36.5 17 0
36.5 18 1
9.5 18 0
9.5 19 1
36.5 19 0
36.5 20 1
9.5 20 0
9.5 21 1
36.5 21 0
36.5 22 1
20.5 22 0
20.5 23 1
36.5 23 0
36.5 24 1
20.5 24 0
20.5 25 1
36.5 25 0
36.5 26 1
20.5 26 0
27.5 26.5 1
27.5 32.77731879764632 1
38.30297911372632 42.5 0
38 42.5 1
38 53.5 0
37 53.5 1
37 42.5 0
38.30297911372632 42.5 1
38.30297911372632 39.5 0
38.30297911372632 40.48195639293894 1
37.21191645490527 39.5 0
38.30297911372632 39.5 1
34.96964578039299 39.5 0
35.71706933856375 39.5 1
38.30297911372632 41.82731879764631 0
38.30297911372632 42.5 1
36.5 42.5 1
36.5 53.5 1
22.5 53.5 0
22 53.5 1
22 41.5 0
21 53.5 1
21 41.5 0
20 41.5 1
20 53.5 0
19 53.5 1
19 41.5 0
18.5 41.5 1
18.5 39.5 1
15.5 39.5 1
15.5 62.5 1
11.5 62.5 1
11.5 70.5 1
30.5 70.5 1
30.5 85.5 0
19.5 86 1
46.5 86 0
46.5 87 1
19.5 87 0
19.5 88 1
46.5 88 0
46.5 89 1
19.5 89 0
19.5 90 1
46.5 90 0
41.79289321881345 72.5 0
45.5 72 1
30.5 72 0
30.5 71 1
45.5 71 0
45.5 70 1
11.5 70 0
11.5 69 1
45.5 69 0
45.5 68 1
11.5 68 0
11.5 67 1
45.5 67 0
45.5 66 1
11.5 66 0
11.5 65 1
45.5 65 0
45.5 64 1
11.5 64 0
11.5 63 1
45.5 63 0
45.5 62 1
15.5 62 0
15.5 61 1
43.5 61 0
43.5 60 1
15.5 60 0
15.5 59 1
43.5 59 0
43.5 58 1
15.5 58 0
15.5 57 1
43.5 57 0
43.5 56 1
15.5 56 0
15.5 55 1
43.5 55 0
43.5 54 1
15.5 54 0
16 53.5 1
16 39.5 0
17 39.5 1
17 53.5 0
18 53.5 1
18 39.5 0
18.5 41.5 1
22.5 41.5 1
22.5 53.5 0
42.29289321881345 73 1
30.5 73 0
30.5 74 1
43.29289321881345 74 0
44.29289321881345 75 1
30.5 75 0
30.5 76 1
45.29289321881345 76 0
46.29289321881345 77 1
30.5 77 0
30.5 78 1
46.5 78 0
46.5 79 1
30.5 79 0
30.5 80 1
46.5 80 0
46.5 81 1
30.5 81 0
30.5 82 1
46.5 82 0
46.5 83 1
30.5 83 0
30.5 84 1
46.5 84 0
46.5 85 1
30.5 85 0
30.5 85.5 1
19.5 85.5 1
19.5 90.5 1
46.5 90.5 1
46.5 77.20710678118655 1
41.79289321881345 72.5 1
45.5 72.5 1
45.5 61.5 1
43.5 61.5 1
43.5 39.5 1
51.5 39.5 0
51.5 40 1
116.9704369859013 40 0
117.5 39 1
82.5 39 0
83 35.5 1
83 38.5 0
96 46.5 1
96 70.5 0
95 70.5 1
95 46.5 0
94 46.5 1
94 70.5 0
93 70.5 1
93 46.5 0
84.5 46.5 0
84.5 47 1
51.5 47 0
51.5 48 1
84.5 48 0
84.5 49 1
51.5 49 0
51.5 44 1
109.7704369859013 44 0
111.5704369859013 43 1
51.5 43 0
51.5 42 1
113.3704369859013 42 0
115.1704369859013 41 1
51.5 41 0
67.5 39.5 0