43.42310000000001 50.0502 0
43.42310000000001 50.0502 1
40.6957 62.76439999999999 0
38.5 62.32730627438231 1
38.5 71.67669890432862 0
37.1507 70.9126 0
35.5 70.75675290036659 1
35.5 61.73010211313394 0
33.3133 61.2948 1
35.1358 50.0232 0
35.5 50.02438656257165 1
35.5 23.25043180633658 0
36.97750000000001 23.0413 1
35.42149999999999 12.5718 1
28.096 12.794 0
28.096 11.68726510827139 1
36.97750000000001 9.119486880698879 0
35.5 13.09998492930591 1
35.5 12.54910444284587 0
35.42149999999999 12.5718 1
36.97750000000001 12.12193647220595 1
36.97750000000001 7.55805409997199 0
38.5 7.117875937332892 1
38.5 50.03416055410085 0
11.5 48.31948326289096 1
11.5 100 0
14.5 100 1
14.5 0 0
11.5 0 1
11.5 6.508284300329152 0
11.4932 6.448539999999999 1
12.6173 16.3248 0
11.5 17.20128347903091 1
11.5 40.83137046096542 0
8.5 33.35162164488078 1
8.5 18.33282875636243 0
9.18439 19.0178 1
3.9918 13.8208 0
5.5 15.3302808948906 1
5.5 25.87187282879614 0
5.45894 25.7695 0
1.72554 26.9365 0
5.5 36.48876754640142 1
5.5 100 0
8.5 100 1
8.5 44.08105959326488 0
10.3395 48.7364 1
1.72554 26.9365 0
2.5 28.89647549953796 1
2.5 100 0
0 100 1
0 0 0
2.5 0 1
2.5 26.6944164247067 0
5.45894 25.7695 1
14.1251 47.3764 0
20.5 12.32195273700695 1
20.5 100 0
23.5 100 1
23.5 11.45460660372794 0
31.1447 23.8669 0
32.5 23.67506491564943 1
32.5 70.50550308369066 0
29.5 70.50377017395746 1
29.5 17.05870762117347 0
28.6094 16.822 1
28.096 12.794 1
28.096 10.1258323275445 0
26.5 10.58726047044893 1
26.5 100 0
29.5 100 1
29.5 77.1828236739974 0
28.9522 75.69110000000001 0
28.3398 70.50309999999999 1
28.9522 75.69110000000001 1
31.5031 82.63749999999999 0
32.5 82.34329364480462 1
32.5 94.74361890510298 0
31.9232 95.2099 1
31.9232 100 1
38.2484 100 1
38.2484 98.9469 1
31.9232 98.9469 0
33.0791062101278 98.9469 1
31.9232 97.55638929430305 0
35.02970000000001 98.9469 1
38.2484 97.5590469214053 1
38.2484 96.5333 1
36.6863 98.23259999999999 0
38.2484 97.5590469214053 1
38.2484 98.9469 0
38.5 100 1
38.5 80.57256625873552 0
40.6468 79.93899999999999 1
42.8458 84.49250000000001 0
44.5 84.06540140745122 1
44.5 100 0
41.5 100 1
41.5 81.70573315143247 0
35.5 81.45792995177007 1
35.5 92.77958253335586 0
35.28789999999999 92.48990000000001 1
38.2484 96.5333 0
38.2484 98.9469 0
17.5 100 1
17.5 11.08256985592907 0
17.3657 10.4264 1
17.9071 13.0716 0
8.5 0 1
8.5 9.39021070573493 0
5.5 12.33856434638868 1
5.5 0 0
25.59104901655108 0 1
17.3657 2.569082304777051 0
17.3657 5.712009382866231 1
35.65365857280507 0 0
45.71626812905906 0 1
17.3657 8.854936460955411 0
17.3657 10.4264 1
17.3657 0 1
49.32389999999999 0 0
49.32389999999999 0.4446659790706151 1
48.64230000000001 0.6575549999999999 1
49.32389999999999 3.98852 0
47.5 4.515837537495862 1
47.5 22.37410103283822 0
50.5 22.69347644582986 1
50.5 0 0
53.5 0 1
53.5 23.0128518588215 0
56.5 23.33222727181314 1
56.5 6.650070876436061 0
54.7743 5.9222 1
54.7743 1.40319 1
56.9405 1.40319 0
57.31721175241941 1.5 1
60.58799999999999 1.5 0
60.58799999999999 1.97771 1
59.17610000000001 1.97771 0
56.9405 1.40319 0
54.7743 2.452039504054182 1
55.27706892409668 1.40319 0
54.7743 1.40319 1
54.7743 0 1
60.58799999999999 0 1
60.58799999999999 3.10061 0
59.17610000000001 1.97771 1
56.9405 1.40319 0
59.17610000000001 1.97771 1
60.58799999999999 3.10061 1
58.76090000000001 7.603680000000001 0
59.5 5.782094406983745 1
59.5 41.76794569992062 0
62.30119999999999 43.20950000000001 1
49.69589999999999 73.3861 0
50.5 71.46111574258447 1
50.5 89.91146691958454 0
53.5 89.67525820013682 1
53.5 64.27923193180646 0
56.5 57.09734812102846 1
56.5 85.70862397403454 0
56.1656 84.77289999999999 0
55.92910000000001 89.48400000000001 1
56.1656 84.77289999999999 1
58.89230000000001 92.40280000000001 0
57.6567 93.12620000000001 1
57.7071 97.11080000000001 1
57.7071 100 0
59.5 100 1
59.5 49.91546431025046 0
67.19800000000001 32.8198 1
61.87439999999999 27.1139 0
62.5 26.51886436257269 1
62.5 0 0
65.5 0 1
65.5 23.66543259741616 0
68.5 20.81200083225963 1
68.5 16.7549239449121 0
70.48949999999999 18.9197 1
66.99690000000001 15.1194 0
68.5 13.9660190799512 1
68.5 0 0
71.5 0 1
71.5 11.66401471554005 0
74.5 9.362010351128905 1
74.5 0 0
77.5 7.060005986717757 1
77.5 0 0
80.5 0 1
80.5 8.243726614668077 0
78.63650000000001 6.18793 1
83.55330000000001 11.6121 0
83.5 11.5532999143752 1
83.5 0 0
86.5 0 1
86.5 100 0
83.5 100 1
83.5 11.66260039928966 0
80.5 14.50502437431751 1
80.5 100 0
77.5 100 1
77.5 24.25330447625021 0
77.72020000000001 24.0702 0
77.5 23.80673645530467 1
77.5 17.34744834934536 0
74.5 20.21731486545005 1
74.5 20.18987232437321 0
74.4872 20.202 1
77.72020000000001 24.0702 0
74.5 26.7479158693049 1
74.5 100 0
71.5 100 1
71.5 55.18702800990653 0
92.5 64.38145677724816 1
92.5 0 0
89.5 0 1
89.5 69.58848123494357 0
89.946 67.10650000000001 1
89.15729999999999 71.4956 0
89.5 71.66568589081518 1
89.5 100 0
98.5 100 1
98.5 0 0
95.5 0 1
95.5 100 0
92.5 100 1
92.5 72.12824098237587 0
93.5812 72.01820000000001 1
94.8509 64.76929999999999 0
73.11240000000001 49.2299 0
71.5 49.42632372511729 1
71.5 29.24252726235958 0
68.5 31.73713865541427 1
68.5 100 0
65.5 100 1
65.5 30.99986270193102 0
59.27800000000001 41.6537 1
47.29519999999999 72.1506 0
47.5 72.2559985920773 1
47.5 79.98731610845294 0
46.40219999999999 77.81399999999999 1
49.8507 84.64099999999999 0
47.5 85.21705879436269 1
47.5 90.14767563903229 0
46.2817 90.24359999999999 1
46.5432 97.4228 1
46.2817 97.43010819874775 1
46.2817 100 0
46.2817 98.93069386985522 1
57.7071 98.61138567110748 0
62.5 100 1
62.5 27.78442577954768 0
58.30889999999999 23.5248 1
57.0492 37.273 0
56.5 37.23001144587242 1
56.5 48.72386625496544 0
53.5 56.35903499682878 1
53.5 36.99518686032479 0
50.5 36.76036227477717 1
50.5 63.99420373869212 0
47.5 71.62937248055547 1
47.5 36.52553768922954 0
41.5 59.0150302485884 1
41.5 73.40757106674135 0
44.5 76.1041739796735 1
44.5 36.29071310368191 0
42.87990000000001 36.1639 1
44.3861 22.0426 0
44.5 22.05472561984659 1
44.5 5.383183670774873 0
41.5 6.250529804053881 1
41.5 50.04393454563007 0
43.42310000000001 50.0502 0