40.3013 34.358 0
41.5 31.83454356175024 1
41.5 100 0
44.5 100 1
44.5 24.75360816418178 0
60.121 13.4641 1
60.121 3.96468 1
76.97300000000001 3.96468 0
76.97300000000001 5.550127606774776 1
74.691517439714 3.96468 0
80.5 0 1
80.5 100 0
77.5 100 1
77.5 0 0
76.97300000000001 1.5 1
60.121 1.5 0
61.30334180470732 3.96468 1
60.121 5.644819027730078 0
60.121 10.85767300924336 1
64.97171393490245 3.96468 0
69.43443914657135 3.96468 1
76.97300000000001 9.203375868924926 0
76.97300000000001 11.03 1
71.18020000000001 20.175 0
71.5 19.67013689407541 1
71.5 100 0
74.5 100 1
74.5 14.93408524375086 0
81.72219999999999 20.9695 1
83.55860000000001 18.6462 0
83.5 18.72033710520584 1
83.5 0 0
86.5 0 1
86.5 21.29111764033413 0
89.5 23.98872861504086 1
89.5 0 0
92.5 0 1
92.5 26.68633958974759 0
95.5 29.38395056445432 1
95.5 0 0
98.5 0 1
98.5 32.08156153916104 0
98.95400000000001 32.4898 1
96.5812 35.2629 0
98.5 33.02039145313553 1
98.5 100 0
95.5 100 1
95.5 34.22285530789421 0
92.5 31.33704872602463 1
92.5 100 0
89.5 100 1
89.5 80.19400646215027 0
88.88339999999999 81.90819999999999 1
90.29159999999999 77.9933 0
89.5 78.18258286156706 1
89.5 28.45124214415506 0
86.5 25.56543556228549 1
86.5 78.89992569216474 0
83.5 79.61726852276246 1
83.5 22.67962898041591 0
71.18020000000001 20.175 0
68.5 18.54861163736979 1
68.5 100 0
65.5 100 1
65.5 16.72816350368924 0
62.5 14.90771537000868 1
62.5 84.35491853928366 0
86.5 81.44797590472049 1
86.5 100 0
83.5 100 1
83.5 80.86868905155336 0
80.6046 80.30959999999999 0
35.5 71.27649737998695 1
35.5 32.69129201037886 0
20.5 40.9722975627522 1
20.5 0 0
17.5 0 1
17.5 39.84364532110925 0
14.5 38.7149930794663 1
14.5 0 0
11.5 0 1
11.5 37.58634083782336 0
8.5 36.4576885961804 1
8.5 0 0
5.5 0 1
5.5 36.69923897416817 0
5.79973 35.4418 1
2.01022 51.33969999999999 0
2.5 51.54807444589106 1
2.5 100 0
0 100 1
0 0 0
2.5 0 1
2.5 49.284955861048 0
2.01022 51.33969999999999 0
5.5 52.82440940786012 1
5.5 100 0
8.5 100 1
8.5 54.10074436982917 0
11.5 55.37707933179821 1
11.5 100 0
14.5 100 1
14.5 56.65341429376727 0
17.4792 57.9209 1
22.535 41.7379 0
20.5 48.25168713556707 1
20.5 100 0
17.5 100 1
17.5 57.85432173345464 0
38.5 33.73270245522993 1
38.5 84.21237999588138 0
36.1071 83.577 1
38.4084 71.87270000000001 0
40.9631 84.8664 1
40.9631 98.8466 1
40.9631 100 1
29.8425 100 1
29.8425 98.8466 1
40.9631 98.8466 0
38.76836195337019 98.8466 1
40.9631 90.6594780746874 0
56.5656 83.91489999999999 1
59.3233 89.04669999999999 0
59.5 88.96458354828633 1
59.5 100 0
62.5 100 1
62.5 87.57041628659408 0
63.8049 86.964 1
59.8096 78.97559999999999 0
59.5 79.1304387561965 1
59.5 0 0
56.5 0 1
56.5 80.63081430073606 0
55.8154 80.97319999999999 1
57.4466 83.37690000000001 0
56.5 81.98201131682197 1
56.5 100 0
53.5 100 1
53.5 0 0
50.5 0 1
50.5 100 0
47.5 100 1
47.5 0 0
44.5 0 1
44.5 17.54987075750979 0
41.5 16.54242626469308 1
41.5 0 0
38.5 0 1
38.5 19.57422820003969 0
23.5 0 1
23.5 100 0
26.5 100 1
26.5 0 0
29.5 0 1
29.5 76.57920212221003 0
27.5288 83.11699999999999 0
29.5 83.74758898980855 1
29.5 100 0
29.97089915361796 98.8466 1
29.8425 98.81942561281105 0
29.8425 97.28620000000001 1
32.21899999999999 84.6174 0
27.5288 83.11699999999999 1
31.355 70.42679999999999 0
32.5 70.66151737034622 1
32.5 0 0
35.5 0 1
35.5 27.96034995992626 0
33.6339 32.04349999999999 1
36.1293 26.5834 1
38.04340000000001 21.1689 1
39.5551 15.8893 0
46.4461 18.2034 1
44.8455 23.8857 1
42.6187 29.4795 1
40.3013 34.358 0
40.3013 34.358 0