58.4851 59.9708 0
58.4851 59.9708 1
60.4644 61.455 0
59.26049247318248 63.5571677089991 1
74.56037538267145 61.75685396898379 0
74.81924611173292 64.74709045207371 1
0 73.55095631100784 0
0 76.57165371547697 1
75.07811684079437 67.73732693516359 0
61.31180025148959 71.5 1
100 71.5 0
100 74.5 1
35.81643924398179 74.5 0
54.91339245690078 92.5 1
0 92.5 0
0 89.5 1
56.30168751250319 89.5 0
56.7011 88.6369 1
59.0808 89.81720000000001 0
57.9658483038782 92.5 1
82.99957136820228 92.5 0
77.67089999999999 91.55080000000001 1
85.77449999999999 92.99430000000001 0
85.86735503846211 92.5 1
100 92.5 0
100 98.5 1
0 98.5 0
0 95.5 1
100 95.5 0
100 89.5 1
86.43090979344151 89.5 0
86.99446454842092 86.5 1
100 86.5 0
100 83.5 1
0 83.5 0
0 86.5 1
78.98909973745756 86.5 0
78.20613481855904 89.5 1
58.44126696602558 89.5 0
79.4006 84.92330000000001 1
87.04679999999999 86.22139999999999 0
100 68.5 1
86.80716125899738 68.5 0
75.21940000000001 69.36930000000001 1
98.13560000000001 67.167 1
94.2971 28.3147 1
94.2971 28.12183332701056 1
100 27.45078183670368 0
98.5 27.62728453453467 1
98.5 67.12412161127358 0
100 66.9476189134426 1
0 78.7144654355082 0
0 80.5 1
100 80.5 0
100 77.5 1
10.321078236474 77.5 0
0 58.44746928866226 1
91.82018622328297 47.64312889949373 0
91.56109126576348 44.65291880102234 1
0 55.42677188419314 0
0 52.40607447972403 1
72.83997144006685 43.83510683365493 0
73.95079999999999 54.71559999999999 1
92.28899999999999 53.05370000000001 0
92.07928118080244 50.63333899796511 1
0 61.46816669313138 0
0 64.4888640976005 1
74.04263392454854 55.77638100280399 0
74.30150465361001 58.76661748589389 1
59.24231866079181 60.53860878914121 0
58.4851 59.9708 0