58.4851 59.9708 0
63.91565084178366 32.80242832371553 1
0 40.32328486184755 0
0 43.34398226631667 1
26.55422288771408 40.21938761399214 0
26.6359 39.968 1
30.2219 37.4739 0
18.62239066357963 25.5 1
0 25.5 0
0 27.69126812812289 1
41.10420000000001 22.8546 0
40.48372167856581 19.5 1
0 19.5 0
0 22.5 1
41.03861196781119 22.5 0
41.10420000000001 22.8546 0
46.0077 22.2392 0
45.63781576771221 19.84966610209221 1
54.78616818365985 18.77319351400997 0
54.73221356475233 15.75884486673927 1
45.17859592152776 16.88300439212249 0
54.86517941518015 21.78459378813091 1
0 28.24049524397108 0
0 31.2611926484402 1
56.24091404103292 24.64341061062501 0
57.1895 26.6146 0
57.82001727129885 27.47829736156375 1
0 34.28189005290932 0
0 37.30258745737844 1
59.85074921446127 30.26004165500639 0
60.16930000000001 30.6964 1
64.0958 32.9037 1
66.8647 33.85420000000001 0
67.15366251658403 32.42141645957521 1
71.57464688208285 31.90120601452245 0
68.79559660747719 23.16612038169899 1
100 19.49434612637459 0
100 16.47364872190548 1
61.99741346354216 20.94535475406564 0
68.97040000000001 21.922 1
59.76300000000001 20.6324 1
59.99963093928655 18.74464223448563 1
92.9196 14.871 0
89.95311514225469 13.5 1
44.65492894885914 13.5 0
44.6414 13.4126 0
44.07673535353535 13.5 1
0 13.5 0
0 16.5 1
40.93529273360126 16.5 0
40.2281 14.0957 1
44.6414 13.4126 0
44.8482449785255 14.74886428123634 1
54.6934 13.5904 1
58.5334 15.0819 1
58.75239999999999 16.2008 1
60.3177 16.2072 0
60.28099744192353 16.5 1
79.07561897292328 16.5 0
86.30591271955149 10.5 1
0 10.5 0
0 1.5 1
100 1.5 0
100 4.5 1
0 4.5 0
0 7.5 1
87.58027165161158 7.5 0
87.64169999999999 7.35539 0
90.35292341335597 8.546713204314656 1
100 7.411556508498126 0
100 5.901207806263567 1
87.64169999999999 7.35539 1
94.60820000000001 10.4165 0
94.35021694132075 11.09705521431169 1
100 10.43225391296724 0
100 13.45295131743636 1
93.15167762815304 14.25878290026788 0
92.9196 14.871 1
85.83920000000001 11.5987 0
100 22.51504353084371 1
68.36404293844546 26.23759804406341 0
68.27959999999999 26.8386 0
67.77768289340736 29.32729153509888 1
100 25.53574093531283 0
95.5 40.49014136251139 1
95.5 27.98028993019663 0
94.2971 28.3147 1
89.80850000000001 28.65 0
77.59727724876419 31.19253234268374 1
89.75001285647684 29.76253859549178 0
89.70820000000001 30.5579 1
71.53319999999999 31.5103 0
71.89097802157883 34.88468121930558 1
32.0411714196173 39.57374680149836 0
34.41613424100835 42.31498597581826 1
72.20730916107485 37.8681564240887 0
72.52364030057086 40.85163162887181 1
34.80708299606187 45.28968104030031 0
34.7222 45.3708 0
34.56647277510142 45.31799327571713 1
0 49.38537707525491 0
0 46.36467967078579 1
27.95324600197791 43.0754641157976 0
25.8572 42.3647 1
34.7222 45.3708 1
36.0031 44.1467 0
56.18033254984556 63.91960539981234 1
0 70.53025890653873 0
0 67.5095615020696 1
58.07341279111417 60.6761521488136 0
58.4851 59.9708 0