56.2667 56.7132 0
51.43780171384662 58.5 1
0 58.5 0
0 55.5 1
100 55.5 0
100 52.5 1
0 52.5 0
0 49.5 1
100 49.5 0
100 46.5 1
0 46.5 0
0 43.5 1
100 43.5 0
100 40.5 1
0 40.5 0
0 37.5 1
100 37.5 0
100 34.5 1
0 34.5 0
0 31.5 1
100 31.5 0
100 28.5 1
0 28.5 0
0 25.5 1
100 25.5 0
100 22.5 1
0 22.5 0
0 19.5 1
100 19.5 0
100 16.5 1
0 16.5 0
0 13.5 1
100 13.5 0
100 10.5 1
0 10.5 0
0 7.5 1
100 7.5 0
100 4.5 1
0 4.5 0
0 1.5 1
100 1.5 0
69.79506338503035 76.5 1
100 76.5 0
100 79.5 1
69.27631466768301 79.5 0
100 100 1
0 100 0
0 97.5 1
100 97.5 0
100 94.5 1
0 94.5 0
0 91.5 1
100 91.5 0
100 88.5 1
0 88.5 0
0 85.5 1
100 85.5 0
100 82.5 1
68.75756595033567 82.5 0
68.3836 84.6627 1
54.8017 83.18190000000001 0
54.90077699297359 82.5 1
0 82.5 0
0 79.5 1
55.33666345568184 79.5 0
55.7725499183901 76.5 1
0 76.5 0
0 73.5 1
56.20843638109835 73.5 0
56.2616 73.13409999999999 1
70.15299999999999 74.43000000000001 0
60.18386503588241 73.5 1
100 73.5 0
100 70.5 1
43.27963779107225 70.5 0
54.05205097618118 67.5 1
100 67.5 0
100 64.5 1
57.86555153888391 64.5 0
58.7058 66.935 1
50.2681 67.95939999999999 1
38.3135 72.30539999999999 0
37.93476710337768 70.5 1
0 70.5 0
0 67.5 1
37.30543360948883 67.5 0
36.67610011559998 64.5 1
0 64.5 0
0 61.5 1
43.33018202587922 61.5 0
36.5714 64.0009 1
56.2667 56.7132 0
56.83033782908997 61.5 1
100 61.5 0
100 58.5 1
56.29430414394766 58.5 0
56.2667 56.7132 0