49.5 57.5 0
48.5 51 1
96.5 51 0
96.5 50 1
48.5 50 0
48.5 49 1
96.5 49 0
96.5 48 1
88.5 48 0
88.5 47.5 1
88.5 43.5 0
88.5 44 1
96.5 44 0
96.5 45 1
88.5 45 0
88.5 46 1
96.5 46 0
96.5 47 1
88.5 47 0
88.5 47.5 1
88.5 48.5 1
48.5 48.5 1
48.5 51.5 1
48.5 52.5 0
45.5 52.5 0
45.5 51 1
36.5 51 0
36.5 50 1
45.5 50 0
45.5 47 1
36.5 47 0
36.5 46 1
45.5 46 0
45.5 44 1
14.8003905296791 44 0
16.05039052967911 45 1
31.5 45 0
31.5 46 1
26.5 46 0
26.5 47 1
31.5 47 0
31.5 44.5 1
31.5 47.5 1
26.5 47.5 1
26.5 45.5 1
18.5 45.5 1
16.67539052967911 45.5 0
17.47578105935821 45.5 1
18.5 46.31937515251343 0
18.5 45.5 1
18.5 46.95968757625671 1
14.17539052967911 43.50000000000001 1
12.5 43.5 1
12.5 17.5 1
46.5 17.5 0
46.5 17 1
108.5 17 0
108.5 16 1
46.5 16 0
46.5 15 1
108.5 15 0
108 11.5 1
108 13.5 0
108.5 14 1
46.5 14 0
46.5 17.5 0
45.5 20.5 1
77.5 20.5 1
77.5 19.5 1
78.5 19.5 1
84.5 26.5 1
84.5 27.5 1
83.5 27.5 1
83.5 32.5 1
84.5 32.5 1
85.5 32.5 1
85.5 33.5 1
85.5 34.5 1
79.5 39.5 1
79.5 43.5 1
87.5 43.5 1
88.5 43.5 0
79.5 43 1
96.5 43 0
96.5 42.5 1
96.5 51.5 1
112.5 51.5 1
112.5 56.5 1
105.5 56.5 1
105.5 65.5 1
91.5 65.5 1
91.5 55.5 1
75.5 55.5 1
75.5 78.5 1
65.5 78.5 1
65.5 72.5 1
68.5 72.5 0
67 72.5 1
67 78.5 0
66 78.5 1
66 72.5 0
68 72.5 1
68 78.5 0
69 78.5 1
69 57.5 0
70 57.5 1
70 78.5 0
71 78.5 1
71 57.5 0
73 57.5 1
73 78.5 0
72 78.5 1
72 57.5 0
68.5 72.5 1
68.5 57.5 1
49.5 57.5 0
49.5 57.5 0