49.5 57.5 0
49.5 57.5 1
49.5 66.5 1
46.5 66.5 1
46.5 76.5 1
50.5 76.5 1
50.5 80.5 1
41.5 80.5 1
41.5 78.79289321881346 1
36.79289321881345 83.5 1
36.5 83.5 1
36.5 81.5 1
15.5 81.5 1
15.5 71.5 1
19.5 71.5 1
19.5 59.5 1
30.5 59.5 1
30.5 55.5 1
36.5 55.5 1
36.5 44.5 1
31.5 44.5 0
36.5 44.5 0
36.5 45 1
45.5 45 0
45.5 43 1
12.5 43 0
12.5 42 1
45.5 42 0
45.5 41 1
12.5 41 0
12.5 40 1
45.5 40 0
45.5 39 1
12.5 39 0
12.5 38 1
45.5 38 0
45.5 37 1
12.5 37 0
12.5 36 1
45.5 36 0
45.5 35 1
12.5 35 0
12.5 34 1
45.5 34 0
45.5 33 1
12.5 33 0
12.5 32 1
45.5 32 0
45.5 31 1
12.5 31 0
12.5 30 1
45.5 30 0
45.5 29 1
12.5 29 0
12.5 28 1
45.5 28 0
45.5 27 1
12.5 27 0
12.5 26 1
45.5 26 0
45.5 23 1
12.5 23 0
12.5 22 1
45.5 22 0
45.5 24 1
12.5 24 0
12.5 25 1
45.5 25 0
45.5 48 1
36.5 48 0
36.5 49 1
45.5 49 0
45.5 52 1
36.5 52 0
36.5 53 1
112.5 53 0
112.5 52 1
48.5 52 0
49.5 57.5 0