49.5 57.5 0
36.5 54 1
112.5 54 0
112.5 55 1
36.5 55 0
36.5 55.5 0
30.5 56 1
75.5 56 0
75.5 55.5 0
91.5 55.5 0
91.5 56 1
112.5 56 0
105.5 56.5 0
105.5 57 1
91.5 57 0
91.5 58 1
105.5 58 0
105.5 59 1
91.5 59 0
91.5 60 1
105.5 60 0
105.5 61 1
91.5 61 0
91.5 64 1
105.5 64 0
105.5 65 1
91.5 65 0
91.5 63 1
105.5 63 0
105.5 62 1
91.5 62 0
91.5 55.5 0
75.5 55.5 0
74 57.5 1
74 78.5 0
75 78.5 1
75 57.5 0
75.5 57 1
30.5 57 0
41.5 78.79289321881346 0
41.5 80 1
50.5 80 0
50.5 79 1
41.5 79 0
41.5 78.79289321881346 0
38.08578643762691 81.5 1
36.5 83.08578643762689 0
36.5 81.67157287525382 1
36.6715728752538 81.5 0
36.5 81.5 1
38.79289321881345 81.5 0
39.29289321881346 81 1
15.5 81 0
15.5 80 1
40.29289321881346 80 0
41.29289321881346 79 1
15.5 79 0
15.5 78 1
50.5 78 0
50.5 77 1
15.5 77 0
15.5 76 1
46.5 76 0
46.5 75 1
15.5 75 0
15.5 74 1
46.5 74 0
46.5 73 1
15.5 73 0
15.5 72 1
46.5 72 0
46.5 71 1
19.5 71 0
19.5 70 1
46.5 70 0
46.5 69 1
19.5 69 0
19.5 68 1
46.5 68 0
46.5 67 1
19.5 67 0
19.5 66 1
49.5 66 0
49.5 65 1
19.5 65 0
19.5 64 1
49.5 64 0
49.5 57.5 0