10.3066 21.2815
8.92126 9.15385
5.25128 9.6242
6.57899 21.5358

14.613 35.105
14.6106 28.0701
6.80966 28.4508
7.13047 35.6548

13.5655 46.3452
10.6635 45.4541
8.64416 51.3838
11.7416 52.4143

29.3764 72.5228
25.5448 68.6876
20.3701 73.0613
25.363 75.7815

31.9977 32.6855
28.5979 31.485
24.4502 43.5153
28.0731 44.7004

53.4557 77.2166
40.9228 71.0599
34.8757 84.9337
46.8708 90.8063

54.1293 41.5695
50.9639 37.6457
48.2364 36.6532
41.6569 42.0674
52.3339 45.7629

55.289 32.2374
43.0859 26.256
50.8998 37.4847
53.3455 38.2681

64.0038 68.8676
57.7894 64.5306
53.311 68.8758
59.3428 74.0587

67.3761 20.8337
40.2181 9.46363
36.6156 18.1607
63.9737 29.6634

82.0124 11.0681
59.4698 11.4172
59.8663 15.859
81.9909 15.6217

79.6658 81.3664
76.9403 77.0372
73.2101 80.0647
65.4 88.9985
67.5742 90.7458

79.5822 48.5159
78.2234 42.326
73.3052 44.1895
74.4922 49.7565

79.0602 62.9953
77.7169 59.4119
73.5706 61.569
76.0208 66.9798
77.8759 66.1397

79.9136 92.8087
79.5665 92.0219
72.4849 95.1457
73.8039 96.9465