47.1357 51.1484 0
48.23795321074203 49.5 1
100 49.5 0
100 88.5 1
0 88.5 0
0 85.5 1
100 85.5 0
100 82.5 1
0 82.5 0
0.173626 82.20333717552677 1
0.3711813304921053 82.42930000000001 0
0.173626 77.64544230531607 1
4.356068798295263 82.42930000000001 0
8.34095626609842 82.42930000000001 1
0.173626 73.08754743510536 0
0.173626 68.65681907027832 1
3.095032219741703 65.65209999999999 0
0.173626 65.65209999999999 1
0 65.65209999999999 1
0 82.42930000000001 1
0.173626 82.42930000000001 1
0.173626 65.65209999999999 0
0 64.5 1
100 64.5 0
100 67.5 1
6.840800669376556 67.5 0
9.525443782169273 70.5 1
100 70.5 0
100 73.5 1
12.21008689496199 73.5 0
14.89473000775471 76.5 1
100 76.5 0
100 79.5 1
13.44429986910995 79.5 0
0 100 1
100 100 0
100 97.5 1
0 97.5 0
0 94.5 1
100 94.5 0
100 91.5 1
0 91.5 0
10.3334 82.42930000000001 1
15.6884 77.3869 0
5.564231045296168 58.5 1
100 58.5 0
100 61.5 1
0 61.5 0
0.9469879999999999 61.0598 1
0.9469879999999999 55.77930000000001 1
4.88611 55.77930000000001 1
0.9469879999999999 56.6484 1
1.73019 61.0598 1
0.9469879999999999 61.0598 1
0 61.0598 1
0 55.77930000000001 1
0.9469879999999999 55.77930000000001 0
0 55.5 1
100 55.5 0
100 52.5 1
0 52.5 0
0 49.5 1
44.74562810579773 49.5 0
44.6448 49.6499 0
47.1357 51.1484 0