47.1357 51.1484 0
47.1357 51.1484 1
44.6448 49.6499 0
46.76353549334426 46.5 1
0 46.5 0
0 43.5 1
48.78144288089079 43.5 0
50.79935026843732 40.5 1
0 40.5 0
0 37.5 1
52.81725765598385 37.5 0
54.83516504353038 34.5 1
18.05336643822127 34.5 0
23.3173 32.6314 0
21.70374853532453 28.5 1
58.87097981862343 28.5 0
56.85307243107691 31.5 1
22.87542263950868 31.5 0
23.3173 32.6314 1
16.1651 35.1703 0
15.82392565717345 34.5 1
0 34.5 0
0 31.5 1
14.29696306060529 31.5 0
14.1688 31.2482 1
21.5494 28.1048 0
20.62148337468982 28.5 1
0 28.5 0
0 25.5 1
60.88888720616995 25.5 0
62.90679459371648 22.5 1
0 22.5 0
0 13.5 1
100 13.5 0
100 16.5 1
0 16.5 0
0 19.5 1
64.92470198126301 19.5 0
65.96870000000001 17.9479 1
68.26300000000001 19.5529 0
68.18738101557634 19.5 1
100 19.5 0
100 22.5 1
66.29233120760867 22.5 0
76.02081076551215 10.5 1
0 10.5 0
0 7.5 1
79.77427653104726 7.5 0
75.5641 9.448250000000002 1
80.68379999999999 7.07912 0
80.88917804766012 7.5 1
100 7.5 0
100 4.5 1
0 4.5 0
0 1.5 1
100 1.5 0
100 10.5 1
82.35309684394502 10.5 0
82.42599999999999 10.6494 1
77.0642 12.9028 0
73.1943593474987 29.5972 1
56.86784924207039 36.59414454010522 0
59.4808531158329 38.73820000000001 1
80.81025311583289 29.5972 0
84.6182 29.5972 1
61.54657078096564 29.5972 1
55.43416080802646 38.73820000000001 1
63.28879999999999 38.73820000000001 0
63.65243818859423 40.5 1
54.25607920969759 40.5 0
52.25003721004573 43.5 1
64.27164273268704 43.5 0
65.0112 47.0831 1
87.75899999999999 38.24290000000001 0
87.48912013833467 37.5 1
100 37.5 0
100 34.5 1
86.39928357218039 34.5 0
85.30944700602612 31.5 1
100 31.5 0
100 28.5 1
62.28024720830498 28.5 0
59.92702618439785 32.01920003317309 1
65.57846557916452 29.5972 0
64.28628920795683 25.5 1
100 25.5 0
100 40.5 1
81.95097988959526 40.5 0
74.231312913735 43.5 1
100 43.5 0
100 46.5 1
66.5116459378747 46.5 0
65.0112 47.0831 0
64.89084727677982 46.5 1
50.24399521039389 46.5 0
47.1357 51.1484 0