52.0712 51.45820000000001 0
52.0712 51.45820000000001 1
53.90006889495852 50.03539533358374 1
53.98963641707482 50.91989401070181 1
53.4693 51.32470000000001 1
52.11189785065918 51.69209443931112 1
52.0712 51.45820000000001 0
54.66834235336523 49.43770182765881 1
59.78846279781577 100 0
56.77312055289052 100 1
54.25521488434411 75.13513626015225 0
51.607215719574 78.76272872635693 1
53.75777830796528 100 0
50.74243606304003 100 1
48.95921655480387 82.39032119256163 0
70.4091 87.29640000000001 1
67.5711 81.03659999999999 0
69.78276090448878 79.58722749604823 1
66.73338227457137 49.47395316998016 0
67.8143 50.63420000000001 1
63.2088 45.69070000000001 1
58.58199513456712 0 0
61.36734322607451 0 1
65.77666272882084 43.54298494610973 0
57.03894028287617 43.07071209087759 1
53.83907152089128 11.4713151213786 0
72.49860000000001 25.9263 0
80.5 25.16476180444499 1
80.5 5.390270294198283 0
78.55667207320974 5.973977691640501 1
88.07808578526971 100 0
86.92654300214295 100 1
78.66928318719258 18.45777118338553 0
79.6951 17.2162 1
76.39449999999999 14.0675 0
74.90352510823973 14.56409678870675 1
74.1671699194936 7.292429839057812 0
77.09350468863769 6.413461740779605 1
78.02620852891275 15.62411414439422 0
89.5 0 1
89.5 100 0
92.5 100 1
92.5 0 0
95.5 0 1
95.5 100 0
98.5 100 1
98.5 0 0
75.9831573944418 21.70885494180123 1
81.25765244975125 73.79563582683875 0
81.39359999999999 73.738 0
84.46469999999999 79.72280000000001 1
81.39359999999999 73.738 0
78.36643410258756 75.02138619678084 1
73.297031601691 24.95993870021693 0
72.49860000000001 25.9263 1
69.72749999999999 17.8686 1
75.6323738889572 76.18050837846906 0
75.13374712433711 76.39190436030339 1
67.398027715925 0 0
64.38268547099975 0 1
68.80593249275663 43.68052221240124 0
67.58179999999999 42.03319999999999 1
71.35900000000001 47.11620000000001 1
74.35691377993061 76.72124778752109 1
73.78809999999999 76.9624 0
72.6104537892019 77.73414942770364 1
69.67882859032289 48.78371573313512 0
83.5 54.79041146693098 1
83.5 0 0
81.70902961302261 0 1
82.21437936765236 0 1
82.6935 4.73142 1
82.1011 3.87178 1
81.8126 1.02278 1
81.70902961302261 0 1
71.43168250935869 0 0
70.41336996085025 0 1
71.98656526039031 15.53564426494788 0
71.72568603316748 2.903348465298351 1
80.1734779181844 0 0
86.5 0 1
86.5 84.41606112941696 0
81.96956649301902 80.8259411720571 1
83.9112007572177 100 0
80.89585851229245 100 1
79.08343731733362 82.10194821242831 0
76.21438932926989 83.54663567956618 1
77.88051626736723 100 0
74.86517402244198 100 1
73.38416735377402 85.37473842874593 0
70.55394537827814 87.20284117792568 1
71.84983177751673 100 0
68.83448953259148 100 1
63.35031636203261 45.84260232020588 0
59.1905 45.9196 1
48.1104 31.2484 0
46.87809632525855 32.06165059700456 1
45.45723761931376 18.03036318293322 0
45.4049 18.0141 0
45.44326148865748 17.89234586611325 1
43.63141809585893 0 0
47.72519686025322 10.64979416967359 1
46.64676034078417 0 0
49.66210258570942 0 1
50.64040399967516 9.66093831815467 0
48.2649 8.93685 1
45.4049 18.0141 0
48.57054393136902 18.9977795603686 1
50.07442988068624 33.84897898263769 0
53.5566850817812 38.45984553675764 1
51.66960692225395 19.82454005679658 0
51.6195 19.9452 1
53.64449999999999 15.0689 0
52.4902 14.7195 1
54.14700000000001 10.7298 0
53.75178404599258 10.60933240428799 1
52.67744483063466 0 0
55.69278707555989 0 1
65.81914728766625 100 0
62.803805042741 100 1
57.46348333931441 47.26316670977107 0
52.0712 51.45820000000001 0