52.0712 51.45820000000001 0
50.66698928275871 52.0831733641658 1
47.5241246966151 47.84997286913172 0
44.84072180373106 41.71929364853804 1
47.42868463719022 67.27598706306995 0
50.69461047591744 69.75055431678473 1
49.68059837808093 59.73696526210897 0
49.2957 59.7891 1
48.0252 52.79819999999999 1
47.2290669376773 44.93621360363518 1
40.69840000000001 36.1399 0
44.05164110612048 33.92695088092439 1
40.61607585093368 0 0
37.60073360600845 0 1
41.2251858869824 35.79225116484425 0
40.69840000000001 36.1399 0
41.34914851359842 37.01640894730011 1
44.3749596134399 66.89694881022183 0
41.7271826070649 70.52673513868768 1
34.58539136108321 0 0
31.57004911615796 0 1
39.07940560068991 74.15652146715354 0
45.2839 65.65090000000001 1
37.5035 76.3169 0
39.45370072928831 77.85276691723081 1
41.69640932826431 100 0
40.8199454833705 100 1
10.80163188847131 100 1
9.132989999999999 83.52180000000001 1
8.508769999999998 75.53059999999999 0
9.05127340823557 75.42754415661372 1
3.952549935843034 10.15421261872122 0
5.13081434527342 10.88410212160751 1
4.028650958585933 0 0
2.924297789368166 0 1
10.53384332010912 75.14590999482255 0
0 75.12212311520398 1
1.943296164409273 100 0
0 100 1
0 0 0
0.1502309708149281 0 1
7.961573447539324 100 0
4.952434805974299 100 1
0 36.59944086780011 0
9.140437265260559 16.7199869749878 1
14.97149235002312 74.30291867626556 0
12.01305966341379 74.86491288863689 1
6.048952421753519 15.96806232499593 0
4.503209999999999 15.5921 1
5.784050000000001 5.983829999999999 0
7.691174854408507 6.391058952491218 1
7.043993203511175 0 0
10.05933544843642 0 1
10.77315835984401 7.049155831472419 0
12.0049 7.31217 1
11.257 11.5737 1
12.7902 12.0793 1
11.56700657089904 0 0
13.47799564660651 0 1
14.90684002196997 14.1101476289105 0
14.8735 14.1349 1
16.8853 27.3025 0
20.2153 24.702 0
18.6690170771565 21.48530311042717 1
18.54472061430577 20.25784862285981 0
18.2085 20.5273 1
20.2153 24.702 0
19.08419874184167 25.58531195851073 1
20.57995522991561 40.35623119053371 0
20.6142 40.2556 1
16.4002 52.6388 0
18.25612057568787 47.18501839751828 1
14.97980293858094 14.8306722308671 0
12.7902 12.0793 1
11.9893 17.4129 0
12.13063493574204 16.47167885719346 1
17.92992503663245 73.74092446389426 0
20.88835772324179 73.17893025152296 1
18.88298871430815 53.37547701729811 0
23.9228 59.6177 1
24.9028 65.5916 0
26.10787744626214 65.16850251796905 1
26.80522309646045 72.05494182678032 0
23.84679040985112 72.61693603915162 1
21.78095719112346 52.21638563943441 0
21.1226 54.04000000000001 1
25.5168 41.8683 0
23.68747952118279 41.26654886056612 1
21.33372430802969 18.02270641519149 0
24.12272800175361 15.78756420752317 1
28.37109891961457 57.74114702380419 0
24.13578305948465 45.69364338329405 1
25.31884321277145 57.37661859360131 0
27.8846 56.3644 1
30.0399 62.4637 0
29.0783 64.12559999999999 0
29.01969521399398 64.14617588702785 1
29.76365578306979 71.49294761440902 0
32.72208846967912 70.93095340203769 1
26.91173169547753 13.55242199985485 0
26.9311 13.5369 0
19.508680136457 0 1
20.51583811621696 9.945903154381938 0
17.71133906909346 12.02802539164622 1
16.49333789153175 0 0
22.52402238138224 0 1
23.39635707920346 8.614494048694073 0
23.0183 8.08802 1
26.9311 13.5369 0
26.90672218347805 13.50295198402931 1
25.53936462630748 0 0
28.55470687123272 0 1
35.68052115628845 70.36895918966638 0
36.0309 70.30240000000001 1
39.4884 86.85069999999999 0
39.6402954031816 88.35069999999999 1
29.91425107857176 88.35069999999999 0
40.55166782227117 97.35069999999999 1
10.53335422737198 97.35069999999999 0
10.22956342100878 94.35069999999999 1
40.24787701590797 94.35069999999999 0
39.94408620954479 91.35069999999999 1
9.925772614645595 91.35069999999999 0
10.26055422665092 91.18049999999999 1
9.768085370719884 89.79350431840464 0
11.8523 91.18049999999999 1
39.4884 86.85069999999999 0
42.73035425889364 80.43327244149282 1
44.71175157318956 100 0
47.7270938181148 100 1
46.00700778849895 83.01377796575485 0
47.5926 84.26249999999999 1
55.518 73.40520000000001 0
53.96053631464467 72.22512157049954 1
52.65514113609539 59.33406149356637 0
54.8121 59.0419 0
53.4693 51.32470000000001 0
52.0712 51.45820000000001 0