45.5859 64.66200000000001 0
47.66901066398397 64.5 1
6.751284011862699 64.5 0
6.420870000000001 64.36109999999999 1
0 64.36109999999999 0
0.6616400000000002 64.36109999999999 1
0.6616400000000002 80.31610000000001 0
0 80.31610000000001 1
19.7857 80.31610000000001 0
20.46403431678438 79.5 1
100 79.5 0
100 82.5 1
0 82.5 0
0 85.5 1
100 85.5 0
100 88.5 1
0 88.5 0
0 91.5 1
100 91.5 0
100 94.5 1
0 94.5 0
0 97.5 1
100 97.5 0
100 100 1
0 100 0
3.184642037439378 80.31610000000001 1
2.16164 79.89051728479694 0
2.16164 76.64127037087815 1
10.99507722275097 80.31610000000001 0
18.80551240806257 80.31610000000001 1
2.16164 73.39202345695938 0
2.16164 71.76740000000001 1
2.16164 64.36109999999999 0
2.16164 68.75852116445682 1
4.690517866990181 64.36109999999999 0
6.420870000000001 64.36109999999999 1
26.1527 72.65600000000001 0
25.45117547682145 73.5 1
69.31932288483168 73.5 0
68.1839657460321 70.5 1
21.02402750485237 70.5 0
13.88765575835753 67.5 1
49.18695653276181 67.5 0
55.0843 69.7098 0
67.0737 67.56630000000001 1
54.6647 68.3519 0
55.0843 69.7098 1
44.87350000000001 65.8837 0
22.95760489680292 76.5 1
70.71660036381795 76.5 0
70.40479999999999 76.3682 1
77.03729999999999 79.17179999999999 0
76.60765940954121 76.5 1
100 76.5 0
100 73.5 1
76.12524239802224 73.5 0
75.64282538650329 70.5 1
100 70.5 0
100 67.5 1
75.16040837498431 67.5 0
74.67799136346537 64.5 1
100 64.5 0
100 61.5 1
0 61.5 0
0 58.5 1
100 58.5 0
100 55.5 1
0 55.5 0
0 52.5 1
100 52.5 0
100 49.5 1
0 49.5 0
0 46.5 1
100 46.5 0
100 43.5 1
0 43.5 0
0 40.5 1
100 40.5 0
100 37.5 1
0 37.5 0
0 34.5 1
100 34.5 0
100 31.5 1
0 31.5 0
0 28.5 1
100 28.5 0
100 25.5 1
0 25.5 0
0 22.5 1
100 22.5 0
100 19.5 1
0 19.5 0
0 16.5 1
100 16.5 0
100 13.5 1
0 13.5 0
0 10.5 1
100 10.5 0
100 7.5 1
0 7.5 0
0 4.5 1
100 4.5 0
100 1.5 1
0 1.5 0
74.34440000000001 62.4255 1
45.5859 64.66200000000001 0
45.5859 64.66200000000001 0