25.0127 66.6003
21.9337 57.8217
3.09372 66.4817
5.84265 73.2436
16.3105 68.9242

39.4407 84.4707
28.6958 85.0986
28.6498 90.4111
15.469 91.8527
16.3536 99.2604
31.5742 98.899
31.2407 93.5833
36.5954 93.1363

32.858 44.1345
27.2386 43.6529
27.5529 45.6068
32.7965 44.8519

55.1628 74.1217
54.455 72.3819
47.7071 75.5903
49.233 79.199
50.5954 78.7027
51.6798 81.7957
54.6902 80.2234

57.9978 46.0208
51.7383 44.3446
49.9526 51.9413
56.3362 53.1538

84.796 24.5118
78.4542 20.3686
74.9754 25.2938
80.8718 29.7364