47.364 44.3789 0
46.8847 39.72969999999999 0
52.5 39.25364304042293 1
52.5 0 0
49.5 0 1
49.5 39.50797867319966 0
46.8847 39.72969999999999 0
37.5 42.81304954881054 1
37.5 0 0
34.5 0 1
34.5 40.58817774808941 0
37.2281 40.26000000000001 1
37.7157 44.83839999999999 0
37.5 44.86123805867325 1
37.5 100 0
40.5 100 1
40.5 0 0
43.5 0 1
43.5 100 0
46.5 100 1
46.5 0 0
19.5 0 1
19.5 100 0
22.5 100 1
22.5 0 0
25.5 0 1
25.5 100 0
28.5 100 1
28.5 0 0
31.5 0 1
31.5 40.94906380221801 0
30.2669 41.09739999999999 1
30.7483 45.5761 0
31.5 45.49651090076642 1
31.5 100 0
34.5 100 1
34.5 45.17887447971984 0
7.5 57.97035128550729 1
7.5 0 0
4.5 0 1
4.5 100 0
1.5 100 1
1.5 0 0
10.5 0 1
10.5 61.30896367894329 0
13.5 64.64757607237928 1
13.5 0 0
16.5 0 1
16.5 100 0
13.5 100 1
13.5 74.22301735958109 0
15.9951 67.42429999999999 1
7.092000000000001 57.5163 1
5.733370000000001 61.517 0
7.5 62.58147259817871 1
7.5 70.66705414680098 0
9.700880000000002 63.9076 1
6.24014 74.53639999999999 0
7.5 75.0216024539701 1
7.5 100 0
10.5 100 1
10.5 76.17697476669554 0
12.5002 76.94730000000001 1
15.9951 67.42429999999999 0
52.5 44.17654332606223 1
52.5 100 0
55.5 100 1
55.5 44.05834433427614 0
56.9453 44.0014 1
56.1913 38.94070000000001 0
55.5 38.99930740764619 1
55.5 0 0
58.5 0 1
58.5 100 0
61.5 100 1
61.5 0 0
64.5 0 1
64.5 100 0
67.5 100 1
67.5 0 0
70.5 0 1
70.5 100 0
71.22810000000001 100 1
84.39359999999999 100 0
85.5 100 1
85.5 0 0
100 0 1
100 100 0
97.5 100 1
97.5 0 0
94.5 0 1
94.5 100 0
91.5 100 1
91.5 0 0
88.5 0 1
88.5 100 0
81.65935114302272 96.45160000000001 1
84.39359999999999 89.73402028663131 0
84.39359999999999 85.7552 1
84.39359999999999 96.45160000000001 0
84.39359999999999 97.95160000000001 1
71.22810000000001 97.95160000000001 0
71.22810000000001 96.45160000000001 1
79.0498 96.45160000000001 1
80.6979 94.8349 1
80.03985643137989 96.45160000000001 1
79.0498 96.45160000000001 0
75.71195271276429 96.45160000000001 1
71.22810000000001 94.19600143844514 0
71.22810000000001 92.51689999999999 1
75.94159999999999 78.25219999999999 0
76.5 78.7479022243256 1
76.5 0 0
73.5 0 1
73.5 85.6413357844489 0
75.94159999999999 78.25219999999999 0
79.5 81.41105887363938 1
79.5 12.1160397569715 0
81.53299999999999 14.6428 1
78.96539999999999 11.4516 0
79.5 11.02419358025389 1
79.5 0 0
82.5 0 1
82.5 8.62572882298057 0
82.50229999999999 8.623889999999999 1
85.14940000000001 11.5886 0
82.5 13.82612833757327 1
82.5 84.07421552295315 0
75.94159999999999 78.25219999999999 0
49.5 100 1
49.5 44.2947423178483 0
47.364 44.3789 0