51.7094 40.2593 0
20.4364 22.1273 0
16.05604843305903 19.5 1
0 19.5 0
0 16.5 1
11.05431482790435 16.5 0
0 10.5 1
11.99178291970786 10.5 0
13.67875283312561 7.5 1
0 7.5 0
0 13.5 1
10.30481300629011 13.5 0
9.23235 15.4072 1
20.4364 22.1273 0
21.95748872043303 19.5 1
55.56047339772554 19.5 0
54.66401043314764 16.5 1
23.69435400467886 16.5 0
25.4312192889247 13.5 1
53.76754746856975 13.5 0
52.87108450399185 10.5 1
27.16808457317054 10.5 0
27.8508 9.320779999999999 1
16.546 2.40107 0
15.36572274654336 4.5 1
0 4.5 0
0 1.5 1
100 1.5 0
100 4.5 1
19.97504310498562 4.5 0
24.87617335466371 7.5 1
63.50399591591591 7.5 0
52.6426 9.735379999999999 1
64.61580000000001 7.271179999999999 0
66.39184785758576 7.271179999999999 1
71.6915222441188 22.68358679744805 0
74.6432407480396 22.04179559914935 1
69.56425119158055 7.271179999999999 0
68.98070000000001 23.273 1
64.61580000000001 7.271179999999999 1
71.15045285857792 7.271179999999999 0
71.1044 7.13725 1
82.3775 7.530390000000001 0
81.50608139848401 7.5 1
100 7.5 0
100 10.5 1
83.26574198293827 10.5 0
84.16307393858727 13.5 1
100 13.5 0
100 16.5 1
85.06040589423628 16.5 0
85.28100000000001 17.2375 0
85.20209482430732 19.5 1
100 19.5 0
100 22.5 1
85.09746917698001 22.5 0
85.04259999999999 24.0733 1
58.879 30.6054 0
56.45693636230344 22.5 1
0 22.5 0
0 25.5 1
57.35339932688133 25.5 0
58.24986229145924 28.5 1
0 28.5 0
0 31.5 1
91.62001838495976 31.5 0
92.39508609284073 34.5 1
57.25130414348658 34.5 0
56.74720000000001 33.1992 1
49.6443 35.5673 0
52.84556902157847 34.5 1
0 34.5 0
0 37.5 1
50.49494338661552 37.5 0
51.7094 40.2593 0