54.1734 55.8126 0
25.78734984504435 80.5 1
46.80531401468026 80.5 0
48.371 81.4667 1
43.1636 78.25149999999999 0
43.15950638066074 77.5 1
29.01095378228243 77.5 0
46.5742 73.8698 0
50.48090000000001 74.16650000000001 1
46.5742 73.8698 0
46.4940229977753 74.5 1
32.23455771952052 74.5 0
32.33320000000001 74.40819999999999 1
21.3074 84.66919999999999 0
15.46526424774369 83.5 1
20.25364322075019 83.5 0
21.3074 84.66919999999999 0
22.56374590780626 83.5 1
100 83.5 0
100 86.5 1
13.41303275211264 86.5 0
11.8532 88.78020000000001 1
6.48198 85.06549999999999 0
8.556175787008371 86.5 1
0 86.5 0
0 83.5 1
7.552593259905199 83.5 0
9.604231573361343 80.5 1
0 80.5 0
0 74.5 1
18.68623548892584 74.5 0
21.81087001280361 71.5 1
0 71.5 0
0 68.5 1
24.93550453668139 68.5 0
26.0786 67.4025 1
15.178 77.8683 0
16.1187 79.8373 1
17.0907 81.12389999999999 1
18.75432551587288 81.83642611363263 1
15.14294086665 77.82939999999999 1
14.30905388551515 77.82939999999999 1
11.4306 77.82939999999999 1
16.1187 79.8373 1
14.30905388551515 77.82939999999999 0
15.56160096504806 77.5 1
0 77.5 0
13.5409 58.37309999999999 1
21.2221 57.1403 0
20.9761025845735 56.5 1
28.57751187883238 56.5 0
28.88752025427205 44.5 1
38.06632916207802 44.5 0
40.43853348288943 41.5 1
30.67964602323992 41.5 0
31.0042 40.9567 1
19.7063 41.0759 0
19.68049931037512 41.5 1
0 41.5 0
0 38.5 1
42.81073780370083 38.5 0
23.54704252738649 14.49999999999999 1
17.06451202185792 14.49999999999999 0
17.0612 14.4362 1
11.7669 14.6235 0
15.25780256273384 14.49999999999999 1
0 14.49999999999999 0
0 17.49999999999999 1
75.23439246467822 17.49999999999999 0
78.0744 16.6864 0
79.53813834391946 20.49999999999999 1
100 20.49999999999999 0
100 23.49999999999999 1
77.4500555783637 23.49999999999999 0
80.3888 22.7163 1
66.3228 26.4674 0
65.16174860867906 23.49999999999999 1
0 23.49999999999999 0
0 20.49999999999999 1
64.7623882783883 20.49999999999999 0
64.066 20.6995 1
78.0744 16.6864 0
78.38667646229621 17.49999999999999 1
100 17.49999999999999 0
100 14.49999999999999 1
28.90311773726239 14.49999999999999 0
28.3075 15.2906 1
19.0732 13.757 0
0 0 1
100 0 0
100 2.499999999999989 1
0 2.499999999999989 0
0 5.499999999999989 1
100 5.499999999999989 0
100 8.499999999999989 1
22.91988720949164 8.499999999999989 0
22.5898 8.225059999999999 1
19.4541 11.266 0
19.41831894821357 11.49999999999999 1
0 11.49999999999999 0
0 8.499999999999989 1
22.30629247995687 8.499999999999989 0
22.5898 8.225059999999999 1
29.3736 13.8755 0
26.52162441933724 11.49999999999999 1
100 11.49999999999999 0
91.0987034384338 28.1051 1
99.11580000000001 29.79051175020135 0
99.11580000000001 31.3233 1
97.8956 38.8189 1
99.11580000000001 38.8189 1
99.11580000000001 28.1051 0
100 26.49999999999999 1
0 26.49999999999999 0
0 29.49999999999999 1
83.54235919774325 29.49999999999999 0
82.97190797774877 32.49999999999999 1
0 32.49999999999999 0
0 35.5 1
82.40145675775432 35.5 0
82.36510000000001 35.69119999999999 1
97.8956 38.8189 0
100 38.8189 1
99.11580000000001 38.8189 0
99.28645888335313 38.8189 1
95.54111871745451 50.8845 0
98.68233119575754 50.8845 1
100 46.63963464191484 0
94.02889999999999 40.577 1
90.36779999999999 38.4333 0
90.48171303354013 38.5 1
96.31211166991716 38.5 0
96.14524640505013 38.8189 1
92.39990623915151 50.8845 0
90.82929999999999 50.8845 1
100 50.8845 1
100 38.8189 1
100 28.1051 1
83.80760000000001 28.1051 0
60.2144 50.5059 1
54.1734 55.8126 0
54.1734 55.8126 0