54.1734 55.8126 0
56.80599965703733 53.5 1
40.69249306690355 53.5 0
42.96077127026147 50.5 1
90.60757637533308 50.5 0
88.87761311395278 47.5 1
45.22904947361941 47.5 0
50.3047 40.78700000000001 1
44.43380000000001 36.4474 0
47.21069403170799 38.5 1
90.33290890474865 38.5 0
88.76359427575258 41.5 1
49.76560588033527 41.5 0
47.49732767697733 44.5 1
87.19427964675648 44.5 0
87.1721 44.5424 0
100 92.5 1
0 92.5 0
0 89.5 1
100 89.5 0
100 95.5 1
0 95.5 0
0 98.5 1
100 98.5 0
50.27812555268409 80.5 1
100 80.5 0
100 77.5 1
50.37417407908303 77.5 0
50.47022260548198 74.5 1
100 74.5 0
100 71.5 1
81.11208642780664 71.5 0
79.93109999999999 73.76169999999999 1
74.84110000000001 70.43000000000001 0
76.4757909985893 71.5 1
29.73679596899667 71.5 0
27.05843406369099 68.5 1
75.96775472968849 68.5 0
77.71010000000001 65.5153 1
82.56460000000001 68.7183 0
82.23374225725883 68.5 1
100 68.5 0
100 65.5 1
0 65.5 0
0 62.5 1
31.85631857612922 62.5 0
28.19194525874962 59.5 1
0 59.5 0
0 56.5 1
12.80659092701407 56.5 0
12.5268 55.7863 0
12.85287715377145 53.5 1
0 53.5 0
0 50.5 1
13.2807437772742 50.5 0
13.6282 48.0638 1
17.0451 46.2681 0
14.70101183939412 47.5 1
0 47.5 0
0 44.5 1
19.49799030571906 44.5 0
19.4293 45.62909999999999 1
23.732 48.2565 1
26.6344 48.2717 0
27.09539448530418 47.5 1
35.69412484126661 47.5 0
33.32192052045519 50.5 1
18.67095735177793 50.5 0
17.51838473538014 47.5 1
22.49313551419654 47.5 0
30.94971619964379 53.5 1
19.82352996817571 53.5 0
26.986 58.5127 1
33.111 63.52719999999999 0
33.88765845682975 62.5 1
100 62.5 0
100 59.5 1
59.41215545957877 59.5 0
62.6150702791149 56.5 1
100 56.5 0
100 53.5 1
62.97420885402818 53.5 0
62.2383 52.88039999999999 1
64.4718 54.76090000000001 1
58.8604 60.0168 1
56.6134 58.30549999999999 0
58.18182254426459 59.5 1
36.15593666018769 59.5 0
38.42421486354561 56.5 1
54.84621318945806 56.5 0
54.1734 55.8126 0