46.6598 48.0381 0
47.23528445162448 52.5 1
0 52.5 0
0 55.5 1
47.62221677975229 55.5 0
36.32083309530503 40.5 1
100 40.5 0
100 1.5 1
0 1.5 0
0 4.5 1
100 4.5 0
100 7.5 1
0 7.5 0
0 10.5 1
27.28554854137295 10.5 0
28.9457 9.544499999999999 1
20.9351 14.155 0
22.07314207786574 13.5 1
0 13.5 0
0 16.5 1
22.36009123505976 16.5 0
23.6043 18.5475 1
38.32170000000001 22.663 0
38.37456090632467 22.5 1
100 22.5 0
100 25.5 1
0 25.5 0
0 28.5 1
100 28.5 0
100 31.5 1
33.87975373894672 31.5 0
37.97557436491574 34.5 1
100 34.5 0
100 37.5 1
38.50032423952769 37.5 0
39.7406 35.7928 1
31.7274 29.9235 0
29.57389710809381 31.5 1
0 31.5 0
0 34.5 1
25.47588970199259 34.5 0
23.9808 35.5945 1
34.5723 42.9068 0
31.08617084774968 40.5 1
0 40.5 0
0 37.5 1
26.74082123134992 37.5 0
23.9808 35.5945 1
31.7274 29.9235 0
27.01052609646459 19.5 1
0 19.5 0
0 22.5 1
37.73879726643179 22.5 0
38.32170000000001 22.663 0
39.34746102272959 19.5 1
100 19.5 0
100 16.5 1
40.32036113913452 16.5 0
41.29326125553945 13.5 1
100 13.5 0
100 10.5 1
32.55263994165588 10.5 0
28.9457 9.544499999999999 1
41.49769999999999 12.8696 0
68.9222 46.971 0
69.06726188277088 49.5 1
100 49.5 0
100 52.5 1
69.23934003552398 52.5 0
77.36315030415781 79.5 1
0 79.5 0
0 82.5 1
72.74413010571698 82.5 0
72.73519999999999 82.50579999999999 1
83.16309999999999 75.733 0
81.98217050259862 76.5 1
0 76.5 0
0 73.5 1
100 73.5 0
100 76.5 1
83.49537456305762 76.5 0
84.79501431426078 79.5 1
100 79.5 0
100 82.5 1
86.09465406546397 82.5 0
88.22764795133506 85.5 1
100 85.5 0
100 88.5 1
90.46687820314099 88.5 0
91.346 89.67779999999999 0
83.14558686484619 94.5 1
100 94.5 0
100 91.5 1
88.24724988285899 91.5 0
91.346 89.67779999999999 1
78.06280000000001 97.4889 0
76.08347097797255 94.5 1
0 94.5 0
0 97.5 1
100 97.5 0
100 100 1
0 100 0
0 91.5 1
74.46617312611829 91.5 0
73.88881000562344 88.5 1
0 88.5 0
0 85.5 1
73.31144688512856 85.5 0
47.7376 56.3946 1
69.4066 55.416 0
67.54660000000001 55.5 1
100 55.5 0
100 58.5 1
0 58.5 0
0 61.5 1
100 61.5 0
100 64.5 1
0 64.5 0
0 67.5 1
100 67.5 0
100 70.5 1
0 70.5 0
0 43.5 1
100 43.5 0
100 46.5 1
0 46.5 0
0 49.5 1
46.84835212349668 49.5 0
46.6598 48.0381 0