83.5 58.5 0
64.5 43.99999999999993 1
165.5 43.99999999999979 0
165.5 42.99999999999979 1
64.5 42.99999999999993 0
64.5 41.99999999999993 1
165.5 41.99999999999979 0
165.5 40.99999999999979 1
64.5 40.99999999999993 0
64.5 39.99999999999993 1
165.5 39.99999999999979 0
165.5 38.99999999999979 1
147.5 38.99999999999982 0
147.5 37.99999999999982 1
165.5 37.99999999999979 0
165.5 36.99999999999979 1
147.5 36.99999999999982 0
147.5 35.99999999999982 1
161.5 35.99999999999979 0
161.5 34.99999999999979 1
147.5 34.99999999999982 0
147.5 33.99999999999982 1
161.5 33.99999999999979 0
161.5 32.99999999999979 1
147.5 32.99999999999982 0
147.5 31.99999999999981 1
161.5 31.99999999999979 0
161.5 30.99999999999979 1
147.5 30.99999999999981 0
147.5 27.99999999999981 1
161.5 27.99999999999979 0
161.5 26.99999999999979 1
147.5 26.99999999999981 0
147.5 28.99999999999981 1
161.5 28.99999999999979 0
161.5 29.99999999999979 1
147.5 29.99999999999981 0
165.5 44.99999999999979 1
64.5 44.99999999999993 0
64.5 45.99999999999993 1
146.5 45.99999999999982 0
146.5 46.99999999999982 1
59.5 46.99999999999994 0
59.5 47.99999999999994 1
146.5 47.99999999999982 0
146.5 48.99999999999982 1
103.5 48.99999999999987 0
103.5 49.99999999999987 1
155.5 49.9999999999998 0
155.5 50.9999999999998 1
103.5 50.99999999999987 0
118.5 51.5 0
118.5 51.99999999999986 1
155.5 51.9999999999998 0
155.5 52.9999999999998 1
118.5 52.99999999999986 0
118.5 53.99999999999986 1
164.5 53.99999999999979 0
164.5 54.99999999999979 1
118.5 54.99999999999986 0
120 55.5 1
120 85.5 0
121 85.5 1
121 55.5 0
127.5 38.99999999999984 1
64.5 38.99999999999993 0
64.5 38.5 1
64.5 45.5 1
64.5 46.5 1
59.5 46.5 1
59.5 49.5 1
59.5 50.5 1
39.5 50.5 1
38.5 50.5 0
38.18749999999999 49.99999999999997 1
13.5 50.00000000000001 0
13.5 49.00000000000001 1
37.56249999999999 48.99999999999997 0
36.93749999999999 47.99999999999997 1
13.5 48.00000000000001 0
13.5 47.00000000000001 1
36.31249999999999 46.99999999999997 0
35.68749999999999 45.99999999999997 1
13.5 46.00000000000001 0
13.5 45.00000000000001 1
35.06249999999999 44.99999999999999 0
34.43749999999999 43.99999999999999 1
13.5 44.00000000000001 0
13.5 43.00000000000001 1
33.81249999999999 42.99999999999999 0
33.5 42.5 0
33.5 41.99999999999999 1
12.70710678118654 42.00000000000001 0
13.70710678118654 41.00000000000001 1
40.5 40.99999999999997 0
40.5 39.99999999999997 1
14.70710678118654 40.00000000000001 0
15.5 39.20710678118655 0
15.5 39.00000000000001 1
40.5 38.99999999999997 0
40.5 37.99999999999997 1
15.5 38.00000000000001 0
15.5 37.00000000000001 1
40.5 36.99999999999997 0
40.5 35.99999999999997 1
15.5 36.00000000000001 0
15.5 35.00000000000001 1
40.5 34.99999999999997 0
40.5 33.99999999999997 1
15.5 34.00000000000001 0
15.5 33.00000000000001 1
40.5 32.99999999999997 0
40.5 32.5 1
40.5 41.5 1
33.5 41.5 1
33.5 42.5 1
38.5 50.5 0
56.5 71.99999999999994 1
46.65853888980659 71.99999999999997 0
45.80139603266373 70.99999999999997 1
56.5 70.99999999999994 0
56.5 69.99999999999994 1
44.94425317552088 69.99999999999997 0
44.08711031837802 68.99999999999997 1
56.5 68.99999999999994 0
56.5 67.99999999999994 1
43.22996746123516 67.99999999999997 0
42.37282460409232 66.99999999999997 1
82.5 66.99999999999991 0
82.5 65.99999999999991 1
41.51568174694945 65.99999999999997 0
40.65853888980659 64.99999999999997 1
82.5 64.99999999999991 0
82.5 64.5 0
83.5 58.5 0