83.5 58.5 0
82.5 64.5 1
82.5 70.5 1
80.5 70.5 1
80.5 74.5 0
82 74.5 1
82 88.5 0
81 88.5 1
81 74.5 0
80.5 74.5 1
82.5 74.5 1
82.5 88.5 1
74.5 88.5 1
74.5 67.5 0
75 67.5 1
75 88.5 0
76 88.5 1
76 67.5 0
77 67.5 1
77 88.5 0
78 88.5 1
78 67.5 0
79 67.5 1
79 88.5 0
80 88.5 1
80 67.5 0
81 67.5 1
81 70.5 0
82 70.5 1
82 67.5 0
82.5 67.5 1
56.5 67.5 1
56.5 72.5 1
47.08711031837807 72.50000000000001 1
40.2299674612352 64.50000000000001 1
28.5 64.5 0
28.5 65 1
9.5 65.00000000000003 0
28.5 68 1
9.5 68.00000000000003 0
9.5 69.00000000000003 1
28.5 69 0
28.5 67 1
9.5 67.00000000000003 0
9.5 66.00000000000003 1
28.5 66 0
28.5 64.5 1
28.5 69.5 1
21.5 69.5 0
21.5 70 1
9.5 70.00000000000003 0
9.5 71.00000000000003 1
21.5 71 0
21.5 73 1
9.5 73.00000000000003 0
9.5 72.00000000000003 1
21.5 72 0
21.5 69.5 1
21.5 73.5 1
9.5 73.5 1
9.5 63.5 1
8.207106781186548 63.5 1
15.5 56.20710678118655 1
15.5 54.5 1
13.5 54.5 1
13.5 42.5 1
12.20710678118655 42.5 1
15.5 39.20710678118655 1
15.5 32.5 1
12.5 32.5 1
12.5 24.5 1
16.5 24.5 1
16.5 22.5 1
28.5 22.5 1
28.5 16.5 1
41.5 16.5 1
41.5 18.5 0
41.5 17.99999999999997 1
28.5 17.99999999999999 0
28.5 16.99999999999999 1
41.5 16.99999999999997 0
41.5 18.5 1
45.5 18.5 1
45.5 16.5 1
72.5 16.5 1
72.5 10.5 1
81.70983873226437 10.5 1
85.50000000000001 17.13278221853733 1
85.5 22.5 1
130.5 22.5 1
130.5 25.5 1
130.9596875762567 25.5 1
127.5 29.82460947032089 1
127.5 39.5 1
147.5 39.5 1
147.5 26.5 1
161.5 26.5 1
161.5 36.5 1
165.5 36.5 1
165.5 45.5 1
146.5 45.5 1
146.5 49.5 1
155.5 49.5 1
155.5 53.5 1
164.5 53.5 1
164.5 59.5 1
160.5 59.5 1
160.5 84.5 0
164.5 88 1
170.5 88 0
170.5 87 1
164.5 87 0
164.5 86 1
170.5 86 0
170.5 85 1
164.5 85 0
164 84.5 1
164 94.5 0
163 94.5 1
163 84.5 0
162 84.5 1
162 94.5 0
161 94.5 1
161 84.5 0
160.5 84.5 1
170.5 84.5 1
170.5 88.5 1
164.5 88.5 1
164.5 94.5 1
157.5 94.5 1
157.5 89.5 1
142.5 89.5 1
142.5 60.5 0
143 60.5 1
143 89.5 0
144 89.5 1
144 60.5 0
145 60.5 1
145 89.5 0
146 89.5 1
146 60.5 0
147 60.5 1
147 89.5 0
148 89.5 1
148 60.5 0
149 60.5 1
149 89.5 0
150 89.5 1
150 60.5 0
151 60.5 1
151 89.5 0
152 89.5 1
152 60.5 0
153 60.5 1
153 89.5 0
154 89.5 1
154 60.5 0
155 60.5 1
155 89.5 0
156 89.5 1
156 60.5 0
157 60.5 1
157 89.5 0
157.5 89.5 0
158 94.5 1
158 60.5 0
159 60.5 1
159 94.5 0
160 94.5 1
160 60.5 0
139.5 55.99999999999982 1
164.5 55.99999999999979 0
164.5 56.99999999999979 1
139.5 56.99999999999982 0
139.5 57.99999999999982 1
164.5 57.99999999999979 0
164.5 58.99999999999979 1
139.5 58.99999999999982 0
139.5 59.99999999999982 1
160.5 59.99999999999979 0
160.5 60.5 1
139.5 60.5 1
139.5 55.5 1
118.5 55.5 0
119 55.5 1
119 85.5 0
122 55.5 1
122 85.5 0
123 85.5 1
123 55.5 0
124 55.5 1
124 85.5 0
125 85.5 1
125 55.5 0
125.5 55.5 1
125.5 85.5 1
118.5 85.5 1
118.5 51.5 1
103.5 51.5 1
103.5 48.5 1
83.5 48.5 0
83.5 48.9999999999999 1
59.5 48.99999999999994 0
59.5 49.99999999999994 1
83.5 49.9999999999999 0
83.5 50.9999999999999 1
13.5 51.00000000000001 0
13.5 52.00000000000001 1
83.5 51.9999999999999 0
83.5 58.5 0