83.5 58.5 0
83.5 58.5 1
102.5 58.5 1
102.5 86.5 1
102.7928932188135 86.5 1
98.79289321881346 90.50000000000001 1
93.5 90.5 1
93.5 83.5 1
96.5 83.5 0
95 83.5 1
95 90.5 0
94 90.5 1
94 83.5 0
96 90.5 1
96 83.5 0
96.5 83.5 0
96.5 71.5 0
96.5 83.5 1
96.5 71.5 1
92.5 71.5 1
92.5 64.5 0
93 64.5 1
93 71.5 0
94 71.5 1
94 64.5 0
95 64.5 1
95 71.5 0
96 71.5 1
96 64.5 0
97 64.5 1
97 90.5 0
98 90.5 1
98 64.5 0
99 64.5 1
99 90.29289321881348 0
100 89.29289321881348 1
100 64.5 0
101 64.5 1
101 88.29289321881348 0
102 87.29289321881348 1
102 64.5 0
102.5 58.99999999999987 1
12.70710678118654 59.00000000000001 0
11.70710678118653 60.00000000000001 1
102.5 59.99999999999987 0
102.5 60.99999999999987 1
10.70710678118653 61.00000000000001 0
9.707106781186528 62.00000000000001 1
102.5 61.99999999999987 0
102.5 62.99999999999987 1
8.707106781186528 63.00000000000001 0
9.5 63.5 0
9.5 64.00000000000003 1
102.5 63.99999999999987 0
102.5 64.5 1
82.5 64.5 0
83.5 56.9999999999999 1
14.70710678118654 57.00000000000001 0
13.70710678118654 58.00000000000001 1
83.5 57.9999999999999 0
83.5 58.5 0