40.65349999999999 56.65309999999999 0
40.65349999999999 56.65309999999999 1
47.721 38.4237 0
41.5 36.56789256294516 1
41.5 0 0
44.5 0 1
44.5 37.46283265475749 0
47.5 38.35777274656982 1
47.5 0 0
50.5 0 1
50.5 100 0
53.5 100 1
53.5 0 0
56.5 0 1
56.5 100 0
59.5 100 1
59.5 0 0
62.5 0 1
62.5 100 0
65.5 100 1
65.5 0 0
68.5 0 1
68.5 100 0
71.5 100 1
71.5 0 0
74.5 0 1
74.5 70.77051496729857 0
77.5 69.42391796152469 1
77.5 0 0
80.5 0 1
80.5 68.07732095575085 0
83.5 66.730723949977 1
83.5 0 0
86.5 0 1
86.5 65.38412694420316 0
71.52029999999999 72.108 1
77.274 85.3135 0
74.5 78.94680430853191 1
74.5 100 0
77.5 100 1
77.5 85.21639218960885 0
80.5 83.92735045875312 1
80.5 100 0
83.5 100 1
83.5 82.63830872789737 0
86.5 81.34926699704161 1
86.5 100 0
89.5 100 1
89.5 80.06022526618588 0
91.9442 79.00999999999999 1
87.1771 65.08019999999999 0
89.5 71.86787645318958 1
89.5 0 0
92.28809999999999 0 1
92.28809999999999 5.441839999999999 0
92.5 5.54445362289521 1
92.5 100 0
95.5 100 1
95.5 6.997218458598987 0
97.18170000000001 7.811590000000001 1
99.42840000000001 3.67644 1
99.42840000000001 0 1
100 0 1
100 100 0
98.5 100 1
98.5 5.385200964970846 0
99.42840000000001 3.67644 0
99.42840000000001 2.020817965514227 1
98.48954258441697 1.5822 0
94.94569999999999 1.5822 1
99.42840000000001 1.5822 0
99.42840000000001 1.5 1
92.28809999999999 1.5 0
93.12450162846656 1.5822 1
92.28809999999999 2.796908451721345 0
47.5 38.99373146798726 1
47.5 100 0
44.5 100 1
44.5 46.73171519632119 0
41.5 54.46969892465511 1
41.5 100 0
38.5 100 1
38.5 56.1180903830742 0
35.5 55.37277863439654 1
35.5 100 0
32.5 100 1
32.5 69.30226264744431 0
29.5 71.60711192660551 1
29.5 100 0
26.5 100 1
26.5 72.855421870058 0
25.3399 70.31819999999999 1
26.8575 73.63730000000001 0
23.5 68.77812223308354 1
23.5 100 0
20.5 100 1
20.5 0 0
17.5 0 1
17.5 20.56496321203407 0
18.6083 21.3337 1
11.8697 32.6315 0
11.5 32.39210041484442 1
11.5 100 0
14.5 100 1
14.5 28.2215924019826 0
17.5 23.19185328703291 1
17.5 100 0
33.343 68.65459999999999 1
31.8993 65.24090000000001 0
32.5 66.66128483757012 1
32.5 0 0
29.5 0 1
29.5 63.22297410127861 0
29.3262 63.07680000000001 0
26.5 65.14121086479759 1
26.5 0 0
23.5 0 1
23.5 67.33257474364294 0
7.24628 29.6376 1
14.9919 18.8253 0
14.5 19.51195521546371 1
14.5 0 0
11.5 0 1
11.5 23.6997284343926 0
8.5 27.88750165332149 1
8.5 0 0
5.5 0 1
5.5 100 0
2.5 100 1
2.5 0 0
0 0 1
0 100 0
8.5 100 1
8.5 30.4494475734413 0
11.8697 32.6315 0
35.5 46.99005717142776 1
35.5 0 0
38.5 0 1
38.5 39.55992752971547 0
39.9007 36.0908 1
32.8505 53.5521 0
33.7906 54.9481 0
40.65349999999999 56.65309999999999 0