30.2807 78.19110000000001 0
31.28464256439656 79.5 1
100 79.5 0
100 82.5 1
33.58567984240841 82.5 0
35.88671712042024 85.5 1
100 85.5 0
100 88.5 1
31.19877218979853 88.5 0
27.4206 90.69470000000001 1
36.03360000000001 85.69149999999999 0
27.4206 90.69470000000001 0
0 91.5 1
100 91.5 0
100 94.5 1
0 94.5 0
0 97.5 1
100 97.5 0
100 100 1
0 100 0
0 88.5 1
26.31577060252311 88.5 0
25.3895 86.66 1
27.8299 84.97819999999999 0
27.07273462956356 85.5 1
0 85.5 0
0 82.5 1
25.94362621639033 82.5 0
23.66018607805242 79.5 1
0 79.5 0
0 76.5 1
100 76.5 0
100 73.5 1
0 73.5 0
0 70.5 1
100 70.5 0
100 67.5 1
0 67.5 0
0 64.5 1
100 64.5 0
100 61.5 1
0 61.5 0
0 58.5 1
100 58.5 0
100 55.5 1
0 55.5 0
0 52.5 1
100 52.5 0
100 49.5 1
0 49.5 0
0 46.5 1
100 46.5 0
100 43.5 1
0 43.5 0
0 40.5 1
100 40.5 0
100 37.5 1
0 37.5 0
0 34.5 1
100 34.5 0
100 31.5 1
0 31.5 0
0 28.5 1
100 28.5 0
100 25.5 1
0 25.5 0
0 22.5 1
100 22.5 0
100 19.5 1
0 19.5 0
0 16.5 1
100 16.5 0
100 13.5 1
0 13.5 0
0 10.5 1
100 10.5 0
100 7.5 1
0 7.5 0
0 4.5 1
100 4.5 0
100 1.5 1
0 1.5 0
30.2807 78.19110000000001 0