54.5 51.5 0
37.5 41 1
87.5 41 0
87.5 40 1
37.5 40 0
42.5 37.5 1
37.5 37.5 1
37.5 41.5 1
9.5 41.5 1
9.5 51.5 1
19.5 51.5 1
19.5 59.5 1
24.5 59.5 1
24.5 51.5 0
24 51.5 1
24 59.5 0
21 51.5 1
21 59.5 0
20 59.5 1
20 51.5 0
22 51.5 1
22 59.5 0
23 59.5 1
23 51.5 0
24.5 51.5 1
54.5 51.5 1
54.5 83.5 1
67.5 83.5 1
67.5 89.5 1
73.5 89.5 1
73.5 86.5 0
81.5 82 1
54.5 82 0
54.5 78 1
86.5 78 0
86.5 78.5 0
93.5 79 1
54.5 79 0
54.5 80 1
93.5 80 0
93.5 81 1
54.5 81 0
54.5 83 1
81.5 83 0
81.5 84 1
67.5 84 0
67.5 85 1
81.5 85 0
81.5 86 1
67.5 86 0
67.5 88 1
73.5 88 0
73.5 89 1
67.5 89 0
67.5 87 1
73.5 87 0
73.5 86.5 1
81.5 86.5 1
81.5 81.5 1
93.5 81.5 1
93.5 78.5 1
86.5 78.5 1
86.5 63.5 1
94.5 63.5 1
94.5 57.5 1
87.5 57.5 1
87.5 39.5 1
76.5 39.5 1
76.5 27.79289321881346 0
77.29289321881345 27 1
38.70710678118654 27 0
37.70710678118654 26 1
78.29289321881345 26 0
79.29289321881345 25 1
38.5 25 0
38.5 24 1
80.29289321881345 24 0
80.79289321881345 23.5 1
91.5 23.5 1
91.5 12.5 1
44.5 12.5 1
44.5 13.5 0
44.5 13 1
91.5 13 0
91.5 14 1
38.5 14 0
38.5 15 1
91.5 15 0
91.5 16 1
38.5 16 0
38.5 17 1
91.5 17 0
91.5 18 1
38.5 18 0
38.5 19 1
91.5 19 0
91.5 20 1
38.5 20 0
38.5 21 1
91.5 21 0
91.5 22 1
38.5 22 0
38.5 23 1
91.5 23 0
80.79289321881345 23.5 1
76.5 27.79289321881346 0
76.5 28 1
39.70710678118654 28 0
40.70710678118654 29 1
76.5 29 0
76.5 30 1
41.70710678118654 30 0
44.5 13.5 1
38.5 13.5 1
38.5 25.5 1
37.5 25.5 1
37.5 25.79289321881346 1
44.20710678118655 32.5 0
43.70710678118654 32 1
76.5 32 0
76.5 31 1
42.70710678118654 31 0
44.20710678118655 32.5 1
42.5 32.5 1
42.5 37.5 0
42.5 33 1
76.5 33 0
76.5 34 1
42.5 34 0
42.5 35 1
76.5 35 0
76.5 36 1
42.5 36 0
42.5 37 1
76.5 37 0
76.5 38 1
37.5 38 0
37.5 39 1
76.5 39 0
76.5 39.5 0
87.5 42 1
9.5 42 0
9.5 43 1
87.5 43 0
87.5 44 1
9.5 44 0
9.5 45 1
87.5 45 0
87.5 46 1
9.5 46 0
9.5 47 1
87.5 47 0
87.5 48 1
9.5 48 0
9.5 49 1
87.5 49 0
87.5 50 1
9.5 50 0
9.5 51 1
87.5 51 0
54.5 74 1
86.5 74 0
86.5 75 1
54.5 75 0
54.5 77 1
86.5 77 0
86.5 76 1
54.5 76 0
54.5 73 1
86.5 73 0
86.5 72 1
54.5 72 0
54.5 71 1
86.5 71 0
86.5 70 1
54.5 70 0
54.5 69 1
86.5 69 0
86.5 68 1
54.5 68 0
54.5 67 1
86.5 67 0
86.5 66 1
54.5 66 0
54.5 65 1
86.5 65 0
86.5 64 1
54.5 64 0
54.5 63 1
94.5 63 0
94.5 62 1
54.5 62 0
54.5 61 1
94.5 61 0
94.5 60 1
54.5 60 0
54.5 59 1
94.5 59 0
94.5 58 1
54.5 58 0
54.5 57 1
87.5 57 0
87.5 56 1
54.5 56 0
54.5 55 1
87.5 55 0
87.5 54 1
54.5 54 0
54.5 53 1
87.5 53 0
87.5 52 1
54.5 52 0
54.5 51.5 0
54.5 51.5 0