57.2589 50.3171 0
40.78380347456483 58.5 1
0 58.5 0
0 61.5 1
30.6736613433878 61.5 0
30.6612 61.4756 1
36.0329 60.70489999999999 1
45.614 56.25830000000001 0
48.2543 62.98350000000001 1
34.3184 68.63659999999999 0
33.73792611087838 67.5 1
0 67.5 0
0 64.5 1
32.20579372713308 64.5 0
16.3608 78.84229999999999 1
13.2799 80.13929999999999 0
13.76620892790086 82.5 1
0 82.5 0
0 79.5 1
14.79849627602158 79.5 0
0 70.5 1
59.46186830863077 70.5 0
64.1090789417849 67.5 1
37.12032176681819 67.5 0
44.5158569598981 64.5 1
68.75628957493905 64.5 0
71.2963 62.8603 1
56.1103 72.6636 0
56.62930224460213 73.5 1
0 73.5 0
0 76.5 1
58.49085979339026 76.5 0
60.3524173421784 79.5 1
18.74108193520041 79.5 0
19.59332193129485 82.5 1
62.21397489096653 82.5 0
64.07553243975465 85.5 1
17.04435462606013 85.5 0
17.6774 85.23349999999999 1
14.5965 86.53049999999999 0
14.38421493616222 85.5 1
0 85.5 0
0 88.5 1
100 88.5 0
100 91.5 1
0 91.5 0
0 94.5 1
100 94.5 0
100 97.5 1
0 97.5 0
0 100 1
100 100 0
100 85.5 1
70.84185678835979 85.5 0
75.83458694708995 82.5 1
100 82.5 0
100 79.5 1
80.8273171058201 79.5 0
81.6403 79.01150000000001 1
65.91319999999999 88.4615 0
81.6403 79.01150000000001 0
80.03181542919413 76.5 1
100 76.5 0
100 73.5 1
78.11047212343357 73.5 0
76.18912881767298 70.5 1
100 70.5 0
100 67.5 1
74.26778551191242 67.5 0
72.34644220615186 64.5 1
100 64.5 0
100 61.5 1
47.67188088235294 61.5 0
46.49408691340035 58.5 1
100 58.5 0
100 55.5 1
36.74327581116023 55.5 0
37.2063 55.233 1
33.04810000000001 57.63079999999999 0
31.60383794840901 55.5 1
0 55.5 0
0 52.5 1
29.57042976614272 52.5 0
29.3353 52.15309999999999 1
33.7454 49.47150000000001 0
33.69852953087708 49.5 1
0 49.5 0
0 46.5 1
56.6272891838636 46.5 0
56.13088289416481 43.5 1
0 43.5 0
4.75061 26.5182 1
4.75061 14.7068 0
7.75061 14.7068 1
7.75061 26.5182 0
8.825959999999998 26.5182 0
15.5974 25.3436 0
43.33077198896771 19.5 1
14.63978312650421 19.5 0
15.13140654708183 22.5 1
45.80580812633957 22.5 0
48.08013818467649 25.5 1
14.69577117657074 25.5 0
15.5974 25.3436 1
8.825959999999998 26.5182 1
0 26.5182 1
0 14.7068 0
0 13.5 1
41.96400471345994 13.5 0
46.41549999999999 11.3046 1
40.27679999999999 14.3321 0
42.04791249327596 16.5 1
14.1481597059266 16.5 0
13.8543 14.7068 1
9.250610000000002 14.7068 1
9.250610000000002 15.7266 1
13.8543 14.7068 0
0 1.5 1
100 1.5 0
99.23968436597215 4.764089999999999 1
90.85328357229156 25.2966 0
87.61269014337495 25.2966 1
95.99909093705551 4.764089999999999 0
92.7584975081389 4.764089999999999 1
84.37209671445831 25.2966 0
82.7518 25.2966 1
73.70179999999999 21.0378 0
76.80899216680754 22.5 1
59.1907862546437 22.5 0
79.10943709918044 28.5 1
51.96444380276934 28.5 0
50.91 29.3755 1
61.6086 20.4925 0
62.5162 21.814 1
66.24449999999999 19.2764 0
65.91598176229508 19.5 1
74.42963630407573 19.5 0
75.84952765030224 16.5 1
63.67194312926325 16.5 0
62.9708 15.7433 1
59.05 12.8437 1
52.4759 11.2593 0
59.05 12.8437 0
59.937440005518 13.5 1
77.26941899652877 13.5 0
78.68931034275528 10.5 1
0 10.5 0
1.75061 14.7068 1
1.75061 26.5182 0
0 28.5 1
50.22462918163797 28.5 0
55.13807031476725 37.5 1
0 37.5 0
0 40.5 1
55.63447660446603 40.5 0
57.12369547356238 49.5 1
33.76251978651393 49.5 0
35.56460257745378 52.5 1
100 52.5 0
98.92719507930204 50.3171 1
96.06357108883927 27.4443 0
93.04015077774233 27.4443 1
95.9037747682051 50.3171 0
100 34.73682973752481 1
99.08699139993621 27.4443 0
97.33447043012484 25.2966 1
100 18.77055695779309 0
94.0938770012082 25.2966 1
100 10.83657924529178 0
90.02073206747815 7.5 1
88.57807622682864 7.5 0
89.8263 7.97603 1
81.4041 4.764089999999999 0
80.10920168898181 7.5 1
30.84204782329083 7.5 0
35.5622 6.363020000000001 1
25.8792 8.695440000000001 0
26.30694068559875 7.5 1
0 7.5 0
0 4.5 1
100 4.5 0
100 4.764089999999999 1
100 25.2966 0
100 25.5 1
55.57761502870652 25.5 0
61.00155730145505 31.5 1
0 31.5 0
0 34.5 1
54.64166402506847 34.5 0
54.3282 32.6056 1
85.48159999999999 27.4443 1
100 27.4443 1
100 50.3171 1
88.34522399046278 50.3171 0
88.24292487699145 49.5 1
62.90491158911921 49.5 0
89.85693414601124 50.3171 1
86.99331015554847 27.4443 0
90.01673046664541 27.4443 1
92.88035445710818 50.3171 0
83.63436302389789 46.5 1
87.8673315096998 46.5 0
87.792 45.89830000000001 1
57.2589 50.3171 0
57.2589 50.3171 0