21.4019 8.38808
14.6383 1.92904
1.43875 16.3819
8.4097 22.6706

18.2089 56.3307
16.9998 54.4544
10.6539 58.2199
10.9534 59.0261

63.0995 8.93268
50.2815 1.72636
47.2779 5.83007
36.3511 0.527305
33.3413 6.52837
45.362 13.8459
47.933 9.7484
59.9969 15.4344

53.7377 46.0961
52.6559 39.4107
51.5501 39.3786
51.4314 38.086
44.8394 39.0924
46.4682 54.2835
53.0602 53.2772
52.4272 46.3835

58.1334 38.7079
51.4183 33.6671
48.2391 37.5595

60.7807 74.7851
51.8828 72.5024
50.6655 77.9158
59.2342 79.8293

66.8238 32.3356
66.5608 27.6691
63.1277 27.8596
63.1977 32.2221

90.2816 8.04159
75.2392 2.68645
69.2613 16.1411
85.5195 21.6361

95.0346 76.2889
76.3831 73.6959
75.2576 74.9472
75.2724 82.0187
94.6732 84.4417

93.1809 56.7724
92.5061 40.3818
81.7513 36.5935
82.8977 56.9287

98.0237 66.4593
85.4783 67.6471
84.9553 71.1991
97.4426 71.8214