38.4344 69.2893 0
38.4344 69.2893 1
25.9094 70.70779999999999 1
16.4572 69.87100000000001 0
16.45685159746856 70.5 1
0 70.5 0
0 73.5 1
16.45518990018032 73.5 0
0 100 1
100 100 0
100 97.5 1
0 97.5 0
0 94.5 1
100 94.5 0
100 91.5 1
0 91.5 0
0 88.5 1
100 88.5 0
100 85.5 1
0 85.5 0
0 82.5 1
100 82.5 0
100 79.5 1
31.4826135010172 79.5 0
30.8089 79.58619999999999 0
29.80270300837466 79.5 1
0 79.5 0
0 76.5 1
16.45352820289206 76.5 0
16.4525 78.3563 1
30.8089 79.58619999999999 1
39.2608 78.50479999999999 0
39.081019551842 76.5 1
100 76.5 0
100 73.5 1
38.81199453963431 73.5 0
38.54296952742662 70.5 1
100 70.5 0
100 67.5 1
0 67.5 0
0 64.5 1
100 64.5 0
100 61.5 1
0 61.5 0
0 58.5 1
100 58.5 0
100 55.5 1
0 55.5 0
0 52.5 1
100 52.5 0
100 49.5 1
0 49.5 0
0 46.5 1
100 46.5 0
100 43.5 1
0 43.5 0
0 40.5 1
100 40.5 0
100 37.5 1
0 37.5 0
0 34.5 1
100 34.5 0
100 31.5 1
0 31.5 0
0 28.5 1
78.71865985182967 28.5 0
78.9682 28.8275 1
82.71809999999999 29.5909 0
82.80532048722901 28.5 1
100 28.5 0
100 25.5 1
83.0451788259283 25.5 0
83.09059999999999 24.9319 1
77.20439999999999 24.1368 0
77.02026228630891 25.5 1
0 25.5 0
0 22.5 1
100 22.5 0
100 19.5 1
0 19.5 0
0 16.5 1
100 16.5 0
100 13.5 1
0 13.5 0
0 10.5 1
100 10.5 0
100 7.5 1
0 7.5 0
0 4.5 1
100 4.5 0
100 1.5 1
0 1.5 0
23.56216391013384 70.5 1
27.74422199506521 70.5 0
38.4344 69.2893 0