20.6614 51.8334
15.4461 42.9491
11.1571 39.3932
7.05665 43.5291
13.475 47.6101
18.3984 54.1354

22.1301 82.0837
17.0563 76.806
16.4269 87.5803
20.4959 88.7817

35.6854 14.4419
29.0175 14.3632
28.5214 21.2681
27.1816 21.3386
27.1622 28.1109
28.2481 28.3224
28.1551 29.6171
34.823 29.6958

34.2526 83.3483
28.435 80.835
27.2144 83.6146
32.8709 86.3059

64.0771 40.7962
50.9681 17.2302
44.3053 18.7771
35.6867 24.1042
38.2377 35.0919
51.0163 26.4584
54.3708 32.9479
40.0538 41.3226
45.5458 52.2436

65.7793 24.4064
61.3961 23.3414
59.3626 28.7904
63.9235 30.0167

68.5463 18.6357
65.7773 15.346
62.7292 17.7809
65.6512 20.9419

86.0351 13.5537
66.6151 6.62901
65.5915 10.1322
85.3156 16.4264

53.6513 9.68829
48.2694 9.33654
47.8603 14.613
52.9648 14.7058

44.8894 93.3176
38.9314 90.8736
36.0533 97.4657
42.131 99.9008

64.3787 70.9874
59.3194 64.6838
45.9499 75.976
51.386 81.8128

80.2355 92.0842
72.4661 74.085
53.7411 81.6021
61.1241 99.2288

94.5126 46.8876
89.0985 46.4322
74.6477 59.4355
74.0944 61.8705
92.9502 63.6294

99.818 14.0558
92.3231 13.7139
91.4909 20.6994
99.2819 21.2469

86.5313 19.9133
79.2813 19.0662
78.0259 30.3204
75.8719 39.0663
85.0483 40.5953