41.71299999999999 52.2516 0
41.62085841452613 52.5 1
100 52.5 0
98.5 47.7239 1
98.5 28.3075 0
100 28.3075 1
90.40639999999999 28.3075 0
92.21564310669282 28.3075 1
94.16380000000001 31.19618933714046 0
94.16380000000001 36.12987445884819 1
83.80186472816541 47.7239 0
87.82539418449619 47.7239 1
94.16380000000001 40.6318233765446 0
94.16380000000001 45.133772294241 1
91.848923640827 47.7239 0
94.16380000000001 47.7239 1
94.16380000000001 33.8789 1
94.16380000000001 28.3075 0
95.5 28.3075 1
95.5 47.7239 0
81.7901 47.7239 0
79.43276518757617 43.5 1
11.11243977388988 43.5 0
9.176739999999999 42.9464 1
0 42.9464 1
0 54.96120000000001 0
0 55.5 1
100 55.5 0
100 58.5 1
57.01134848731498 58.5 0
55.7884 58.2129 0
54.89295712606302 61.5 1
0 61.5 0
0 64.5 1
63.93500658086809 64.5 0
70.91174831179447 73.5 1
100 73.5 0
100 76.5 1
81.82763940902302 76.5 0
81.21865257703968 79.5 1
100 79.5 0
100 82.5 1
80.60966574505633 82.5 0
80.15389999999999 84.74520000000001 1
61.547 80.52959999999999 0
70.24399111870198 82.5 1
42.05785117791075 82.5 0
41.63703380233042 85.5 1
100 85.5 0
100 88.5 1
38.94622633276146 88.5 0
37.5937 87.5788 1
41.5908 85.8296 0
42.47866855349106 79.5 1
61.84095095674169 79.5 0
62.69745141344825 76.5 1
42.89948592907139 76.5 0
42.9716 75.98589999999999 1
33.8653 81.24870000000001 0
34.60230998720399 82.5 1
0 82.5 0
0 79.5 1
36.89110124838489 79.5 0
42.08204523257581 76.5 1
0 76.5 0
0 73.5 1
26.07054450147955 73.5 0
24.0804 75.73140000000001 1
31.7326 72.89779999999999 0
30.10634546866176 73.5 1
63.5539518701548 73.5 0
63.985 71.99019999999999 1
81.94829999999999 75.90559999999999 0
76.03894251315774 67.5 1
0 67.5 0
0 70.5 1
100 70.5 0
100 67.5 1
85.77634355374252 67.5 0
84.82640000000001 69.678 1
54.69929999999999 62.2109 0
57.2436 88.9803 1
64.74279999999999 90.82230000000001 0
64.54805098891677 91.5 1
100 91.5 0
100 94.5 1
63.63070974754774 94.5 0
62.4331 97.34059999999999 1
55.9148 95.03100000000001 0
56.03141341662948 94.5 1
46.73471243718394 94.5 0
45.86593693662471 97.5 1
100 97.5 0
100 100 1
0 100 0
0 97.5 1
44.05540422218104 97.5 0
45.6722 98.16900000000001 1
36.5483 94.3937 0
36.80519894048156 94.5 1
0 94.5 0
0 91.5 1
35.95747802248222 91.5 0
35.3449522138105 88.5 1
0 88.5 0
0 85.5 1
36.36929629073791 85.5 0
35.03530000000001 86.98339999999999 1
47.51049999999999 91.8211 0
46.68246462781902 91.5 1
56.69024627894294 91.5 0
40.7079 54.96120000000001 1
9.16966 54.1361 1
9.16966 54.96120000000001 1
40.7079 54.96120000000001 0
41.71299999999999 52.2516 0