41.71299999999999 52.2516 0
41.71299999999999 52.2516 1
9.176739999999999 42.9464 0
7.676740000000001 42.9464 1
7.676740000000001 54.96120000000001 0
4.676740000000001 54.96120000000001 1
4.676740000000001 42.9464 0
0 37.5 1
81.40774773866761 37.5 0
77.6232 40.2576 0
69.79032954598756 61.5 1
100 61.5 0
100 64.5 1
82.56931060466016 64.5 0
86.66540000000001 65.4616 1
55.7884 58.2129 0
55.71019074287143 58.5 1
0 58.5 0
1.676740000000001 54.96120000000001 1
1.676740000000001 42.9464 0
0 40.5 1
77.75848207545906 40.5 0
77.6232 40.2576 1
82.96090000000001 36.3683 0
84.68658822573443 34.5 1
0 34.5 0
0 31.5 1
87.45759110386066 31.5 0
90.2285939819869 28.5 1
57.29596196299779 28.5 0
57.8395 28.4372 1
52.3193 29.075 0
52.57129917233121 28.5 1
0 28.5 0
0 25.5 1
53.8860774627549 25.5 0
55.2008557531786 22.5 1
0 22.5 0
0 19.5 1
18.01352441679387 19.5 0
15.22773413972278 16.5 1
0 16.5 0
0 13.5 1
16.81237060119417 13.5 0
14.4999 15.7162 1
20.4678 9.996749999999999 0
19.94268907587268 10.5 1
0 10.5 0
0 1.5 1
100 1.5 0
100 4.5 1
0 4.5 0
0 7.5 1
100 7.5 0
100 10.5 1
20.89125032317919 10.5 0
23.41554435107304 13.5 1
87.08295777037634 13.5 0
87.73589999999999 13.3412 1
69.74051610723598 17.7178 1
57.46445581655689 17.7178 1
57.8707987909771 25.7424 0
57.97708678531058 25.7424 1
57.85487674225423 25.42796593758296 0
57.70304297442021 25.7424 1
57.8395 28.4372 0
60.26497474474212 25.5 1
100 25.5 0
100 22.5 1
68.66317703115456 22.5 0
77.06137931756697 19.5 1
100 19.5 0
85.45958160397942 16.5 1
100 16.5 0
100 13.5 1
87.79073204827355 13.5 0
88.45689999999999 15.4293 1
59.5864 25.7424 1
57.70304297442021 25.7424 1
57.2967 17.7178 1
57.46445581655689 17.7178 0
57.53658112629252 19.14215527851872 1
63.39314102133187 17.7178 0
74.74777710997967 16.5 1
25.9398383789669 16.5 0
25.9549 16.5179 0
23.10480147079522 19.5 1
56.51563404360229 19.5 0
21.60214230580752 46.5 1
81.1070482996933 46.5 0
81.7901 47.7239 1
100 47.7239 0
100 49.5 1
32.09184483772515 49.5 0
41.71299999999999 52.2516 0