16.5578 9.20937
4.45243 4.92192
0.43065 17.7483
12.6119 21.8081

40.7198 55.4393
30.9441 51.0572
36.5852 64.3111

59.3757 81.9408
55.1045 66.306
41.9219 81.6446
51.3611 90.2557

65.1874 72.7918
63.0759 71.67
60.5394 70.6293
58.5481 75.1091
63.5355 77.2745

75.2778 28.5043
68.2483 23.6366
63.2376 41.5164
69.0649 44.8632
72.1988 34.347

57.5153 23.3544
54.4158 16.6579
53.5833 16.8737
55.5254 24.3661

62.7808 49.973
54.6529 57.0736
56.647 60.8184
62.5708 57.291

95.2594 22.8782
90.4896 23.5483
85.8704 25.1113
80.8158 29.6036
77.3924 34.6046
76.3725 41.3729
81.1592 41.0023
81.6094 41.8783
89.3857 41.2387
90.7005 41.4649
94.794 41.2337
93.6106 27.3783
95.2137 27.3879

94.8843 74.4744
80.0057 66.3185
76.8686 72.9108
84.673 77.4121
91.2025 80.627

90.9798 81.0152
79.244 76.6093
78.1794 81.018
89.7119 85.0255