43.10760000000001 51.0474 0
40.5 61.74138997083047 1
40.5 100 0
37.5 100 1
37.5 69.90430324927624 0
34.5 69.06639566128294 1
34.5 100 0
31.5 100 1
31.5 68.22848807328967 0
27.9444 67.2354 0
28.5 64.1427451841723 1
28.5 0 0
31.5 0 1
31.5 47.70892876966249 0
31.4547 47.69589999999999 1
27.9444 67.2354 0
28.5 67.39058048529637 1
28.5 100 0
25.5 100 1
25.5 0 0
22.5 0 1
22.5 100 0
19.5 100 1
19.5 0 0
16.5 0 1
16.5 100 0
13.5 100 1
13.5 0 0
10.5 0 1
10.5 100 0
7.5 100 1
7.5 0 0
4.5 0 1
4.5 100 0
1.5 100 1
1.5 0 0
40.5 0 1
40.5 50.29742605360039 0
37.5 49.43459362562109 1
37.5 0 0
34.5 0 1
34.5 48.57176119764179 0
43.10760000000001 51.0474 0