48.03 50.1375 0
82.5 31.81312533867217 1
82.5 100 0
79.5 100 1
79.5 0 0
82.5 0 1
82.5 26.60239398506983 0
86.07820000000001 17.7242 1
88.49520000000001 21.402 0
85.5 24.00011516948244 1
85.5 0 0
88.5 0 1
88.5 15.99826451236931 0
91.5 13.86026531223219 1
91.5 0 0
94.5 0 1
94.5 11.72226611209507 0
94.8297 11.4873 1
98.91720000000001 16.581 0
97.5 14.81493476697248 1
97.5 0 0
100 0 1
100 100 0
97.5 100 1
97.5 17.86047488615884 0
94.5 20.56893146143158 1
94.5 100 0
91.5 100 1
91.5 28.68747241351332 0
94.1267 26.7182 1
91.64830000000001 23.1435 0
94.1267 26.7182 0
88.5 30.9366128713273 1
88.5 100 0
85.5 100 1
85.5 33.18575332914126 0
84.26679999999999 34.1103 1
80.09610000000001 28.6876 0
49.5 28.24573618649615 1
49.5 56.60539976133651 0
49.7898 57.8805 0
46.5 58.12977309258044 1
46.5 100 0
49.5 100 1
49.5 57.90245858174656 0
49.7898 57.8805 1
48.03 50.1375 0
48.03 50.1375 0