48.03 50.1375 0
47.4953 42.08 0
46.5 42.20414597234499 1
46.5 27.94312905236908 0
37.5 29.91551355020254 1
37.5 0 0
40.5 0 1
40.5 30.09215171819897 0
40.399 29.9693 1
41.6183 31.4524 1
41.5273 35.87690000000001 0
40.5 35.67335333176162 1
40.5 100 0
43.5 100 1
43.5 58.35708760341431 0
42.9363 58.3998 1
41.2411 51.1627 0
37.5 35.07894078945152 1
37.5 100 0
34.5 100 1
34.5 34.41767561716674 0
34.00920000000001 34.2903 1
33.9312 29.8493 0
34.5 29.85985320201614 1
34.5 0 0
31.5 0 1
31.5 100 0
28.5 100 1
28.5 0 0
25.5 0 1
25.5 100 0
22.5 100 1
22.5 0 0
19.5 0 1
19.5 100 0
16.5 100 1
16.5 0 0
13.5 0 1
13.5 100 0
10.5 100 1
10.5 0 0
7.5 0 1
7.5 100 0
4.5 100 1
4.5 0 0
1.5 0 1
1.5 100 0
76.5 100 1
76.5 0 0
73.5 0 1
73.5 100 0
70.5 100 1
70.5 0 0
67.5 0 1
67.5 100 0
64.5 100 1
64.5 0 0
61.5 0 1
61.5 100 0
52.5 100 1
52.5 0 0
55.5 0 1
55.5 100 0
58.5 100 1
58.5 0 0
49.5 0 1
49.5 20.74454233169644 0
47.2572 18.3834 1
42.6219 23.798 1
48.3963 29.97 1
52.3685 23.7644 1
47.2572 18.3834 0
46.5 19.26790264707786 1
46.5 0 0
43.5 0 1
43.5 22.77227129635622 0
42.6219 23.798 0
43.5 24.73656213632585 1
43.5 42.5783426135938 0
47.4953 42.08 1
48.03 50.1375 0
48.03 50.1375 0