10.3405 17.5846
0.895396 14.4213
6.42721 20.7381

14.6159 25.1248
11.4269 20.9424
6.42979 23.668
9.07062 28.1927

17.1441 66.5972
14.4394 61.7793
10.3733 64.5879
13.0779 69.4059

30.313 52.2253
25.1846 47.5753
14.6987 60.0814
19.9458 64.7492

42.5889 30.2516
40.5302 26.1332
34.302 29.3534
36.32 33.3805

65.6343 18.7663
54.0455 2.26961
39.3317 13.0599
62.3347 20.7046

68.9738 9.97125
67.1229 9.65164
66.9339 7.27722
63.2576 6.80578
63.8152 15.5612
68.6861 15.422

48.9147 71.545
44.211 70.0872
46.4723 57.3973
39.0856 55.904
35.465 69.9176
40.3325 71.1629
38.1376 82.8876
45.2038 84.2693

57.8464 57.7212
54.287 55.5692
52.1975 58.2308
55.9286 60.7956

65.7808 34.2859
59.0556 24.7307
54.1837 28.1534
60.2811 37.4723

76.1174 70.2645
71.4245 55.7249
65.1763 58.0545
67.202 64.6742
65.9777 65.2229
68.4002 71.547
69.4894 71.353
69.8692 72.5941

75.7553 39.698
65.8509 38.6409
66.0561 48.0913
67.921 51.31
72.179 51.4781
72.0454 44.0665
75.0079 44.153

91.9346 18.7527
90.2294 14.8846
87.0801 15.3832
86.065 12.3797
82.5901 13.3049
83.7789 17.3188
82.3023 18.0144
83.934 24.1896
85.3151 23.3536
85.9099 24.0779
90.5527 22.154
89.4756 20.116