53.41200000000001 34.0629 0
53.89579626042726 31.5 1
0 31.5 0
0 28.5 1
54.46210348321465 28.5 0
53.41200000000001 34.0629 0
53.41200000000001 34.0629 1
70.81700000000001 37.3198 0
71.34822228789795 34.5 1
100 34.5 0
100 31.5 1
71.91339246439765 31.5 0
72.1875 30.045 1
54.80370000000001 26.6904 0
64.18118896440708 28.5 1
100 28.5 0
100 25.5 1
0 25.5 0
0 22.5 1
100 22.5 0
100 19.5 1
0 19.5 0
0 16.5 1
100 16.5 0
100 13.5 1
0 13.5 0
0 10.5 1
100 10.5 0
100 7.5 1
0 7.5 0
0 4.5 1
100 4.5 0
100 1.5 1
0 1.5 0
56.79830098077788 76.5 1
69.24886040996807 76.5 0
68.55567592433877 79.5 1
59.38479334735524 79.5 0
60.0322 77.4529 1
47.9559 73.89449999999999 0
47.06924328026656 76.5 1
0 76.5 0
0 79.5 1
46.04833744292237 79.5 0
45.02743160557819 82.5 1
0 82.5 0
0 85.5 1
44.00652576823398 85.5 0
0 100 1
100 100 0
100 97.5 1
0 97.5 0
0 94.5 1
100 94.5 0
100 91.5 1
0 91.5 0
0 88.5 1
51.61152588198726 88.5 0
43.8197 86.04900000000001 1
56.09269999999999 89.90960000000001 0
56.53849376560406 88.5 1
100 88.5 0
100 85.5 1
57.48726029285444 85.5 0
58.43602682010484 82.5 1
73.4194808502065 82.5 0
68.11859999999999 81.39160000000001 1
77.61369999999999 83.37700000000001 0
77.81146272598698 82.5 1
100 82.5 0
100 79.5 1
78.48796007828003 79.5 0
79.16445743057307 76.5 1
100 76.5 0
100 73.5 1
79.84095478286611 73.5 0
80.51745213515915 70.5 1
100 70.5 0
100 67.5 1
81.19394948745216 67.5 0
81.72730000000001 65.13480000000001 1
72.35130000000001 63.0731 0
72.0215983524852 64.5 1
0 64.5 0
0 67.5 1
71.3284138668559 67.5 0
70.63522938122662 70.5 1
0 70.5 0
0 73.5 1
69.94204489559735 73.5 0
72.35130000000001 63.0731 0
78.84041791240239 64.5 1
100 64.5 0
100 61.5 1
0 61.5 0
0 58.5 1
100 58.5 0
100 55.5 1
0 55.5 0
0 52.5 1
100 52.5 0
100 49.5 1
0 49.5 0
0 46.5 1
100 46.5 0
100 43.5 1
0 43.5 0
0 40.5 1
100 40.5 0
100 37.5 1
0 37.5 0
0 34.5 1
55.74787936381222 34.5 0
53.41200000000001 34.0629 0