47.85899999999999 56.2465 0
45.43605901144421 55.5 1
100 55.5 0
92.70402102386876 65.33760000000001 1
99.9306 66.35899171893752 0
99.9306 67.87389999999999 1
99.58369999999999 71.70009999999999 1
81.7022 69.63499999999999 0
89.19215084983779 70.5 1
19.67329054908907 70.5 0
19.7417 70.60890000000001 1
14.9843 73.24969999999999 0
0 76.5 1
100 76.5 0
100 73.5 1
0 73.5 0
0 70.5 1
13.11231628697653 70.5 0
11.6403 68.33779999999999 1
10.5082 68.45760000000001 0
9.895564922290824 67.5 1
0 67.5 0
0 64.5 1
9.613463201953795 64.5 0
8.404730000000001 65.16970000000001 1
14.28 61.9145 0
15.90417479642068 64.5 1
38.07276940517517 64.5 0
38.65077413425902 61.5 1
0 61.5 0
0 58.5 1
39.2287788633429 58.5 0
37.49476467609129 67.5 1
17.78873267275488 67.5 0
19.7417 70.60890000000001 0
23.9832777817789 85.5 1
100 85.5 0
100 79.5 1
0 79.5 0
0 82.5 1
100 82.5 0
100 100 1
0 100 0
0 97.5 1
100 97.5 0
100 94.5 1
0 94.5 0
0 91.5 1
27.99090058981352 91.5 0
30.7163 92.5676 1
19.2033 88.05770000000001 0
20.33241592274774 88.5 1
0 88.5 0
0 85.5 1
20.33949505391767 85.5 0
20.9376 84.15360000000001 1
31.6167 88.87450000000001 0
30.76954734902243 88.5 1
100 88.5 0
100 91.5 1
30.97658730334949 91.5 0
37.32250000000001 68.39410000000001 1
43.8977 69.75030000000001 0
44.55781888431405 67.5 1
71.7575778629612 67.5 0
70.81049999999999 67.15459999999999 1
75.38849999999999 68.82419999999999 0
75.99738313840942 67.5 1
81.84304620933588 67.5 0
81.98570000000001 65.33760000000001 1
99.9306 65.33760000000001 1
100 65.33760000000001 1
100 71.70009999999999 1
99.9306 71.70009999999999 1
99.58369999999999 71.70009999999999 0
99.9306 71.70009999999999 1
99.9306 65.33760000000001 0
100 64.5 1
77.37681933779641 64.5 0
77.6688 63.86499999999999 0
76.49323704094184 61.5 1
100 61.5 0
100 58.5 1
47.19794240510079 58.5 0
46.3179012315052 61.5 1
72.65090203298811 61.5 0
71.67449236670504 64.5 1
45.43786005790963 64.5 0
47.85899999999999 56.2465 0