47.85899999999999 56.2465 0
55.1311 29.5125 1
50.29430000000001 29.7623 0
0 1.5 1
100 1.5 0
100 4.5 1
0 4.5 0
0 7.5 1
100 7.5 0
100 10.5 1
0 10.5 0
0 13.5 1
100 13.5 0
100 16.5 1
0 16.5 0
0 19.5 1
100 19.5 0
100 22.5 1
0 22.5 0
0 25.5 1
49.81295465461434 25.5 0
50.15174733372116 28.5 1
0 28.5 0
0 31.5 1
64.13605452854767 31.5 0
65.13174513718775 28.5 1
55.14492061820297 28.5 0
55.18587059806364 25.5 1
66.12743574582782 25.5 0
66.15880000000001 25.4055 0
71.78248525192615 28.5 1
100 28.5 0
100 25.5 1
66.33053638917661 25.5 0
66.15880000000001 25.4055 1
78.9667 32.4532 0
77.23443411467571 31.5 1
100 31.5 0
100 34.5 1
77.92262981125418 34.5 0
76.39233346269182 37.5 1
100 37.5 0
100 40.5 1
74.86203711412946 40.5 0
74.3399 41.5236 1
62.10769999999999 37.6114 0
62.1446733112675 37.5 1
0 37.5 0
0 34.5 1
63.14036391990759 34.5 0
62.10769999999999 37.6114 0
71.13942969684575 40.5 1
39.16170106358733 40.5 0
38.5273 40.38209999999999 0
38.49710970087961 40.5 1
0 40.5 0
0 55.5 1
37.12748556527409 55.5 0
39.6203 56.4679 1
34.8796 54.6272 0
35.42430571915958 52.5 1
0 52.5 0
0 49.5 1
36.19250671458958 49.5 0
36.96070771001959 46.5 1
0 46.5 0
0 43.5 1
37.7289087054496 43.5 0
38.5273 40.38209999999999 1
45.6101 41.69840000000001 0
45.28420365900121 43.5 1
100 43.5 0
100 46.5 1
44.74152547128118 46.5 0
44.19884728356116 49.5 1
100 49.5 0
100 52.5 1
43.65616909584115 52.5 0
43.23609999999999 54.8222 1
47.85899999999999 56.2465 0
47.85899999999999 56.2465 0