54.66370000000001 53.7491 0
54.66370000000001 53.7491 1
60.523 46.658 0
58.3006 39.85469999999999 1
57.0917 35.25620000000001 0
54.209 30.9849 1
55.6861 35.5913 0
56.5 35.39726336795674 1
56.5 11.18197145261552 0
53.5 9.113903025497866 1
53.5 31.17606985736072 0
50.5 31.98496911276577 1
50.5 0 0
47.5 0 1
47.5 37.07993916797278 0
48.63549999999999 37.41932210483522 1
48.63549999999999 32.4877 1
49.8623 38.3216 1
54.6202 40.8755 0
56.46218688215518 40.3646043882991 1
58.3006 41.71670702802224 0
58.3006 45.02348549542369 1
48.63549999999999 37.91506840660958 1
48.63549999999999 37.41932210483522 1
49.8623 38.3216 0
44.5 34.87352110024018 1
44.5 0 0
41.5 0 1
41.5 33.20650951876058 0
38.5 35.92018709942872 1
38.5 0 0
35.5 0 1
35.5 47.70895692082111 0
32.7756 46.8439 0
32.5 47.32900773562768 1
32.5 0 0
29.5 0 1
29.5 52.60957089558076 0
32.7756 46.8439 1
28.9401 53.5951 1
27.4219 61.5917 0
29.5 62.21816711313618 1
29.5 100 0
26.5 100 1
26.5 0 0
23.5 0 1
23.5 100 0
20.5 100 1
20.5 0 0
17.5 0 1
17.5 100 0
14.5 100 1
14.5 0 0
11.5 0 1
11.5 100 0
8.5 100 1
8.5 0 0
5.5 0 1
5.5 100 0
2.5 100 1
2.5 0 0
0 0 1
0 100 0
33.2379 63.345 0
35.5 54.29006297532072 1
35.5 100 0
32.5 100 1
32.5 63.12255156980743 0
33.2379 63.345 1
34.755 55.8484 1
38.2316 48.5763 0
38.5 40.98609010801978 1
38.5 100 0
41.5 100 1
41.5 43.35491838842221 0
44.5 45.72374666882463 1
44.5 100 0
47.5 100 1
47.5 48.09257494922706 0
50.5 50.46140322962947 1
50.5 100 0
53.5 100 1
53.5 52.83023151003189 0
54.66370000000001 53.7491 0