48.46210000000001 54.01609999999999 0
47.13593390207392 52.5 1
100 52.5 0
100 55.5 1
46.54191865232876 55.5 0
31.01379939088605 67.5 1
44.05563316087479 67.5 0
42.00334126598651 64.5 1
34.89582920624673 64.5 0
38.7778590216074 61.5 1
100 61.5 0
100 58.5 1
42.65988883696808 58.5 0
47.49387250711645 67.5 1
100 67.5 0
100 64.5 1
42.93982993584569 64.5 0
41.2351 63.377 1
55.5269 72.79179999999999 0
55.04246681420555 73.5 1
100 73.5 0
100 70.5 1
52.04791507838722 70.5 0
100 100 1
0 100 0
0 97.5 1
100 97.5 0
100 94.5 1
0 94.5 0
0 91.5 1
100 91.5 0
100 88.5 1
10.05338246192893 88.5 0
10.1133 88.107 1
4.43835 85.9855 0
3.98452 88.333 0
9.632739999999998 91.25899999999999 1
3.98452 88.333 0
4.306889357484621 88.5 1
0 88.5 0
0 85.5 1
100 85.5 0
100 82.5 1
0 82.5 0
0 79.5 1
100 79.5 0
100 76.5 1
52.990363513749 76.5 0
51.6015 78.53039999999999 0
50.21250884553962 76.5 1
0 76.5 0
0 73.5 1
48.16021695065133 73.5 0
46.10792505576306 70.5 1
27.13176957552537 70.5 0
24.0101 72.91239999999999 1
48.46210000000001 54.01609999999999 0
48.46210000000001 54.01609999999999 0