46.83920000000001 47.0733 0
46.89780956136028 46.5 1
100 46.5 0
100 13.5 1
0 13.5 0
0 16.5 1
100 16.5 0
100 19.5 1
0 19.5 0
0 22.5 1
100 22.5 0
100 25.5 1
0 25.5 0
0 28.5 1
100 28.5 0
100 31.5 1
0 31.5 0
0 34.5 1
100 34.5 0
100 37.5 1
0 37.5 0
43.3664 8.728750000000002 1
50.71599999999999 5.907299999999999 1
42.2389 3.26023 0
46.20919707072348 4.5 1
100 4.5 0
100 1.5 1
0 1.5 0
0 4.5 1
42.49451590247453 4.5 0
43.11305620222656 7.5 1
0 7.5 0
0 10.5 1
100 10.5 0
100 7.5 1
46.56717300678729 7.5 0
35.25920000000001 41.8678 1
35.5934 43.2268 1
47.2748 42.8124 0
47.20450532985988 43.5 1
100 43.5 0
100 40.5 1
0 40.5 0
0 43.5 1
31.06922736797038 43.5 0
31.56686002719923 46.5 1
0 46.5 0
0 49.5 1
32.24279851309889 49.5 0
35.4614 54.2372 0
36.99581297869031 55.5 1
0 55.5 0
0 52.5 1
34.28109211706396 52.5 0
35.4614 54.2372 1
39.3673 57.4517 1
44.2711 59.467 1
46.24720000000001 59.5745 1
47.9318 60.21980000000001 0
47.90610489438434 58.5 1
100 58.5 0
100 55.5 1
47.86128263781556 55.5 0
82.71549999999999 68.39500000000001 1
78.48220000000001 70.73570000000001 0
78.90847795531252 70.5 1
19.64662244708281 70.5 0
20.0343 71.10669999999999 1
13.0242 75.37880000000001 0
11.82366966960484 73.5 1
0 73.5 0
0 70.5 1
9.906706186964083 70.5 0
8.76164 68.708 1
15.7717 64.4359 0
15.66651874347511 64.5 1
0 64.5 0
0 67.5 1
10.74383903092156 67.5 0
8.76164 68.708 0
0 82.5 1
69.11216475831313 82.5 0
72.74551889990798 85.5 1
0 85.5 0
0 88.5 1
76.37887304150283 88.5 0
80.01222718309768 91.5 1
0 91.5 0
0 94.5 1
83.64558132469253 94.5 0
83.8023 94.6294 0
86.50518635782518 91.5 1
100 91.5 0
100 97.5 1
0 97.5 0
0 100 1
100 100 0
100 94.5 1
83.91406375493787 94.5 0
83.8023 94.6294 1
64.98310000000001 79.0907 0
65.47881061671825 79.5 1
0 79.5 0
0 76.5 1
67.97606789262275 76.5 0
64.98310000000001 79.0907 1
71.4256 73.51410000000001 1
89.815 87.6679 0
89.09630896071249 88.5 1
100 88.5 0
100 85.5 1
86.99834438384039 85.5 0
87.46694615965751 70.5 1
100 70.5 0
100 67.5 1
87.6452137290519 67.5 0
86.39230000000001 65.00470000000001 1
82.1147 67.08080000000001 0
82.30634157662456 67.5 1
17.72964097559513 67.5 0
15.81265950410745 64.5 1
100 64.5 0
100 61.5 1
0 61.5 0
0 58.5 1
41.91811305016623 58.5 0
16.10712780599705 73.5 1
79.84539522714982 73.5 0
79.2028124418884 79.5 1
100 79.5 0
100 82.5 1
83.10057841286439 82.5 0
81.03530000000001 75.91290000000001 1
86.5214 73.58019999999999 0
86.54601944094688 73.5 1
100 73.5 0
100 76.5 1
75.3050464709124 76.5 0
46.82887870461994 52.5 1
100 52.5 0
100 49.5 1
46.83458454539613 49.5 0
46.83920000000001 47.0733 0