60.5 43.5 0
61 53.5 1
61 12.5 0
62 12.5 1
62 53.5 0
63 53.5 1
63 12.5 0
64 12.5 1
64 53.5 0
65 53.5 1
65 12.5 0
66 12.5 1
66 53.5 0
67 53.5 1
67 12.5 0
68 12.5 1
68 53.5 0
68.5 39.5 0
79 39.5 1
79 30.5 0
80 30.5 1
80 39.5 0
82 39.5 1
82 30.5 0
83 30.5 1
83 55.5 0
84 55.5 1
84 30.5 0
85 30.5 1
85 55.5 0
86 55.5 1
86 30.5 0
81 30.5 1
81 39.5 0
78 39.5 1
78 30.5 0
77 30.5 1
77 39.5 0
76 39.5 1
76 30.5 0
75 30.5 1
75 39.5 0
74 39.5 1
74 30.5 0
73 30.5 1
73 39.5 0
72 39.5 1
72 30.5 0
71 30.5 1
71 39.5 0
70 39.5 1
70 30.5 0
69 30.5 1
69 39.5 0
68.5 39.5 0
60.5 43.5 0