60.5 43.5 0
60.5 43.5 1
60.5 53.5 1
68.5 53.5 1
68.5 39.5 1
82.5 39.5 1
82.5 53.5 0
82.5 55 1
79.5 55 0
79.5 54 1
82.5 54 0
82.5 53.5 1
79.5 53.5 1
79.5 55.5 1
86.5 55.5 1
86.5 59.5 0
86.5 60 1
57.5 60 0
69 70.5 1
69 72.5 0
69.5 70 1
61.70710678118654 70 0
60.70710678118654 69 1
69.5 69 0
69.5 68 1
59.70710678118654 68 0
58.70710678118654 67 1
69.5 67 0
69.5 66 1
57.70710678118654 66 0
57.5 65 1
69.5 65 0
69.5 64.5 0
86.5 64 1
57.5 64 0
57.5 63 1
86.5 63 0
86.5 62 1
57.5 62 0
57.5 61 1
86.5 61 0
86.5 59.5 1
57.5 59.5 1
57.5 65.79289321881346 1
62.20710678118655 70.5 1
68.5 70.5 1
68.5 72.5 1
69.5 72.5 1
69.5 64.5 1
96.5 64.5 1
96.5 73.5 1
100.5 73.5 1
100.5 60.64031242374328 0
100.5 61.28062484748656 1
102.0242189406418 62.5 0
100.5 62.5 1
102.5 62.5 1
102.5 62.24031242374328 1
96.57460947032089 57.5 0
98 50.5 1
98 57.5 0
97 57.5 1
97 50.5 0
96 50.5 1
96 64.5 0
95 64.5 1
95 50.5 0
94 50.5 1
94 64.5 0
93 64.5 1
93 50.5 0
92 50.5 1
92 64.5 0
91 64.5 1
91 50.5 0
90 50.5 1
90 64.5 0
89 64.5 1
89 50.5 0
88 50.5 1
88 64.5 0
87 64.5 1
87 25.5 0
88 25.5 1
88 39.5 0
89 39.5 1
89 25.5 0
90 25.5 1
90 39.5 0
87.5 39.5 0
87.5 50.5 0
100 60.24031242374329 1
100 73.5 0
99 73.5 1
99 59.44031242374328 0
98 58.64031242374328 1
98 73.5 0
97 73.5 1
97 57.84031242374328 0
96.57460947032089 57.5 1
98.5 57.5 1
98.5 50.5 1
87.5 50.5 1
87.5 39.5 1
90.5 39.5 1
90.5 25.5 1
86.5 25.5 1
86.5 30.5 1
68.5 30.5 0
60.5 43.5 0