60.5 43.5 0
68.5 30.5 1
68.5 12.5 1
60.5 12.5 1
60.5 17.5 1
42.5 17.5 1
42.5 15.5 1
37.5 15.5 1
37.5 23.5 1
40.5 23.5 0
39 23.5 1
39 15.5 0
38 15.5 1
38 23.5 0
40 23.5 1
40 15.5 0
41 15.5 1
41 75.5 0
40 75.5 1
40 33.5 0
39 33.5 1
39 75.5 0
38 75.5 1
38 33.5 0
40.5 33.5 1
35.5 33.5 1
35.5 17.5 1
32.5 17.5 1
32.5 14.5 1
16.5 14.5 1
16.5 36.5 1
12.5 36.5 1
12.5 45.5 1
18.23418747299222 45.5 1
24.06752080632556 52.5 0
24 52.41897503240934 1
24 14.5 0
23 14.5 1
23 51.21897503240933 0
22 50.01897503240933 1
22 14.5 0
21 14.5 1
21 48.81897503240934 0
20 47.61897503240934 1
20 14.5 0
19 14.5 1
19 46.41897503240934 0
18.23418747299222 45.5 0
18 45.5 1
18 14.5 0
17 14.5 1
17 45.5 0
16 45.5 1
16 36.5 0
15 36.5 1
15 45.5 0
14 45.5 1
14 36.5 0
13 36.5 1
13 45.5 0
55.75968757625672 43.50000000000001 1
60.5 43.5 0
60.5 43.5 0