54.6529 57.0736 0
54.6529 57.0736 1
56.64700000000001 60.8184 0
55.5 58.66440290858031 1
55.5 67.7537344540176 0
58.5 78.73528530623713 1
58.5 59.71500822445053 0
61.5 71.02342435245416 1
61.5 57.92862110807252 0
62.57080000000001 57.291 1
62.7808 49.973 0
67.5 43.9644291593019 1
67.5 100 0
70.5 100 1
70.5 40.04753944286672 0
73.5 31.87784727508932 1
73.5 100 0
76.5 100 1
76.5 41.36302858545554 0
76.3725 41.3729 1
77.39240000000001 34.6046 1
80.8158 29.6036 0
79.5 31.52575803002863 1
79.5 0 0
82.5 0 1
82.5 28.10675916986507 0
85.5 25.44049477703478 1
85.5 0 0
88.5 0 1
88.5 24.22152151021822 0
90.4896 23.5483 0
91.5 23.40635085328525 1
91.5 0 0
94.5 0 1
94.5 22.98488664094931 0
95.2594 22.8782 1
95.21369999999999 27.3879 0
94.79400000000001 41.2337 1
93.61060000000001 27.3783 1
94.79400000000001 27.38538666957769 1
94.79400000000001 41.2337 0
94.5 41.25030505679736 1
94.5 74.26374090774669 0
91.5 72.61925150686221 1
91.5 41.41974441187249 0
90.70050000000001 41.4649 0
88.5 41.31154874811928 1
88.5 70.9747621059777 0
85.5 69.33027270509322 1
85.5 41.55829848771266 0
82.5 41.80504822730605 1
82.5 67.68578330420874 0
80.00569999999999 66.3185 1
76.86859999999999 72.91079999999999 1
78.17939999999999 73.66682276151914 1
78.17939999999999 76.08512777548052 1
79.244 76.60929999999999 1
78.17939999999999 81.018 0
79.5 81.47690349013658 1
79.5 100 0
82.5 100 1
82.5 82.51939210925644 0
85.5 83.56188072837634 1
85.5 100 0
88.5 100 1
88.5 84.6043693474962 0
89.71190000000001 85.02549999999999 0
91.20249999999999 80.62700000000001 1
94.8843 74.4744 0
94.5 75.11659788690315 1
94.5 100 0
100 100 1
100 0 0
97.5 0 1
97.5 100 0
91.5 100 1
91.5 80.12985227334457 0
90.97980000000001 81.01519999999999 1
79.244 76.60929999999999 0
80.93964207767399 77.24588458988939 1
78.17939999999999 75.88683684419459 0
78.17939999999999 73.66682276151914 1
84.673 77.41210000000001 1
78.17939999999999 74.21487591852363 0
76.86859999999999 72.91079999999999 0
79.5 67.38117766727231 1
79.5 41.13076000793866 0
76.3725 41.3729 0
76.5 40.52677954701441 1
76.5 0 0
73.5 0 1
73.5 27.27323135215876 0
75.27780000000001 28.5043 1
72.19880000000001 34.34699999999999 1
69.06489999999999 44.86320000000001 0
64.5 42.24143566317163 1
64.5 72.42659738574474 0
65.1874 72.79179999999999 1
63.5355 77.27449999999999 0
64.5 74.65717198377627 1
64.5 100 0
61.5 100 1
61.5 76.3907385812247 0
59.37569999999999 81.9408 1
51.36109999999999 90.25569999999999 0
49.5 88.5578741026782 1
49.5 100 0
52.5 100 1
52.5 89.07412642053254 0
55.5 85.96171906395827 1
55.5 100 0
58.5 100 1
58.5 82.84931170738403 0
59.37569999999999 81.9408 1
55.1045 66.30600000000001 1
41.92189999999999 81.6446 0
43.5 83.08425345686075 1
43.5 100 0
46.5 100 1
46.5 85.82106377976947 0
22.5 100 1
22.5 0 0
25.5 0 1
25.5 100 0
28.5 100 1
28.5 0 0
31.5 0 1
31.5 51.30639027691112 0
12.6119 21.8081 1
16.5578 9.20937 1
16.5578 0 1
0.43065 0 1
0.43065 3.497495908790892 0
1.5 3.876235646403208 1
1.5 14.33789727956278 0
0.43065 17.7483 1
4.45243 4.92192 0
4.034525761883796 0 1
16.5578 4.435462289232904 0
13.02042945517292 0 1
16.5578 1.252857148721506 0
19.5 0 1
19.5 100 0
16.5 100 1
16.5 9.393917655541195 0
16.5578 9.20937 0
16.5578 7.618067429744301 1
0.43065 1.906193338535193 0
0.43065 0 1
0 0 1
0 100 0
1.5 100 1
1.5 18.10469586495639 0
4.5 19.10454399220113 1
4.5 100 0
7.5 100 1
7.5 20.10439211944587 0
10.5 21.10424024669061 1
10.5 100 0
13.5 100 1
13.5 18.97251569401151 0
34.5 52.65118400012275 1
34.5 0 0
37.5 0 1
37.5 53.99597772333439 0
40.71980000000001 55.4393 0
40.5 55.91093489575775 1
40.5 100 0
31.5 100 1
31.5 52.36330040772189 0
30.9441 51.05719999999999 1
36.5852 64.31110000000001 0
37.5 62.34817187152325 1
37.5 100 0
34.5 100 1
34.5 59.41187249472621 0
36.5852 64.31110000000001 1
40.71980000000001 55.4393 0
40.5 55.34077144654603 1
40.5 0 0
43.5 0 1
43.5 79.80840344848514 0
46.5 76.31775668684477 1
46.5 0 0
49.5 0 1
49.5 72.82710992520444 0
52.5 69.3364631635641 1
52.5 0 0
53.58329999999999 16.8737 1
55.5254 24.3661 0
55.5 24.2681097008393 1
55.5 56.33356650303277 0
58.5 53.71274193580138 1
58.5 0 0
55.5 0 1
55.5 19.00032468140022 0
54.4158 16.6579 1
57.5153 23.3544 0
67.5 26.30677668988365 1
67.5 0 0
70.5 0 1
70.5 25.19582897645636 0
68.2483 23.6366 1
63.2376 41.5164 0
64.5 37.0117480511705 1
64.5 0 0
61.5 0 1
61.5 51.09191736856998 0
54.6529 57.0736 0