68.35059999999999 51.7272 0
68.35059999999999 51.7272 1
73.62010000000001 48.164 0
76.17330000000001 51.657 1
77.60050000000001 50.9024 0
78.82990035093465 52.5 1
100 52.5 0
100 49.5 1
74.5966460062983 49.5 0
74.89009999999999 37.753 1
68.35480000000001 34.91840000000001 0
68.47849163467714 34.5 1
0 34.5 0
0 37.5 1
74.30679692372823 37.5 0
71.64433327346205 49.5 1
0 49.5 0
0 46.5 1
100 46.5 0
100 43.5 1
0 43.5 0
0 40.5 1
100 40.5 0
100 31.5 1
91.15871582704045 31.5 0
91.30922787834902 34.5 1
100 34.5 0
100 37.5 1
74.9797514466851 37.5 0
76.04281207931476 34.5 1
85.95547713506087 34.5 0
85.88390000000001 32.14570000000001 1
91.07470000000001 29.8254 0
87.32841129595312 31.5 1
76.77424357830714 31.5 0
76.32589999999999 30.8357 1
70.24160000000001 28.5361 0
69.3653819406797 31.5 1
0 31.5 0
0 28.5 1
24.86293165113601 28.5 0
22.859 27.5994 1
24.9842 28.5545 0
25.00996352280541 28.5 1
100 28.5 0
100 25.5 1
26.42813909007564 25.5 0
27.8717 22.4463 1
23.1487 20.6828 0
22.46741274472233 22.5 1
0 22.5 0
0 25.5 1
21.34268141859806 25.5 0
0 1.5 1
100 1.5 0
100 4.5 1
57.35316970043729 4.5 0
56.9298 7.55588 1
53.2094 7.200699999999999 0
53.58350080555442 4.5 1
43.0856735099551 4.5 0
43.04040000000001 3.94461 1
27.9683 4.01863 0
27.99359508400105 4.5 1
0 4.5 0
0 7.5 1
28.15123941581056 7.5 0
28.30888374762008 10.5 1
0 10.5 0
0 13.5 1
100 13.5 0
100 16.5 1
0 16.5 0
0 19.5 1
100 19.5 0
100 22.5 1
27.84631465734586 22.5 0
27.8717 22.4463 0
28.3351 10.9989 1
43.5975 10.7788 0
43.57477316916855 10.5 1
100 10.5 0
100 7.5 1
56.93754176304712 7.5 0
56.9298 7.55588 0
56.34447438481897 7.5 1
43.33022333956183 7.5 0
43.5975 10.7788 0
39.15638408074707 67.5 1
70.08858110749185 67.5 0
68.35059999999999 51.7272 0