68.35059999999999 51.7272 0
68.96588058760699 52.5 1
0 52.5 0
18.71949648763282 76.5 1
0 76.5 0
0 73.5 1
22.31168681123511 73.5 0
25.90387713483739 70.5 1
0 70.5 0
0 67.5 1
29.49606745843968 67.5 0
33.08825778204196 64.5 1
0 64.5 0
0 61.5 1
100 61.5 0
100 64.5 1
36.42334199199566 64.5 0
34.9823 62.9182 1
15.7005 79.0213 0
16.12706460511301 79.5 1
0 79.5 0
0 82.5 1
18.80033349029998 82.5 0
21.47360237548697 85.5 1
0 85.5 0
0 88.5 1
100 88.5 0
100 85.5 1
23.76062334447369 85.5 0
22.4939 86.64500000000001 1
41.1966 69.73949999999999 0
40.35525231137795 70.5 1
66.08947018093366 70.5 0
65.56960000000001 69.30719999999999 1
72.2483 66.63630000000001 0
72.61635364593883 67.5 1
100 67.5 0
100 70.5 1
73.89476158598339 70.5 0
74.77289999999999 72.5607 1
68.18559999999999 75.30940000000001 0
67.39699075672254 73.5 1
37.0363265179971 73.5 0
27.07954913785454 82.5 1
100 82.5 0
100 79.5 1
30.3984749312354 79.5 0
33.71740072461625 76.5 1
100 76.5 0
100 73.5 1
72.5218537272165 73.5 0
100 100 1
0 100 0
0 97.5 1
100 97.5 0
100 94.5 1
0 94.5 0
0 91.5 1
100 91.5 0
75.66292682519716 58.5 1
100 58.5 0
100 55.5 1
80.38122475930138 55.5 0
80.8897 55.1767 1
74.38820000000001 59.3105 0
73.74290378331332 58.5 1
0 58.5 0
0 55.5 1
71.35439218546014 55.5 0
68.35059999999999 51.7272 0