21.6717 57.952
11.7802 50.0983
3.06958 61.9095
12.5489 69.5896

21.346 45.9409
17.885 42.2811
13.7117 46.7509
17.2143 50.9458

24.1815 72.4588
16.8658 68.8722
10.6376 82.0341
15.22 84.2944
10.4071 96.5046
16.988 99.6187
23.6757 86.5955
18.9785 84.3005

42.6216 9.93318
26.7308 9.15043
25.2148 20.6239
42.1309 20.9286

42.8974 71.8052
37.0153 71.9854
37.2602 75.7455
42.4054 76.3639

50.6865 12.6924
47.8007 11.0426
43.9917 17.2508
47.416 18.9104

68.3964 51.7393
56.5252 47.1705
49.4874 42.4046
46.7462 49.193
44.6176 51.7169
64.2594 59.1477

76.1099 62.6369
68.4414 45.7731
67.2819 46.5659
72.0206 65.048
73.9311 63.3194

57.9508 34.0668
52.8224 30.8951
48.748 37.0516
54.2025 40.6496

83.4079 78.4987
78.3069 73.6673
72.1266 79.3877
76.9466 84.4443