56.533 56.0697 0
56.5 56.04584340375806 1
56.5 25.06910007256894 0
57.1735 25.9251 1
55.1065 23.298 0
56.5 22.58781570030444 1
56.5 13.38700303782679 0
62.5 22.34262804063861 1
62.5 0 0
59.5 0 1
59.5 21.05889363422143 0
60.9204 20.335 1
62.98739999999999 22.9621 0
63.5299 25.1005 0
62.5 25.72485378011276 1
62.5 65.82111622538196 0
59.7346 66.8501 1
65.19649999999999 77.75960000000001 0
65.5 77.63512168566555 1
65.5 100 0
68.5 100 1
68.5 76.40469353738445 0
70.767 75.47489999999999 1
65.39609999999999 64.74350000000001 0
65.5 64.95109881211715 1
65.5 0 0
68.5 0 1
68.5 70.94528972984043 0
77.5 56.30896566284429 1
77.5 100 0
74.5 100 1
74.5 52.90381080270068 0
73.39959999999999 51.65479999999999 1
78.9982 58.0095 0
80.5 56.66509985464474 1
80.5 100 0
83.5 100 1
83.5 53.97952225705131 0
92.5 45.92278946427105 1
92.5 100 0
89.5 100 1
89.5 48.60836706186447 0
86.5 51.29394465945789 1
86.5 100 0
71.5 100 1
71.5 0 0
89.5 11.34065886491628 1
89.5 36.19963487685258 0
89.2347 35.8185 1
94.82149999999999 43.8446 0
92.5 40.50949025023269 1
92.5 13.76994638020322 0
95.1585 15.9227 0
98.5 11.20258025795105 1
98.5 100 0
95.5 100 1
95.5 15.44030559871025 0
95.1585 15.9227 1
99.93459999999999 9.176100000000002 0
98.5 8.126205151209678 1
98.5 0 0
95.5 5.930691038306451 1
95.5 0 0
92.5 0 1
92.5 4.402755737843552 0
92.79220000000001 3.94902 1
88.5352 10.5594 0
89.5 9.061233539112052 1
89.5 0 0
86.5 0 1
86.5 38.55340723835025 0
89.2347 35.8185 1
73.39959999999999 51.65479999999999 0
74.5 50.55431661056767 1
74.5 0 0
77.5 0 1
77.5 47.55408926751331 0
80.5 44.55386192445896 1
80.5 0 0
83.5 0 1
83.5 41.55363458140459 0
56.533 56.0697 0