83.5 58.5 0
83.5 58.5 1
102.5 58.5 1
102.5 86.5 1
102.7928932188135 86.5 1
98.79289321881346 90.50000000000001 1
93.5 90.5 1
93.5 83.5 1
96.5 83.5 0
95 83.5 1
95 90.5 0
94 90.5 1
94 83.5 0
96 90.5 1
96 83.5 0
96.5 83.5 0
96.5 71.5 0
96.5 83.5 1
96.5 71.5 1
92.5 71.5 1
92.5 64.5 0
93 64.5 1
93 71.5 0
94 71.5 1
94 64.5 0
95 64.5 1
95 71.5 0
96 71.5 1
96 64.5 0
97 64.5 1
97 90.5 0
98 90.5 1
98 64.5 0
99 64.5 1
99 90.29289321881348 0
100 89.29289321881348 1
100 64.5 0
101 64.5 1
101 88.29289321881348 0
102 87.29289321881348 1
102 64.5 0
102.5 58.99999999999987 1
12.70710678118654 59.00000000000001 0
11.70710678118653 60.00000000000001 1
102.5 59.99999999999987 0
102.5 60.99999999999987 1
10.70710678118653 61.00000000000001 0
9.707106781186528 62.00000000000001 1
102.5 61.99999999999987 0
102.5 62.99999999999987 1
8.707106781186528 63.00000000000001 0
9.5 63.5 0
9.5 64.00000000000003 1
102.5 63.99999999999987 0
102.5 64.5 1
82.5 64.5 0
82.5 64.99999999999991 1
40.65853888980659 64.99999999999997 0
41.51568174694945 65.99999999999997 1
82.5 65.99999999999991 0
82.5 66.99999999999991 1
42.37282460409232 66.99999999999997 0
43.22996746123516 67.99999999999997 1
56.5 67.99999999999994 0
56.5 68.99999999999994 1
44.08711031837802 68.99999999999997 0
44.94425317552088 69.99999999999997 1
56.5 69.99999999999994 0
56.5 70.99999999999994 1
45.80139603266373 70.99999999999997 0
46.65853888980659 71.99999999999997 1
56.5 71.99999999999994 0
38.5 50.5 1
33.5 42.5 1
33.5 41.5 1
40.5 41.5 1
40.5 32.5 0
40.5 32.99999999999997 1
15.5 33.00000000000001 0
15.5 34.00000000000001 1
40.5 33.99999999999997 0
40.5 34.99999999999997 1
15.5 35.00000000000001 0
15.5 36.00000000000001 1
40.5 35.99999999999997 0
40.5 36.99999999999997 1
15.5 37.00000000000001 0
15.5 38.00000000000001 1
40.5 37.99999999999997 0
40.5 38.99999999999997 1
15.5 39.00000000000001 0
15.5 39.20710678118655 0
14.70710678118654 40.00000000000001 1
40.5 39.99999999999997 0
40.5 40.99999999999997 1
13.70710678118654 41.00000000000001 0
12.70710678118654 42.00000000000001 1
33.5 41.99999999999999 0
33.5 42.5 0
33.81249999999999 42.99999999999999 1
13.5 43.00000000000001 0
13.5 44.00000000000001 1
34.43749999999999 43.99999999999999 0
35.06249999999999 44.99999999999999 1
13.5 45.00000000000001 0
13.5 46.00000000000001 1
35.68749999999999 45.99999999999997 0
36.31249999999999 46.99999999999997 1
13.5 47.00000000000001 0
13.5 48.00000000000001 1
36.93749999999999 47.99999999999997 0
37.56249999999999 48.99999999999997 1
13.5 49.00000000000001 0
13.5 50.00000000000001 1
38.18749999999999 49.99999999999997 0
38.5 50.5 1
39.5 50.5 1
59.5 50.5 1
59.5 49.5 1
59.5 46.5 1
64.5 46.5 1
64.5 45.5 1
64.5 38.5 1
57.5 38.5 1
57.5 29.5 1
49.5 29.5 1
49.5 30.5 1
49.5 31.5 1
40.5 31.5 1
40.5 32.5 0
40.5 31.99999999999997 1
12.5 32.00000000000001 0
12.5 31.00000000000001 1
49.5 30.99999999999996 0
49.5 29.99999999999996 1
12.5 30.00000000000001 0
12.5 29.00000000000001 1
128.1596875762568 28.99999999999984 0
128.9596875762568 27.99999999999984 1
12.5 28.00000000000001 0
12.5 27.00000000000001 1
129.7596875762569 26.99999999999984 0
130.5596875762569 25.99999999999984 1
12.5 26.00000000000001 0
12.5 25.00000000000001 1
130.5 24.99999999999984 0
130.5 23.99999999999984 1
16.5 24.00000000000001 0
16.5 23.00000000000001 1
130.5 22.99999999999984 0
127.5 29.82460947032089 0
127.5 29.99999999999984 1
116.5 29.99999999999986 0
116.5 30.99999999999986 1
127.5 30.99999999999984 0
127.5 31.99999999999984 1
116.5 31.99999999999986 0
116.5 32.99999999999986 1
127.5 32.99999999999984 0
127.5 33.99999999999984 1
116.5 33.99999999999986 0
116.5 34.99999999999986 1
127.5 34.99999999999984 0
127.5 35.99999999999984 1
116.5 35.99999999999986 0
116.5 36.5 1
116.5 29.5 1
93.5 29.5 1
93.5 30.5 1
93.5 37.5 1
94.5 37.5 1
116.5 37.5 1
116.5 36.5 0
116.5 36.99999999999986 1
127.5 36.99999999999984 0
127.5 37.99999999999984 1
57.5 37.99999999999994 0
64.5 38.5 0
64.5 38.99999999999993 1
127.5 38.99999999999984 0
121 55.5 1
121 85.5 0
120 85.5 1
120 55.5 0
118.5 54.99999999999986 1
164.5 54.99999999999979 0
164.5 53.99999999999979 1
118.5 53.99999999999986 0
118.5 52.99999999999986 1
155.5 52.9999999999998 0
155.5 51.9999999999998 1
118.5 51.99999999999986 0
118.5 51.5 0
103.5 50.99999999999987 1
155.5 50.9999999999998 0
155.5 49.9999999999998 1
103.5 49.99999999999987 0
103.5 48.99999999999987 1
146.5 48.99999999999982 0
146.5 47.99999999999982 1
59.5 47.99999999999994 0
59.5 46.99999999999994 1
146.5 46.99999999999982 0
146.5 45.99999999999982 1
64.5 45.99999999999993 0
64.5 44.99999999999993 1
165.5 44.99999999999979 0
147.5 29.99999999999981 1
161.5 29.99999999999979 0
161.5 28.99999999999979 1
147.5 28.99999999999981 0
147.5 26.99999999999981 1
161.5 26.99999999999979 0
161.5 27.99999999999979 1
147.5 27.99999999999981 0
147.5 30.99999999999981 1
161.5 30.99999999999979 0
161.5 31.99999999999979 1
147.5 31.99999999999981 0
147.5 32.99999999999982 1
161.5 32.99999999999979 0
161.5 33.99999999999979 1
147.5 33.99999999999982 0
147.5 34.99999999999982 1
161.5 34.99999999999979 0
161.5 35.99999999999979 1
147.5 35.99999999999982 0
147.5 36.99999999999982 1
165.5 36.99999999999979 0
165.5 37.99999999999979 1
147.5 37.99999999999982 0
147.5 38.99999999999982 1
165.5 38.99999999999979 0
165.5 39.99999999999979 1
64.5 39.99999999999993 0
64.5 40.99999999999993 1
165.5 40.99999999999979 0
165.5 41.99999999999979 1
64.5 41.99999999999993 0
64.5 42.99999999999993 1
165.5 42.99999999999979 0
165.5 43.99999999999979 1
64.5 43.99999999999993 0
81.99555301797861 10.99999999999991 1
72.5 10.99999999999992 0
72.5 11.99999999999992 1
82.56698158940719 11.99999999999991 0
83.13841016083575 12.99999999999991 1
72.5 12.99999999999992 0
72.5 13.99999999999992 1
83.70983873226433 13.99999999999991 0
84.28126730369291 14.9999999999999 1
72.5 14.99999999999992 0
72.5 15.99999999999992 1
84.85269587512147 15.9999999999999 0
85.42412444655005 16.9999999999999 1
45.5 16.99999999999996 0
45.5 17.99999999999996 1
85.5 17.9999999999999 0
85.5 18.9999999999999 1
28.5 18.99999999999999 0
28.5 19.99999999999999 1
85.5 19.9999999999999 0
85.5 20.9999999999999 1
28.5 20.99999999999999 0
28.5 21.99999999999999 1
85.5 21.9999999999999 0
85.5 22.5 0
93.5 29.99999999999989 1
57.5 29.99999999999994 0
57.5 30.99999999999994 1
93.5 30.99999999999989 0
93.5 31.99999999999989 1
57.5 31.99999999999994 0
57.5 32.99999999999994 1
93.5 32.99999999999989 0
93.5 33.99999999999989 1
57.5 33.99999999999994 0
57.5 34.99999999999994 1
93.5 34.99999999999989 0
93.5 35.99999999999989 1
57.5 35.99999999999994 0
57.5 36.99999999999994 1
93.5 36.99999999999989 0
93.5 37.5 0
83.5 48.5 1
83.5 58.5 0
83.5 58.5 0