48.5232 54.03619999999999 0
44.5 54.83483059688223 1
44.5 100 0
41.5 100 1
41.5 54.0457986492695 0
40.197 53.3849 1
49.7945 40.102 0
47.5 43.277578437093 1
47.5 0 0
44.5 0 1
44.5 22.98467466063349 0
44.617 23.0029 1
44.81789999999999 28.5777 0
44.5 28.54736416302407 1
44.5 47.42956593383694 0
41.5 51.58155343058088 1
41.5 28.26108699747584 0
39.94499999999999 28.1127 1
40.3075 22.3316 0
41.5 22.51735826662026 1
41.5 0 0
38.5 0 1
38.5 28.81823499653099 0
35.5 25.55793534012819 1
35.5 0 0
32.5 0 1
32.5 22.29763568372539 0
68.80289999999999 6.090344096570165 1
86.60332363801982 15.48013252613251 0
85.09617454600661 18.07691084204417 1
68.80289999999999 9.482149058678289 0
71.5 12.48877376766191 1
71.5 15.74911461677319 0
72.9023 13.3405 1
68.80289999999999 20.3817 0
71.5 21.90239242504277 1
71.5 45.1853994798613 0
71.6891 49.6465 1
70.9393 31.9578 0
68.5 32.07113167789713 1
68.5 0 0
68.80289999999999 0 1
99.47970000000001 0 0
99.47970000000001 1.921638275216407 1
95.83680904090306 0 0
89.40689151124084 0 1
99.47970000000001 5.313443237324529 0
99.47970000000001 8.705248199432653 1
82.97697398157862 0 0
76.5470564519164 0 1
99.47970000000001 12.09705316154078 0
99.47970000000001 15.4888581236489 1
70.11713892225418 0 0
68.80289999999999 2.698539134462041 1
99.47970000000001 18.88066308575702 0
99.47970000000001 21.45424766395986 1
86.96690000000001 14.8537 1
99.47970000000001 22.4537 1
95.90389999999999 28.7956 0
95.5 28.60204496096522 1
95.5 41.91133014150442 0
97.37909999999999 41.7238 1
98.6156 48.4028 0
98.5 47.77838236959158 1
98.5 24.19125786956765 0
99.47970000000001 22.4537 1
99.47970000000001 0 1
100 0 1
100 100 0
98.5 100 1
98.5 48.42203338497031 0
95.5 48.92116967312685 1
95.5 100 0
92.5 100 1
92.5 49.42030596128342 0
89.64269999999999 49.89570000000001 1
88.50069999999999 44.2859 0
89.5 44.08769784839204 1
89.5 25.72675346750481 0
92.5 27.16439921423502 1
92.5 43.09871644308164 0
92.4187 43.50879999999999 1
92.67959999999999 42.19280000000001 0
86.5 24.28910772077461 1
86.5 100 0
89.5 100 1
89.5 49.19472061295971 0
80.5 57.80831306317336 1
80.5 26.97681748358155 0
81.48679999999999 27.5332 1
84.06829999999999 23.1238 0
83.5 24.09449998837885 1
83.5 62.04155676306807 0
86.06729999999999 65.66399999999999 1
80.50030000000001 57.809 1
77.23310000000001 50.3278 0
77.5 50.93894479676787 1
77.5 25.28534246406862 0
74.5 23.5938674445557 1
74.5 51.94469796904725 0
71.5 53.7194935883593 1
71.5 49.65535327401076 0
68.5 49.79580711870824 1
68.5 83.34753157602663 0
66.9205 80.0986 1
73.22749999999999 93.07169999999999 0
73.22749999999999 94.75957419763407 1
70.16290189771465 96.3407 0
61.62032598133113 96.3407 1
56.07721297914192 87.25314484998748 0
58.82427099304731 85.99571494999583 1
65.13437532711038 96.3407 0
66.8914 96.3407 1
73.22749999999999 96.3407 0
73.22749999999999 97.8407 1
49.1777 97.8407 0
47.5 100 1
47.5 69.23178079574362 0
49.1777 77.8435884564868 1
58.196960921833 96.3407 0
54.85932452185774 96.3407 1
49.1777 84.68856536946041 0
49.1777 91.53354228243401 1
51.52168812188251 96.3407 0
38.5 100 1
38.5 33.37766631078573 0
35.5 36.47197475787387 1
35.5 86.2128355008301 0
36.4726 86.10900000000001 1
38.1046 91.44329999999999 0
36.4726 86.10900000000001 0
26.5 77.51280335094236 1
26.5 100 0
29.5 100 1
29.5 77.37166978535012 0
31.1191 77.2955 0
45.6168 67.84399999999999 1
46.62439999999999 65.12209999999999 1
48.5393 62.73609999999999 0
47.5 64.03108657893364 1
47.5 54.23931165905992 0
48.5232 54.03619999999999 0