48.5232 54.03619999999999 0
23.5 69.64723421930373 1
23.5 36.99591347977987 0
26.5 40.54731879499636 1
26.5 69.51222796539503 0
29.5 69.37722171148636 1
29.5 42.66059165205013 0
32.5 39.56628320496199 1
32.5 86.53311773657995 0
32.1358 86.572 1
33.27670000000001 92.251 0
35.5 91.8790454421177 1
35.5 100 0
32.5 100 1
32.5 88.38485984748883 0
23.5 100 1
23.5 77.6539369165346 0
20.5 77.79507048212685 1
20.5 100 0
17.5 100 1
17.5 77.93620404771909 0
14.5 78.07733761331133 1
14.5 100 0
11.5 100 1
11.5 78.21847117890357 0
8.79344 78.3458 1
8.254799999999999 70.33330000000001 0
8.5 73.98075470072777 1
8.5 100 0
5.5 100 1
5.5 30.12567998634657 0
5.13386 32.0724 0
1.23762 31.0828 1
2.73045 24.9224 0
2.5 25.87338851175284 1
2.5 0 0
0 0 1
0 100 0
2.5 100 1
2.5 31.40342995298031 0
5.13386 32.0724 1
6.27643 25.9975 0
5.5 25.7620954311643 1
5.5 0 0
8.5 0 1
8.5 70.32226548884719 0
11.5 70.18725923493849 1
11.5 0 0
28.5453 17.9998 1
18.0027 30.4882 1
28.8508 43.3302 1
40.6525 31.1575 1
28.5453 17.9998 0
29.5 19.03733602732259 1
29.5 0 0
26.5 0 1
26.5 20.42259177053099 0
23.5 23.97628820215127 1
23.5 0 0
20.5 0 1
20.5 27.52998463377156 0
18.0027 30.4882 0
20.5 33.44450816456337 1
20.5 69.78224047321243 0
17.5 69.91724672712112 1
17.5 65.37203888698042 0
14.5 63.18103923050498 1
14.5 70.05225298102982 0
17.9685 65.71420000000001 1
20.4734 60.8884 0
17.5 59.16419025348792 1
17.5 0 0
14.5 0 1
14.5 62.32067942290351 0
14.1842 62.9504 1
16.4022 58.52760000000001 0
49.7945 40.102 0
50.5 40.57380654148601 1
50.5 0 0
53.5 0 1
53.5 42.58007106942087 0
55.8604 44.15860000000001 1
48.5232 54.03619999999999 0
50.5 51.37496142397644 1
50.5 64.45246203424387 0
69.45349999999999 54.9302 1
79.6652 68.68709999999999 0
77.5 65.77020664433934 1
77.5 100 0
80.5 100 1
80.5 68.29290373939801 0
83.5 66.87629044063667 1
83.5 100 0
71.5 89.51834178690345 1
71.5 57.68718422887473 0
74.5 61.72869543660703 1
74.5 100 0
73.22749999999999 100 1
49.1777 100 1
49.1777 74.4211 0
50.5 73.7559149280012 1
50.5 71.44256158760365 0
50.7667 71.63910000000001 1
53.346 66.94380000000001 0
55.8792 71.04990000000001 0
56.5 72.11316548113575 1
56.5 0 0
59.5 0 1
59.5 77.25136851497473 0
65.5 80.70201539511899 1
65.5 49.93626096340573 0
64.2945 49.9927 1
63.4448 32.306 0
65.5 32.21051389152045 1
65.5 0 0
62.5 0 1
62.5 81.9763879296892 0
62.30670000000001 82.05850000000001 1
55.8792 71.04990000000001 0
53.5 72.24676026113556 1
53.5 47.33625456032274 0
48.5232 54.03619999999999 0