49.6537 43.16419999999999 0
49.0167 35.127 0
47.5 35.36751129015704 1
47.5 0 0
44.5 0 1
44.5 35.84323745253002 0
41.5 21.27821129297821 1
41.5 36.31896361490301 0
41.2223 36.363 1
41.85939999999999 44.40009999999999 0
44.5 43.9813943381702 1
44.5 79.68548190224789 0
41.3447 77.404 0
38.5 80.27669878416938 1
38.5 46.39446776274806 0
37.2557 52.5838 1
39.5031 41.4049 0
35.5 42.20218528575434 1
35.5 31.14646085260292 0
35.58620000000001 30.9748 0
34.93859999999999 30.5791 1
39.62430000000001 22.5469 0
40.59569999999999 23.1405 1
42.66070000000001 18.8879 0
41.5 18.21993467306539 1
41.5 0 0
38.5 0 1
38.5 16.4934799640072 0
35.5 14.76702525494901 1
35.5 0 0
32.5 0 1
32.5 13.04057054589082 0
30.1582 11.6929 1
30.8867 10.1369 0
29.5 9.031810725928636 1
29.5 0 0
26.5 0 1
26.5 8.192889483095293 0
23.5 14.13788223024994 1
23.5 0 0
27.0585 7.086130000000001 1
23.4737 14.19 1
22.9037 21.8911 1
25.3667 27.9765 1
28.9106 32.3657 0
29.5 32.85644482431374 1
29.5 43.39718708798911 0
26.5 43.9946879891065 1
26.5 29.38011758514631 0
25.3667 27.9765 0
23.5 23.36439436459602 1
23.5 44.59218889022388 0
32.5 42.79968618687172 1
32.5 35.35429767966025 0
33.1255 35.8751 1
35.58620000000001 30.9748 0
35.5 30.92212961704756 1
35.5 29.61675134771752 0
38.5 24.47416859594084 1
38.5 41.60468438463695 0
41.5 39.86622189609166 1
41.5 77.51629174386559 0
41.3447 77.404 1
36.5085 82.2878 1
38.47929999999999 83.73273121164326 1
38.47929999999999 83.81010000000001 0
38.5 83.74790782828677 1
38.5 100 0
41.5 100 1
41.5 85.94741748676546 0
36.5085 82.2878 1
36.5085 82.40030701408381 1
38.47929999999999 83.81010000000001 1
34.845 91.17590000000001 0
35.5 89.84838190848308 1
35.5 100 0
32.5 100 1
32.5 90.09418022017817 0
30.7029 89.26519999999999 1
34.5244 80.98099999999999 0
35.5 81.67888615641357 1
35.5 52.90585914113775 0
32.5 53.4561680910798 1
32.5 85.3694690514196 0
23.5 77.20981936754455 1
23.5 100 0
20.5 100 1
20.5 80.32534540019648 0
11.5 100 1
11.5 83.44222916172234 0
14.5 86.03747835650111 1
14.5 100 0
17.5 100 1
17.5 83.44087143284838 0
14.7726 86.27330000000001 1
25.4611 75.17320000000001 0
23.5 73.66090447940098 1
23.5 55.10709494090597 0
26.5 54.55678599096392 1
26.5 100 0
29.5 100 1
29.5 54.00647704102185 0
18.7035 69.96209999999999 1
13.8248 63.94759999999999 1
5.60638 73.27869999999999 1
10.0534 82.1908 0
8.5 79.07769141492506 1
8.5 100 0
2.5 100 1
2.5 9.263352867184299 0
3.13709 10.2762 1
0.178351 5.57239 1
0.178351 0 1
0 0 1
0 100 0
5.5 100 1
5.5 8.994372212053662 0
8.5 7.366936819322239 1
8.5 69.99331697236209 0
11.5 66.58715131034918 1
11.5 5.739501426590817 0
12.5714 5.158289999999999 1
12.5714 0 0
12.5714 0.6557786023992076 1
0.178351 1.069878602399208 0
0.178351 4.071552867466403 1
12.5714 3.657452867466403 0
14.5 0 1
14.5 64.77999190768031 0
17.5 68.47841566810831 1
17.5 0 0
20.5 0 1
20.5 45.18968979134127 0
19.5279 45.38330000000001 1
21.1204 55.5436 0
20.5 51.58538956357928 1
20.5 71.34746479667336 0
49.6537 43.16419999999999 0