49.6537 43.16419999999999 0
47.5 43.50570056194911 1
47.5 81.89651774940171 0
47.3681 81.7593 1
53.0928 87.7148 1
48.5967 92.7183 0
47.5 91.61176066496614 1
47.5 100 0
44.5 100 1
44.5 88.58484536898584 0
42.9122 86.9828 1
48.5967 92.7183 0
50.5 90.60020619648139 1
50.5 100 0
53.5 100 1
53.5 19.14861082353546 0
56.5 20.24193712470092 1
56.5 100 0
53.0928 87.7148 0
50.5 85.01746731881147 1
50.5 18.05528452237001 0
48.82680000000001 17.4455 1
51.24420000000001 10.1526 0
50.5 12.39772955241168 1
50.5 0 0
53.5 0 1
53.5 10.69494004944376 0
55.45099999999999 11.164 0
56.5 11.7493809341651 1
56.5 0 0
59.5 0 1
59.5 13.42349228068111 0
62.5 15.09760362719711 1
62.5 0 0
65.5 0 1
65.5 16.77171497371312 0
65.64619999999999 16.8533 1
63.2441 24.0256 0
62.5 23.60592020772183 1
62.5 100 0
59.5 100 1
59.5 21.91389040415444 0
63.2441 24.0256 0
89.5 34.47616546925742 1
89.5 0 0
86.5 0 1
86.5 36.37863104374172 0
83.5 38.28109661822602 1
83.5 0 0
80.5 0 1
80.5 37.99294681208936 0
78.7961 39.1636 1
87.5566 50.2734 0
86.5 48.93345197420238 1
86.5 58.73895700788435 0
83.5 64.05285467538573 1
83.5 45.12894309913818 0
80.5 41.32443422407397 1
80.5 100 0
77.5 100 1
77.5 14.04239531736012 0
74.5 14.03747581243411 1
74.5 48.36868963212109 0
71.83920000000001 41.4213 1
76.59620000000001 53.8419 0
74.5 54.68148823183866 1
74.5 100 0
71.5 100 1
71.5 53.38398750043729 0
68.5 47.16695059296833 1
68.5 100 0
65.5 100 1
65.5 17.28983064401982 0
71.5 14.0325563075081 1
71.5 41.56983109243697 0
68.5 42.88349051847153 1
68.5 0 0
70.6729 1.493039865261871 1
78.35659999999999 1.542274296321705 0
78.35659999999999 4.54233588258418 1
70.6729 4.493101451524344 0
70.6729 5.993132244655582 1
71.0908 5.995810000000001 1
70.6729 14.0312 1
70.6729 0 1
78.35659999999999 0 1
78.35659999999999 14.0438 1
78.1636 6.041130000000001 1
78.35659999999999 6.042366675715417 0
92.5 0 1
92.5 30.33302192661236 0
92.2122 30.499 1
93.0393 32.2317 0
92.5 32.57369989477313 1
92.5 31.10191507677427 0
92.2122 30.499 0
93.55029999999999 29.7273 0
98.5 40.52491458492197 1
98.5 0 0
95.5 0 1
95.5 33.98050911494077 0
93.55029999999999 29.7273 1
99.45160000000001 42.60080000000001 0
98.5 43.214608 1
98.5 100 0
95.5 100 1
95.5 60.61055254169624 0
92.5 66.06056141323634 1
92.5 100 0
89.5 100 1
89.5 71.51057028477643 0
89.03270000000001 72.3595 1
98.05029999999999 55.97750000000001 0
95.5 54.53520471260877 1
95.5 45.14968996721312 0
92.5 47.08477193442623 1
92.5 52.83858632960532 0
89.5 49.01985390163935 1
89.5 53.42505934038296 0
90.477 51.69450000000001 1
81.3323 67.89250000000001 0
86.5 70.89028140096619 1
86.5 100 0
83.5 100 1
83.5 69.1499821957301 0
81.3323 67.89250000000001 0
72.51060000000001 55.4783 1
66.7936 43.6307 0
49.6537 43.16419999999999 0