54.2659 50.54859999999999 0
53.72712834269328 49.5 1
0 49.5 0
0 52.5 1
76.31574638947885 52.5 0
73.9456924767195 49.5 1
56.3833974768655 49.5 0
62.44146769486709 46.5 1
73.7531287514812 46.5 0
74.23179999999999 44.8143 0
78.28977942256043 46.5 1
100 46.5 0
100 49.5 1
84.8382243912325 49.5 0
84.98759999999999 49.28230000000001 1
74.23179999999999 44.8143 0
41.05554644288088 79.5 1
100 79.5 0
100 76.5 1
34.84580834066256 76.5 0
52.18572554666029 46.5 1
0 46.5 0
0 43.5 1
27.21265891801987 43.5 0
24.2855 42.81019999999999 0
24.63634054571005 40.5 1
0 40.5 0
0 37.5 1
25.05092931903508 37.5 0
24.84722062184979 34.5 1
0 34.5 0
0 31.5 1
24.64351192466449 31.5 0
24.4398032274792 28.5 1
0 28.5 0
0 25.5 1
24.23609453029392 25.5 0
24.2855 42.81019999999999 1
33.9806 45.0949 0
33.87824804569182 43.5 1
51.45648801526308 43.5 0
56.80952719406675 40.5 1
33.68572446244235 40.5 0
33.4932008791929 37.5 1
100 37.5 0
100 34.5 1
33.30067729594344 34.5 0
50.8259 43.85339999999999 1
60.7863 38.2713 0
62.54430371155885 40.5 1
100 40.5 0
100 43.5 1
64.91071064594956 43.5 0
65.9188 44.77800000000001 1
54.2659 50.54859999999999 0
54.2659 50.54859999999999 0