29.284 37.5525
25.7534 29.6586
0.577865 40.716
3.92988 48.8102

11.6249 25.8976
8.23093 22.6843
5.86477 25.179
8.90983 28.3038

42.2925 20.3617
40.3502 13.6032
25.9623 16.496
26.9522 20.8969
17.7679 23.5321
20.1721 29.7253
30.9158 27.9565
29.9148 23.7251

38.8844 96.0289
38.2336 89.3923
22.9769 90.2028
23.6277 96.8393
30.5454 96.5776
30.7621 97.9016
37.4959 97.1805
37.5874 96.0779

59.1641 88.8955
40.0006 75.0526
39.4805 91.0527
58.9821 91.4203

50.6934 62.3043
47.9016 59.5554
46.8333 60.5357
44.6468 58.094
42.4683 60.6994
44.3689 66.5168
45.6891 67.8528

76.4722 44.5843
69.9877 42.8833
68.8619 48.4617
75.5513 49.3393

90.5559 16.3971
73.7257 14.7415
72.787 22.7696
90.2143 24.366

92.3148 88.4739
90.2231 86.0675
88.3577 87.5633
86.5697 85.94
83.8026 88.4291
82.1447 87.1415
78.3324 91.1944
82.1318 94.7404
84.6501 92.6053
86.1344 93.4454

91.3426 67.1669
87.3192 65.1666
84.419 70.5249
88.0379 73.0293