52.7856 52.3751 0
52.7856 52.3751 1
53.3272 46.2174 0
53.5 46.24361673166436 1
53.5 0 0
56.5 0 1
56.5 46.69876832305951 0
57.3017 46.82040000000001 1
56.4198 53.0975 0
56.5 52.52666042635219 1
56.5 63.27638229408512 0
56.4726 63.239 1
60.09059999999999 68.17509999999999 1
58.8318 71.32939999999999 0
56.5 69.98258873229511 1
56.5 100 0
59.5 100 1
59.5 69.65502499205593 0
60.09059999999999 68.17509999999999 0
59.5 67.36933420121613 1
59.5 0 0
62.5 0 1
62.5 100 0
65.5 100 1
65.5 0 0
68.5 0 1
68.5 100 0
71.5 100 1
71.5 0 0
74.5 0 1
74.5 54.17118238041853 0
77.5 52.80290883781764 1
77.5 0 0
80.5 0 1
80.5 51.43463529521674 0
82.42250000000001 50.5578 1
84.39680000000001 54.4143 0
83.5 52.66253522261054 1
83.5 0 0
86.5 0 1
86.5 100 0
89.5 100 1
89.5 0 0
92.5 0 1
92.5 100 0
95.5 100 1
95.5 0 0
98.5 0 1
98.5 100 0
83.5 54.82638714358735 1
83.5 100 0
80.5 100 1
80.5 56.20491237860301 0
77.5 57.58343761361868 1
77.5 100 0
74.5 100 1
74.5 56.88659872666763 0
73.32409999999999 54.7075 1
75.3974 58.5496 0
54.80200000000001 62.3805 1
51.77460000000001 69.2116 0
53.5 70.06852260693626 1
53.5 100 0
50.5 100 1
50.5 0 0
47.5 0 1
47.5 100 0
44.5 100 1
44.5 0 0
41.5 0 1
41.5 56.12189809480863 0
43.1146 61.7912 1
39.5664 49.3325 0
38.5 49.59585330235083 1
38.5 0 0
35.5 0 1
35.5 50.33671968180739 0
32.5 51.07758606126396 1
32.5 0 0
29.5 0 1
29.5 51.81845244072051 0
27.7748 52.2445 1
34.6134 63.7685 0
35.5 63.56228509151649 1
35.5 100 0
32.5 100 1
32.5 60.20712463077238 0
29.5 55.15170393062908 1
29.5 100 0
26.5 100 1
26.5 0 0
23.5 0 1
23.5 100 0
20.5 100 1
20.5 0 0
17.5 0 1
17.5 100 0
14.5 100 1
14.5 0 0
11.5 0 1
11.5 100 0
8.5 100 1
8.5 0 0
0 0 1
0 100 0
2.5 100 1
2.5 0 0
5.5 0 1
5.5 100 0
38.5 62.86451301228063 1
38.5 100 0
41.5 100 1
41.5 62.16674093304475 0
53.5 65.31836490057475 1
53.5 52.51710719828297 0
52.7856 52.3751 0