50.5394 52.5008 0
51.98542573529411 51.5065 1
22.51021058075957 51.5065 0
24.16029481306339 48.5065 1
56.34837173336548 48.5065 0
40.65246036277557 39.5065 1
100 39.5065 0
100 36.5065 1
0 36.5065 0
2.16304 59.0065 1
2.16304 85.36600000000001 0
5.163040000000001 85.36600000000001 1
5.163040000000001 59.0065 0
6.663040000000001 59.0065 1
6.663040000000001 77.49600000000001 0
6.663040000000001 79.51279455462679 1
13.17561238560828 85.36600000000001 0
8.687637156824827 85.36600000000001 1
6.663040000000001 83.54638366388039 0
6.663040000000001 85.36600000000001 1
15.4196 85.36600000000001 0
0 100 1
100 100 0
100 97.8528 1
0 97.8528 0
0 94.8528 1
100 94.8528 0
100 91.8528 1
0 91.8528 0
0 88.8528 1
100 88.8528 0
90.55702064840293 85.8528 1
100 85.8528 0
100 82.8528 1
92.04203645257724 82.8528 0
92.78020000000001 83.80019999999999 1
90.0641 86.30789999999999 0
89.71989323501123 85.8528 1
0 85.8528 0
0 85.36600000000001 1
0 59.0065 0
0 57.5065 1
15.63098049258451 57.5065 0
13.1138868929794 59.0065 1
6.663040000000001 66.23335332416855 0
9.092573269660722 59.0065 1
6.663040000000001 61.72829465383596 0
18.385 59.0065 0
18.4695393155017 58.8528 1
73.2207511129933 58.8528 0
73.57300000000001 57.5056 1
80.285 59.6126 0
77.86460246796392 58.8528 1
87.36516433054211 58.8528 0
86.79293909759977 61.8528 1
79.75773352685846 61.8528 0
79.05163611616985 64.8528 1
93.93764826088918 64.8528 0
92.08150906765636 61.8528 1
100 61.8528 0
99.12161416812395 63.5291 1
100 66.61948390982491 0
94.59266810271328 58.8528 1
100 58.8528 0
100 55.8528 1
95.6909536319391 55.8528 0
95.79570000000001 55.2826 1
88.61869999999999 52.2809 0
89.98610057300863 52.8528 1
100 52.8528 0
78.5630914729837 18.5065 1
100 18.5065 0
100 21.5065 1
69.57575535856176 21.5065 0
61.6666 24.1466 1
79.76349999999999 18.1058 0
78.83028950951834 15.50650000000001 1
100 15.50650000000001 0
100 0.5065000000000079 1
0 0.5065000000000079 0
0 3.506500000000008 1
100 3.506500000000008 0
100 6.506500000000008 1
0 6.506500000000008 0
0 9.506500000000006 1
100 9.506500000000006 0
100 12.50650000000001 1
77.75321819360826 12.50650000000001 0
76.71559999999999 9.616389999999999 1
59.32470000000001 15.5804 0
60.12466189558964 18.5065 1
45.48835356512809 18.5065 0
46.33391295321098 21.5065 1
60.94482719642315 21.5065 0
50.5394 52.5008 0