37.8877 67.98910000000001 0
37.8877 67.98910000000001 1
48.6139 83.6987 0
47.5 82.06728128321308 1
47.5 0 0
50.5 0 1
50.5 100 0
53.5 100 1
53.5 0 0
56.5 0 1
56.5 100 0
59.5 100 1
59.5 0 0
62.5 0 1
62.5 100 0
65.5 100 1
65.5 0 0
68.5 0 1
68.5 100 0
71.5 100 1
71.5 0 0
74.5 0 1
74.5 100 0
77.5 100 1
77.5 0 0
80.5 0 1
80.5 100 0
83.5 100 1
83.5 0 0
86.5 0 1
86.5 100 0
89.5 100 1
89.5 0 0
92.5 0 1
92.5 100 0
95.5 100 1
95.5 0 0
98.5 0 1
98.5 100 0
48.6139 89.3915860019369 1
43.20563891735418 93.58234986013238 0
48.6139 98.07423623393254 1
25.3558 98.10915049820159 0
25.3558 95.10914711795536 1
48.6139 95.07423285368631 0
48.11299819559031 93.57498310022061 1
48.6139 93.18684333656148 0
48.6139 93.57423116356318 1
35.8446 93.5934 0
38.29827963911806 93.58971662004413 1
48.6139 85.59632866731229 0
48.6139 83.6987 1
48.6139 100 1
25.3558 100 1
25.3558 77.84360000000001 1
26.69294342822521 93.60713815384949 1
25.3558 93.60914542783226 0
26.6090462642822 92.61807735685565 1
27.27999469108984 93.60625689257142 0
30.90246489702995 93.60081896419047 1
26.09134875476073 86.51495911895188 0
0 100 1
0 0 0
2.5 0 1
2.5 100 0
5.5 100 1
5.5 0 0
8.5 0 1
8.5 100 0
11.5 100 1
11.5 0 0
14.5 0 1
14.5 100 0
17.5 100 1
17.5 0 0
20.5 0 1
20.5 100 0
23.5 100 1
23.5 0 0
26.5 0 1
26.5 76.9438546381634 0
29.5 74.58479495846601 1
29.5 0 0
32.5 0 1
32.5 72.22573527876858 0
35.5 69.86667559907116 1
35.5 0 0
38.5 0 1
38.5 68.88587500699222 0
41.5 73.27967709906585 1
41.5 0 0
44.5 0 1
44.5 77.67347919113945 0
37.8877 67.98910000000001 0