51.1708 39.36799999999999 0
52.3038 34.82089999999999 0
53.5 34.91465398775493 1
53.5 0 0
56.5 0 1
56.5 35.14978353403885 0
57.2364 35.2075 1
56.58499999999999 39.8683 0
56.5 39.86044556167116 1
56.5 73.80689208682043 0
59.5 74.90306817717902 1
59.5 0 0
62.5 0 1
62.5 53.63584797746471 0
61.95229999999999 53.9258 1
67.86490000000001 62.97069999999999 0
68.5 62.66446952440614 1
68.5 65.5031261475886 0
65.5 59.35295416737138 1
65.5 65.92664583772392 0
64.81120000000001 65.8785 1
65.80029999999999 84.3776 0
67.16900000000001 84.06229999999999 1
69.4982 65.125 0
71.5 61.21793917204975 1
71.5 100 0
74.5 100 1
74.5 59.77140881969335 0
77.5 58.32487846733694 1
77.5 100 0
86.5 100 1
86.5 83.98131948597779 0
83.5 89.83066002837765 1
83.5 100 0
80.5 100 1
80.5 90.09808693657999 0
82.77199999999999 91.2501 1
92.07509999999999 73.11109999999999 0
92.5 73.38029849282731 1
92.5 100 0
89.5 100 1
89.5 78.13197894357793 0
93.1765 73.80889999999999 1
96.54259999999999 66.96199999999999 0
95.5 69.08272663913729 1
95.5 100 0
98.5 100 1
98.5 0 0
95.5 0 1
95.5 46.28822232641788 0
92.5 41.34686449996788 1
92.5 0 0
89.5 0 1
89.5 39.34206559942416 0
90.8492 38.62779999999999 1
97.07679999999999 48.8854 0
95.5 49.64569635319853 1
95.5 66.35765867855571 0
92.5 64.61871376743653 1
92.5 51.09222670555492 0
89.5 52.53875705791133 1
89.5 67.5354411990117 0
91.31649999999999 63.9327 1
78.60769999999999 89.1386 0
80.5 85.38552145835956 1
80.5 56.87834811498054 0
83.5 55.43181776262414 1
83.5 79.4354947052436 0
86.5 73.48546795212766 1
86.5 53.98528741026773 0
68.5 73.24075341748241 1
68.5 100 0
65.5 100 1
65.5 78.76110042462844 0
62.7544 80.39087763445698 1
57.52500885587642 94.43520000000001 0
62.7544 88.98823290337091 1
60.72622656762925 94.43520000000001 0
62.7544 95.93520000000001 1
47.23480000000001 95.93520000000001 0
47.23480000000001 94.43520000000001 1
55.92440000000001 94.43520000000001 0
51.8672534456217 94.43520000000001 1
47.23480000000001 92.59188911354653 0
44.5 100 1
44.5 72.97853584061937 0
43.6486 72.7895 1
45.1716 65.95060000000001 0
44.5 68.96636181221274 1
44.5 21.82884190337352 0
41.5 20.49529236030389 1
41.5 100 0
38.5 100 1
38.5 19.16174281723427 0
35.5 40.17927077136473 1
35.5 17.82819327416465 0
30.3515 15.5396 1
34.2129 7.71415 0
32.5 6.960812221340916 1
32.5 11.18548508701507 0
30.3515 15.5396 0
32.5 16.49464373109502 1
32.5 40.13106021295778 0
35.0874 39.1482 1
37.6828 45.634 0
35.5 46.47047445255474 1
35.5 78.310499532611 0
50.5 82.15482377115231 1
50.5 0 0
49.72020000000001 0 1
30.3515 0 0
29.5 0 1
29.5 41.27065232815964 0
26.8792 42.2662 1
29.819 48.64749999999999 0
29.5 47.95506014014559 1
29.5 74.49271652250746 0
26.5 76.16464155432519 1
26.5 0 0
23.5 0 1
23.5 77.83656658614288 0
20.622 79.44049999999999 1
24.7854 88.2098 0
26.5 87.70337767973513 1
26.5 100 0
23.5 100 1
23.5 85.50238341259546 0
14.5 88.28866595394737 1
14.5 69.51494865478361 0
12.3592 69.94800000000001 1
11.3913 73.8252 0
11.5 73.38977109205496 1
11.5 83.84886332236843 0
11.2465 83.47370000000001 1
15.5025 89.7723 0
14.5 90.54262813215198 1
14.5 100 0
11.5 100 1
11.5 92.84784947525011 0
9.385300000000001 94.47280000000001 0
5.5 89.64261996861671 1
5.5 100 0
8.5 100 1
8.5 93.372200720206 0
9.385300000000001 94.47280000000001 1
4.911580000000001 88.9111 0
5.5 88.40604628061601 1
5.5 73.19587214162252 0
8.5 73.51634191486991 1
8.5 85.83108085090262 0
15.0465 69.40440000000001 0
11.5 64.06887400886978 1
11.5 52.57266176757359 0
14.5 55.6290040463367 1
14.5 68.58221898938314 0
15.0465 69.40440000000001 1
11.326 63.80710000000001 1
10.5717 66.51570000000001 0
8.5 66.57079606241842 1
8.5 0 0
0 0 1
0 100 0
2.5 100 1
2.5 72.87540236837509 0
0.05388129999999999 72.61410000000001 1
0.490498 68.81229999999999 0
2.5 67.59201171288046 1
2.5 0 0
5.5 0 1
5.5 66.65057990527944 0
14.9577 56.09529999999999 1
10.6501 51.7068 0
11.5 50.87865229820996 1
11.5 0 0
14.5 0 1
14.5 47.95543414858042 0
15.2254 47.2486 1
18.9362 52.4263 0
17.5 50.42236210520642 1
17.5 0 0
20.5 0 1
20.5 100 0
17.5 100 1
17.5 53.75077349503582 0
32.5 47.62010948905109 1
32.5 72.82079149068977 0
32.9579 72.56559999999999 1
38.1356 84.26669999999999 0
29.5 86.81730106665069 1
29.5 100 0
32.5 100 1
32.5 85.93122445356624 0
35.5 85.0451478404818 1
35.5 100 0
47.5 90.2609210045662 1
47.5 73.64462407395047 0
48.1435 73.78749999999999 1
49.5699 66.92269999999999 0
47.5 66.46521647454699 1
47.5 19.16892511191868 0
45.9228 22.4613 1
49.72020000000001 14.5343 0
49.72020000000001 12.89563922789117 1
30.3515 4.377235682141748 0
30.3515 1.099914137924088 1
49.72020000000001 9.61831768367351 0
49.72020000000001 6.34099613945585 1
35.30237496193138 0 0
42.75417710450105 0 1
49.72020000000001 3.063674595238189 0
68.12639999999999 49.29870619042777 1
86.6233 31.63025876891663 0
86.6233 35.7789763067499 1
74.67903054243229 47.18827715713003 0
84.42210553423686 42.03029961543433 1
86.6233 39.92769384458315 0
71.5 44.00184666618404 1
71.5 38.76635919013388 0
68.5 35.79663024467453 1
68.5 46.86748048939405 0
68.12639999999999 47.22434742151114 1
68.12639999999999 50.65723548961999 1
86.6233 40.86498870190228 1
86.6233 29.5559 0
83.5 26.15423683197713 1
83.5 0 0
86.5 0 1
86.5 29.42161092478558 0
86.6233 29.5559 1
81.1669 23.6132 0
80.5 24.21735550323991 1
80.5 0 0
77.5 0 1
77.5 26.93510405582608 0
74.5 29.65285260841225 1
74.5 0 0
71.5 0 1
71.5 32.37060116099843 0
68.5 35.08834971358461 1
68.5 0 0
65.5 0 1
65.5 52.0476499354602 0
61.95229999999999 53.9258 0
62.5 54.76365335216317 1
62.5 75.99924426753759 0
62.7544 76.09219999999999 1
62.7544 100 0
62.7544 98.93520000000001 1
47.23480000000001 98.93520000000001 0
47.23480000000001 100 1
47.23480000000001 90.97749999999999 1
53.9362 72.87010000000001 0
53.5 74.04872653773839 1
53.5 39.58323009124155 0
51.1708 39.36799999999999 0