44.6943 54.0416 0
30.36486833313447 79.5 1
0 79.5 0
0 82.5 1
23.44737569819589 82.5 0
23.79314658740738 85.5 1
0 85.5 0
0 88.5 1
24.13891747661887 88.5 0
24.48468836583036 91.5 1
0 91.5 0
0 94.5 1
24.83045925504185 94.5 0
25.3493 99.0016 0
34.9407706488299 97.5 1
100 97.5 0
100 100 1
0 100 0
0 97.5 1
25.17623014425334 97.5 0
25.3493 99.0016 1
43.82769999999999 96.1087 0
43.640696479591 94.5 1
100 94.5 0
100 91.5 1
43.29196112730217 91.5 0
42.94322577501336 88.5 1
100 88.5 0
100 85.5 1
42.59449042272455 85.5 0
42.24575507043572 82.5 1
100 82.5 0
100 79.5 1
41.89701971814691 79.5 0
41.71769999999999 77.95740000000001 1
23.2136 80.4717 0
0 70.5 1
100 70.5 0
100 73.5 1
0 73.5 0
0 76.5 1
100 76.5 0
100 67.5 1
0 67.5 0
0 64.5 1
72.60479033811484 64.5 0
64.59864494165413 61.5 1
0 61.5 0
0 58.5 1
56.59249954519345 58.5 0
48.58635414873275 55.5 1
0 55.5 0
0 52.5 1
45.26702602419194 52.5 0
44.6943 54.0416 0