55.76309999999999 52.90049999999999 0
55.76309999999999 52.90049999999999 1
61.3158 50.57089999999999 0
89.4846886930913 25.5 1
0 25.5 0
0 28.5 1
100 28.5 0
100 25.5 1
91.62190821432296 25.5 0
94.37917914104034 22.5 1
100 22.5 0
100 19.5 1
93.2112379377306 19.5 0
92.6037 18.7208 0
92.24520141457057 19.5 1
0 19.5 0
0 22.5 1
90.86494505383092 22.5 0
51.11497055583953 16.5 1
100 16.5 0
100 13.5 1
84.27965153084961 13.5 0
84.91023506761667 10.5 1
100 10.5 0
100 7.5 1
85.5408186043837 7.5 0
85.66929999999999 6.88875 1
74.64940000000001 6.662380000000001 0
74.5346640399323 7.5 1
47.8191128394068 7.5 0
54.03144139447042 10.5 1
74.12372843643297 10.5 0
73.71279283293364 13.5 1
54.09647005292925 13.5 0
56.09 11.4941 1
39.369 3.41935 0
41.60678428434316 4.5 1
100 4.5 0
100 1.5 1
0 1.5 0
0 4.5 1
38.46248317535544 4.5 0
35.94589549763033 7.5 1
0 7.5 0
0 10.5 1
38.88935837429686 10.5 0
35.0502 8.56775 1
44.852 13.501 1
50.06270000000001 17.5588 0
48.70307430134555 16.5 1
0 16.5 0
0 13.5 1
44.8500131150864 13.5 0
18.3833 44.2983 1
10.5484 48.9196 0
10.90512098705697 49.5 1
0 49.5 0
0 46.5 1
14.65056260359639 46.5 0
0 37.5 1
100 37.5 0
100 34.5 1
0 34.5 0
0 31.5 1
100 31.5 0
100 40.5 1
0 40.5 0
0 43.5 1
100 43.5 0
100 46.5 1
19.79101310720876 46.5 0
21.4672 49.1216 0
18.0911 51.2563 1
21.4672 49.1216 0
20.86874764603925 49.5 1
100 49.5 0
100 52.5 1
60.87830308279216 52.5 0
60.19793879290384 55.5 1
100 55.5 0
100 58.5 1
59.51757450301554 58.5 0
59.2589 59.64060000000001 0
58.66731983353363 58.5 1
47.11284247305976 58.5 0
57.11134885387457 55.5 1
0 55.5 0
0 52.5 1
12.74895792911576 52.5 0
0 58.5 1
42.22315085571319 58.5 0
45.72369999999999 56.3329 1
39.65479999999999 60.09 0
40.54241775445421 61.5 1
0 61.5 0
0 64.5 1
42.43096616818657 64.5 0
43.0856 65.53989999999999 1
49.25709999999999 61.8451 0
49.03588590399478 61.5 1
100 61.5 0
100 64.5 1
76.14555038560141 64.5 0
76.79771949221691 67.5 1
100 67.5 0
100 70.5 1
77.44988859883242 70.5 0
78.10205770544789 73.5 1
100 73.5 0
100 76.5 1
78.75422681206339 76.5 0
79.4063959186789 79.5 1
100 79.5 0
100 82.5 1
79.95001668565556 82.5 0
77.88621399146618 85.5 1
100 85.5 0
100 88.5 1
0 88.5 0
0 85.5 1
75.01948340548043 85.5 0
76.95310000000001 86.85640000000001 1
63.18770000000001 77.2002 0
63.67882905959752 76.5 1
36.23922508925817 76.5 0
35.56244984352273 73.5 1
65.7830666756966 73.5 0
67.88730429179566 70.5 1
0 70.5 0
0 67.5 1
69.99154190789474 67.5 0
72.0957795239938 64.5 1
44.82256623633214 64.5 0
36.91600033499361 79.5 1
66.46618086410803 79.5 0
70.74283213479421 82.5 1
26.03498979188278 82.5 0
37.157 80.56829999999999 1
28.245 81.87430000000001 1
17.3493 84.95910000000001 0
15.3976 77.9256 1
35.10980000000001 71.49350000000001 0
28.96055958085229 73.5 1
0 73.5 0
0 100 1
100 100 0
100 97.5 1
0 97.5 0
0 94.5 1
100 94.5 0
100 91.5 1
0 91.5 0
0 82.5 1
16.66693340157816 82.5 0
15.8344744551077 79.5 1
0 79.5 0
0 76.5 1
19.76657938775828 76.5 0
14.1051 54.70650000000001 1
18.3212 52.57810000000001 0
18.30760428960508 52.5 1
56.71770866672391 52.5 0
55.76309999999999 52.90049999999999 0