12.3989 20.0371
4.02402 13.2518
1.26375 17.0747
8.12261 25.4171

12.5367 83.0197
11.1074 82.8076
11.4503 77.9825
5.71792 77.3035
4.68584 83.1749
8.15181 87.3158
11.9477 87.7378

14.2687 27.6757
8.11146 26.3796
7.22202 27.1704
5.75002 33.506
12.3263 34.5294

23.6882 9.98137
16.7347 2.92871
13.7814 6.09854
20.782 13.2394

27.8539 55.0816
21.327 50.9882
18.8815 55.7952
20.1763 56.7595
18.1198 60.5662
23.602 63.7926

33.9951 39.9877
29.5592 38.4207
26.9613 45.0765
30.5807 46.446
33.1693 42.3806

37.5817 31.5397
35.7958 24.8589
32.3388 25.5696
29.115 26.6448
31.8416 33.8695

42.6307 60.1963
41.0393 53.9562
34.0314 55.5772
35.7012 61.9081

50.1422 69.3845
47.7894 66.9353
41.7997 68.1916
40.3279 69.3586
45.2989 74.937
48.3353 72.4609
47.4771 71.2922

75.7301 25.8534
75.6573 23.1153
60.1936 15.1381
60.0269 24.0989

90.7268 48.2818
83.258 48.2361
83.0257 54.6896
90.3305 55.0776