46.38120000000001 50.7834 0
50.5 48.93845207335681 1
50.5 0 0
53.5 0 1
53.5 47.5946519908256 0
56.5 46.25085190829439 1
56.5 0 0
59.5 0 1
59.5 50.25092608465258 0
56.8015 46.11579999999999 1
61.3306 53.0561 0
59.5 53.76639013519868 1
59.5 66.71076786269094 0
61.8353 66.304 1
62.8199 71.10059999999999 0
62.5 69.54216780418443 1
62.5 0 0
65.5 0 1
65.5 100 0
68.5 100 1
68.5 0 0
71.5 0 1
71.5 100 0
74.5 100 1
74.5 0 0
77.5 0 1
77.5 100 0
80.5 100 1
80.5 0 0
83.5 0 1
83.5 100 0
86.5 100 1
86.5 0 0
89.5 0 1
89.5 100 0
92.5 100 1
92.5 0 0
95.5 0 1
95.5 100 0
98.5 100 1
98.5 0 0
47.5 0 1
47.5 50.28225215588803 0
46.38120000000001 50.7834 0