46.38120000000001 50.7834 0
0 100 1
0 0 0
2.5 0 1
2.5 100 0
5.5 100 1
5.5 0 0
8.5 0 1
8.5 100 0
11.5 100 1
11.5 0 0
14.5 0 1
14.5 100 0
17.5 100 1
17.5 0 0
20.5 0 1
20.5 100 0
23.5 100 1
23.5 0 0
26.5 0 1
26.5 100 0
29.5 100 1
29.5 0 0
32.5 0 1
32.5 100 0
35.5 100 1
35.5 0 0
38.5 0 1
38.5 100 0
41.5 100 1
41.5 0 0
44.5 0 1
44.5 100 0
58.2444 84.3066 0
59.5 82.27782245073789 1
59.5 100 0
62.5 100 1
62.5 77.43047246046524 0
65.44059999999999 72.67910000000001 1
58.2444 84.3066 0
56.5 82.71526527594034 1
56.5 100 0
53.5 100 1
53.5 79.97850525978637 0
51.0635 77.75579999999999 1
57.2705 68.637 0
56.5 69.76895350410825 1
56.5 54.93041854424271 0
53.5 56.09444695328675 1
53.5 74.17630004833254 0
47.5 53.54487468600743 1
47.5 100 0
50.5 100 1
50.5 57.2584753623308 0
49.2077 57.7599 1
46.38120000000001 50.7834 0
46.38120000000001 50.7834 0