48.4552 49.3734 0
40.08280000000001 36.825 1
34.1589 40.60209999999999 0
34.31903083847396 40.5 1
0 40.5 0
0 43.5 1
7.126342187785513 43.5 0
5.01071 45.6138 1
9.283110000000001 41.3451 0
0 37.5 1
39.02414852135237 37.5 0
38.59334149313507 25.5 1
63.03102232413525 25.5 0
64.30430000000001 27.0594 1
75.4443 16.7095 0
75.29020184732605 16.5 1
100 16.5 0
100 13.5 1
73.08354572311674 13.5 0
71.3511 11.1447 1
60.10250000000001 21.9134 0
62.6234515763277 19.5 1
9.34030446371667 19.5 0
9.883220000000001 20.1124 1
4.95204 24.3911 0
2.928799754657351 24.3911 1
0.439493 21.64100322228371 0
0.439493 17.44467876687978 1
3.1590712744495 15.1542 0
0 10.5 1
100 10.5 0
100 1.5 1
0 1.5 0
0 4.5 1
100 4.5 0
100 7.5 1
0 7.5 0
5.487590000000001 15.1542 1
0 15.1542 1
0 24.3911 1
0.439493 24.3911 1
0.439493 15.1542 0
0 13.5 1
68.8908376117823 13.5 0
65.75714459405501 16.5 1
6.680692104392721 16.5 0
9.883220000000001 20.1124 0
7.131523136934119 22.5 1
29.87669460944206 22.5 0
29.2607657314531 25.5 1
0 25.5 0
0 28.5 1
29.40786871816054 28.5 0
28.7192 28.1378 1
34.24299999999999 31.043 1
36.979 31.7442 0
36.02616029663433 31.5 1
0 31.5 0
0 34.5 1
69.16582720171627 34.5 0
69.02979999999999 32.447 1
74.6953 31.4577 1
76.4281 32.98260000000001 0
74.74336704701946 31.5 1
94.38750786966133 31.5 0
95.15362856647076 28.5 1
37.81773781621806 28.5 0
37.04213413930104 31.5 1
74.45305735368444 31.5 0
72.44077629445695 19.5 1
100 19.5 0
100 22.5 1
69.21175958898155 22.5 0
65.98274288350612 25.5 1
100 25.5 0
97.2794660975099 26.2489 1
99.18379999999999 33.4928422088268 0
99.18379999999999 41.02187204601957 1
97.1927736124743 41.8661 0
100 46.5 1
62.20716919191919 46.5 0
62.2381 45.03489999999999 1
65.37389999999999 44.5681 0
65.28607135801781 43.5 1
100 43.5 0
99.18379999999999 41.8661 1
99.18379999999999 26.2489 1
100 26.2489 1
100 41.8661 1
93.3503 41.8661 0
92.76818238306879 40.5 1
60.66518889875665 40.5 0
60.4952 39.8665 1
54.12860000000001 40.378 0
54.17537988589625 40.5 1
42.53479148895477 40.5 0
44.53641719422396 43.5 1
54.14081858949555 43.5 0
48.4552 49.3734 0