48.4552 49.3734 0
48.25560780526702 49.5 1
100 49.5 0
100 52.5 1
43.52593494429556 52.5 0
58.0617 49.21550000000001 1
57.1558 46.5538 1
54.9592 47.25279999999999 0
54.79503523613629 46.5 1
46.53804289949316 46.5 0
40.53316578368556 37.5 1
75.19626278212803 37.5 0
77.44030000000001 38.0367 0
78.50341414843368 37.5 1
92.85526647604246 37.5 0
93.62138717285188 34.5 1
80.72051619806487 34.5 0
81.08879999999999 36.1948 1
77.44030000000001 38.0367 1
69.27070000000001 36.08280000000001 0
60.58146927322191 22.5 1
39.36894517005209 22.5 0
39.4062 22.3559 1
30.3935 19.9828 0
10.85930033012004 43.5 1
35.72458436196956 43.5 0
37.34543155680329 46.5 1
0 46.5 0
0 49.5 1
38.96627875163703 49.5 0
40.58712594647078 52.5 1
0 52.5 0
0 55.5 1
100 55.5 0
100 58.5 1
0 58.5 0
0 61.5 1
100 61.5 0
100 64.5 1
0 64.5 0
0 67.5 1
61.55686939152025 67.5 0
61.8939 65.17660000000001 1
69.46010000000001 66.26669999999999 0
69.28456536899492 67.5 1
100 67.5 0
100 70.5 1
68.85757769931578 70.5 0
68.68209999999999 71.7329 1
61.0526 70.97630000000001 0
61.12169170991604 70.5 1
0 70.5 0
0 73.5 1
100 73.5 0
100 76.5 1
0 76.5 0
0 79.5 1
100 79.5 0
100 82.5 1
0 82.5 0
0 85.5 1
100 85.5 0
100 88.5 1
0 88.5 0
0 91.5 1
100 91.5 0
100 94.5 1
0 94.5 0
0 97.5 1
100 97.5 0
100 100 1
0 100 0
41.3372 53.8883 1
48.4552 49.3734 0
48.4552 49.3734 0