66.04140000000001 52.6199 0
100 100 1
0 100 0
0 97.5 1
100 97.5 0
100 94.5 1
0 94.5 0
0 91.5 1
100 91.5 0
100 88.5 1
0 88.5 0
0 85.5 1
100 85.5 0
100 82.5 1
0 82.5 0
0 79.5 1
100 79.5 0
100 76.5 1
0 76.5 0
0 73.5 1
100 73.5 0
100 70.5 1
0 70.5 0
0 67.5 1
100 67.5 0
100 64.5 1
0 64.5 0
0 61.5 1
100 61.5 0
100 58.5 1
0 58.5 0
0 55.5 1
100 55.5 0
100 52.5 1
75.35306471884365 52.5 0
75.26840000000001 53.1245 1
71.31299999999999 52.56789999999999 0
70.63329999999999 53.7247 1
66.04140000000001 52.6199 0
66.04140000000001 52.6199 0