45.5 56.5 0
19.5 39 1
60.5 39 0
60.5 38 1
19.5 38 0
19.5 37 1
60.5 37 0
60.5 36 1
19.5 36 0
19.5 35 1
60.5 35 0
60.5 34 1
19.5 34 0
19.5 33 1
60.5 33 0
60.5 32 1
19.5 32 0
19.5 31 1
60.5 31 0
60.5 30 1
19.5 30 0
19.5 29 1
60.5 29 0
60.5 28 1
19.5 28 0
19.5 27 1
60.5 27 0
60.5 26 1
19.5 26 0
19.5 25 1
60.5 25 0
60.5 24 1
13.5 24 0
13.5 23 1
60.5 23 0
60.5 22 1
13.5 22 0
13.5 21 1
60.5 21 0
60.5 20 1
13.5 20 0
13.5 19 1
60.5 19 0
60.5 18 1
13.5 18 0
13.5 17 1
60.5 17 0
60.5 16 1
13.5 16 0
13.5 15 1
60.5 15 0
60.5 14 1
13.5 14 0
13.5 13 1
60.5 13 0
29.5 11 1
60.5 11 0
60.5 12 1
29.5 12 0
60.73240812075601 40 1
15.5 40 0
15.5 41 1
60.06574145408933 41 0
59.39907478742266 42 1
15.5 42 0
15.5 43 1
58.73240812075599 43 0
58.06574145408933 44 1
15.5 44 0
15.5 45 1
57.5 45 0
57.5 46 1
15.5 46 0
15.5 47 1
57.5 47 0
57.5 48 1
15.5 48 0
15.5 49 1
45.5 49 0
45.5 50 1
15.5 50 0
15.5 51 1
45.5 51 0
45.5 52 1
23.5 52 0
23.5 53 1
45.5 53 0
45.5 54 1
23.5 54 0
23.5 55 1
45.5 55 0
45.5 56.5 0