48.91500000000001 42.77719999999999 0
47.1282259312746 43.5 1
50.1186339877446 43.5 0
48.5422515912948 41.84778521172414 1
53.23358456022883 44.66500000000001 0
38.0958 52.6093 1
24.745 56.49930000000001 0
24.33869382280741 55.5 1
0 55.5 0
0 52.5 1
23.11892145056907 52.5 0
0 37.5 1
40.94241050120365 37.5 0
37.2564 33.9198 1
28.3344 34.7684 0
28.43629240926527 34.5 1
0 34.5 0
0 31.5 1
21.76643140411328 31.5 0
22.6157 32.23180000000001 0
24.48935534946335 32.23180000000001 1
28.53225534946335 26.8305 0
26.6586 26.8305 1
22.9649 23.6978 0
21.22212263861221 25.5 1
9.875364361599086 25.5 0
8.87002 28.5042 0
8.835101786305017 28.5 1
2.33227012309776 28.5 0
2.330326916181978 28.5042 1
0 28.5042 1
0 21.8539 1
5.407209999999999 21.8539 1
8.511150000000001 23.3904 0
6.712420305239183 22.5 1
32.99183976836825 22.5 0
31.8529529285925 25.5 1
25.08983572317809 25.5 0
26.4617 22.229 1
19.0531 19.1899 0
19.80904974169985 19.5 1
0 19.5 0
0 16.5 1
20.12842132649404 16.5 0
21.32770902472897 13.5 1
0 13.5 0
0 22.82415963796155 1
0.4489083901410892 21.8539 0
3.754442796713697 21.8539 1
0.6775597128956738 28.5042 0
3.08443 26.8743 1
6.35674 28.2019 1
8.87002 28.5042 0
8.871425514386097 28.5 1
18.32103947128154 28.5 0
18.3046 28.517 1
22.6157 32.23180000000001 1
29.29736678592505 32.23180000000001 1
31.34785661515196 26.8305 0
30.38898743014466 29.35630630011349 1
28.23666604839004 32.23180000000001 0
29.72 13.7032 1
22.6225 10.2611 0
22.52699672296389 10.5 1
0 10.5 0
0 7.5 1
100 7.5 0
100 4.5 1
0 4.5 0
0 1.5 1
100 1.5 0
100 10.5 1
23.11510415153541 10.5 0
29.30100810551698 13.5 1
100 13.5 0
100 16.5 1
28.65114857960543 16.5 0
27.5046403340449 19.5 1
34.13072660814399 19.5 0
34.5099 18.5012 1
37.2222 18.1189 0
37.22518929934371 19.5 1
100 19.5 0
84.01900000000001 20.779 1
89.09200000000001 22.329 0
89.00830772593594 22.5 1
100 22.5 0
100 25.5 1
75.20723531113387 25.5 0
75.2004 25.4404 1
68.0128 26.4332 0
68.28554803796396 28.5 1
51.02260518754645 28.5 0
50.9898 28.4803 1
66.45269999999999 37.76600000000001 0
66.00974670622571 37.5 1
100 37.5 0
100 34.5 1
61.01403286666596 34.5 0
56.0183190271062 31.5 1
68.68144706732915 31.5 0
68.8707 32.9341 1
75.90610000000001 31.5937 0
75.895353881657 31.5 1
100 31.5 0
100 28.5 1
75.55129459639542 28.5 0
75.2004 25.4404 0
74.7689123287671 25.5 1
37.23817590137271 25.5 0
37.23168260035821 22.5 1
83.16235724030403 22.5 0
82.9974 22.8314 1
87.8605 24.8452 0
73.31800000000001 37.9041 1
82.15369999999999 43.962 0
81.47985371663449 43.5 1
100 43.5 0
100 40.5 1
77.10422849997525 40.5 0
86.36492549951964 45.67230000000001 1
77.34016331115066 50.76616163887817 0
76.5009 51.9525 1
80.94376522245167 45.67230000000001 0
82.15369999999999 43.962 1
80.94376522245167 45.67230000000001 1
87.5522 45.67230000000001 1
92.06450000000001 47.0034 0
90.35802278566601 46.5 1
100 46.5 0
100 49.5 1
91.40881236301442 49.5 0
91.30756217013351 52.5 1
100 52.5 0
100 55.5 1
90.57020564274157 55.5 0
92.4699 54.31610000000001 1
80.86490000000001 61.5484 0
80.94256298411293 61.5 1
100 61.5 0
100 58.5 1
85.75638431342725 58.5 0
100 64.5 1
0 64.5 0
0 67.5 1
100 67.5 0
100 70.5 1
0 70.5 0
0 73.5 1
100 73.5 0
100 88.5 1
91.03394119847215 88.5 0
85.98866147126071 91.5 1
100 91.5 0
100 94.5 1
80.94338174404925 94.5 0
79.76060000000001 95.20330000000001 1
92.4853 87.637 0
90.69824267058766 85.5 1
100 85.5 0
100 82.5 1
88.18950519364003 82.5 0
85.68076771669243 79.5 1
100 79.5 0
100 76.5 1
63.06611923477743 76.5 0
61.90589145451838 79.5 1
77.04969909290747 79.5 0
84.09649999999999 77.60550000000001 1
69.37540000000001 81.56319999999999 0
70.08865396148121 82.5 1
60.74566367425933 82.5 0
59.5854358940003 85.5 1
72.37277211310769 85.5 0
79.22512656798705 94.5 1
0 94.5 0
0 97.5 1
100 97.5 0
100 100 1
0 100 0
0 91.5 1
76.9410084163606 91.5 0
74.65689026473413 88.5 1
22.44190641366755 88.5 0
21.5995 90.40729999999999 1
15.639 87.3109 0
17.92799061813721 88.5 1
0 88.5 0
16.45678460502693 85.5 1
0 85.5 0
0 82.5 1
17.81155505898948 82.5 0
19.16632551295204 79.5 1
0 79.5 0
0 76.5 1
62.81432320067735 76.5 0
63.0836 76.45480000000001 1
54.6407 77.87200000000001 0
55.70908201155544 85.5 1
22.63833460622693 85.5 0
23.86218454897399 82.5 1
55.28890030800716 82.5 0
54.86871860445886 79.5 1
22.84796404471952 79.5 0
24.6953 80.45779999999999 1
19.8648 77.95330000000001 0
28.17467980462723 55.5 1
78.50526722361491 55.5 0
79.67564258390115 58.5 1
0 58.5 0
0 61.5 1
80.84601794418739 61.5 0
77.33489186332866 52.5 1
38.05744021183958 52.5 0
39.71217417950898 46.5 1
75.2655449239771 46.5 0
75.94524510335697 49.5 1
37.00456405007117 49.5 0
36.4192 47.8321 1
48.91500000000001 42.77719999999999 1
52.0586361954403 44.66500000000001 1
61.97450000000001 44.66500000000001 0
62.73071147992462 43.5 1
74.58584474459724 43.5 0
73.9061445652174 40.5 1
64.67803717930136 40.5 0
61.97450000000001 44.66500000000001 0
59.06086152007627 44.66500000000001 1
46.69356761592836 37.23825721528651 0
46.1151 35.7959 0
50.97701256124076 28.5 1
37.2446692023872 28.5 0
37.2511625034017 31.5 1
49.02968686186404 31.5 0
47.08236116248732 34.5 1
31.15630054206926 34.5 0
32.119 40.4068 0
32.14644118314283 40.5 1
0 40.5 0
0 43.5 1
33.02974106971469 43.5 0
33.4688 44.99120000000001 1
22.0121 49.7778 0
22.67701272719675 49.5 1
0 49.5 0
0 46.5 1
29.85749574228052 46.5 0
32.119 40.4068 1
46.1151 35.7959 1
48.91500000000001 42.77719999999999 0
48.91500000000001 42.77719999999999 0