41.27809999999999 55.42100000000001 0
40.5 56.72739031334001 1
40.5 100 0
37.5 100 1
37.5 61.76423768516884 0
43.5 100 1
43.5 0 0
46.5 0 1
46.5 100 0
49.5 100 1
49.5 0 0
52.5 0 1
52.5 100 0
55.5 100 1
55.5 0 0
58.5 0 1
58.5 100 0
61.5 100 1
61.5 0 0
64.5 0 1
64.5 100 0
67.5 100 1
67.5 0 0
70.5 0 1
70.5 100 0
73.5 100 1
73.5 0 0
76.5 0 1
76.5 100 0
79.5 100 1
79.5 0 0
82.5 0 1
82.5 100 0
85.5 100 1
85.5 0 0
88.5 0 1
88.5 100 0
91.5 100 1
91.5 0 0
94.5 0 1
94.5 100 0
97.5 100 1
97.5 0 0
100 0 1
100 100 0
36.1814 63.9781 0
34.3582 60.2385 0
34.5 60.13978159366465 1
34.5 0 0
37.5 0 1
37.5 58.05123985173196 0
40.5 55.96269810979928 1
40.5 0 0
1.5 0 1
1.5 100 0
4.5 100 1
4.5 0 0
7.5 0 1
7.5 100 0
10.5 100 1
10.5 0 0
13.5 0 1
13.5 100 0
16.5 100 1
16.5 0 0
19.5 0 1
19.5 100 0
22.5 100 1
22.5 0 0
25.5 0 1
25.5 100 0
28.5 100 1
28.5 0 0
31.5 0 1
31.5 100 0
34.5 100 1
34.5 60.52934866169373 0
34.3582 60.2385 1
36.1814 63.9781 1
41.27809999999999 55.42100000000001 0
41.27809999999999 55.42100000000001 0