54.5621 49.36660000000001 0
55.5 49.17918899624095 1
55.5 60.01660513799321 0
52.5 58.05036027517421 1
52.5 0 0
49.5 0 1
49.5 56.08411541235522 0
46.5 54.11787054953624 1
46.5 0 0
43.5 0 1
43.5 52.15162568671724 0
40.5 50.18538082389824 1
40.5 0 0
36.8776 16.3116 0
34.5 20.14927845950538 1
34.5 54.97331288983315 0
33.3445 56.751 1
38.47490000000001 48.85809999999999 0
37.5 50.35794176867302 1
37.5 0 0
34.5 0 1
34.5 14.99929175424774 0
36.8776 16.3116 1
32.64 23.1515 0
31.5 22.51516812934147 1
31.5 100 0
34.5 100 1
34.5 57.51083316530226 0
37.5 59.48357180304069 1
37.5 100 0
40.5 100 1
40.5 61.45631044077912 0
43.5 63.42904907851756 1
43.5 100 0
46.5 100 1
46.5 65.401787716256 0
49.5 67.37452635399444 1
49.5 100 0
52.5 100 1
52.5 69.34726499173286 0
55.5 71.3200036294713 1
55.5 100 0
58.5 100 1
58.5 72.47420068377104 0
58.14149999999999 73.05699999999999 1
63.0993 64.9973 0
61.5 67.59721895800558 1
61.5 100 0
64.5163 98.74279999999999 1
74.07640000000001 98.74279999999999 0
70.77789567042188 98.74279999999999 1
74.07640000000001 95.0714995178767 0
74.07640000000001 92.8271 1
74.07640000000001 100 1
64.5163 100 1
64.5163 98.74279999999999 1
64.5163 94.16929999999999 1
68.9897 88.05240000000001 0
67.5 90.08940673536907 1
67.5 0 0
70.5 0 1
70.5 89.47006359525821 0
73.5 92.28605431615782 1
73.5 0 0
76.5 0 1
76.5 14.99284410364627 0
78.3091 14.5334 1
89.3912 51.87220000000001 0
85.5 38.76162180994574 1
85.5 0 0
88.5 0 1
88.5 21.19483693129615 0
87.7551 21.0683 1
86.81209999999999 24.2255 0
89.43469999999999 27.5083 1
90.1104 25.5208 0
88.5 24.88836780159476 1
88.5 48.86948945236009 0
89.3912 51.87220000000001 0
88.5 52.14406083163999 1
88.5 100 0
91.5 100 1
91.5 28.3924944769406 0
82.5 28.6537541675314 1
82.5 0 0
79.5 0 1
79.5 18.54588652511706 0
90.69380000000001 21.5675 1
91.3835 19.4109 0
91.5 19.46246709241358 1
91.5 0 0
94.5 0 1
94.5 20.79037505156176 0
95.40780000000001 21.1922 1
95.05629999999999 23.3768 1
96.8887 23.8693 1
94.6148 29.726 0
94.5 29.67685192177757 1
94.5 100 0
97.5 100 1
97.5 0 0
100 0 1
100 100 0
66.71482272109498 98.74279999999999 0
64.5163 96.37420004595231 1
66.71482272109498 98.74279999999999 0
64.5 100 1
64.5 0 0
61.5 0 1
61.5 63.94909486363119 0
58.5 61.98285000081221 1
58.5 48.5797295535742 0
85.5 46.17017045153617 1
85.5 100 0
82.5 100 1
82.5 36.05403026184233 0
79.5 25.93789007214849 1
79.5 100 0
76.5 100 1
76.5 15.82174988245465 0
76.2714 15.0509 1
87.37350000000001 52.4877 0
54.5621 49.36660000000001 0