54.5621 49.36660000000001 0
25.8039 43.8565 1
29.9231 38.80370000000001 0
28.5 40.54933985239853 1
28.5 100 0
25.5 100 1
25.5 43.62671944908602 0
22.5 41.35840206592739 1
22.5 100 0
19.5 100 1
19.5 0 0
16.5 0 1
16.5 52.29399023055011 0
18.0275 53.7 0
13.5 58.95254407614129 1
13.5 100 0
16.5 100 1
16.5 55.47211730012278 0
18.0275 53.7 1
10.1264 62.8664 0
10.5 62.43297085215983 1
10.5 100 0
7.5 100 1
7.5 60.25590102383528 0
6.06813 58.8327 1
13.5339 49.5638 0
13.5 49.60588751542038 1
13.5 0 0
10.5 0 1
10.5 53.33044640217955 0
7.5 57.05500528893872 1
7.5 0 0
4.5 0 1
4.5 100 0
1.5 100 1
1.5 0 0
28.5 15.77996740451389 1
28.5 0 0
31.5 0 1
31.5 13.34345194214446 0
30.1505 12.5986 1
26.4641 19.7042 0
28.5 20.84061057497693 1
28.5 37.70703248501987 0
25.5 35.3951762943513 1
25.5 0 0
22.5 0 1
22.5 36.08602777682989 0
19.8792 39.3768 1
23.9819 34.2253 0
55.5 43.66063150960385 1
55.5 0 0
58.5 0 1
58.5 43.11762430672269 0
53.25490000000001 44.06699999999999 1
54.5621 49.36660000000001 0
54.5621 49.36660000000001 0