46.7594 44.1887 0
46.7594 44.1887 1
53.4738 39.2103 0
74.80869999999999 29.496 1
77.18340000000001 27.6048 0
90.34050280630424 20.45942967884866 1
82.02660739434961 19.8330834768819 0
82.18039999999999 18.9502 1
93.9802 21.1326 0
76.16369055099395 28.41689184737451 1
100 30.21265438136329 0
100 33.22115589229652 1
27.19915510834655 27.73653882190471 0
28.27480825934241 21.80057257430307 1
71.21242549888646 25.03537553331313 0
73.79481102208157 28.23842692541776 1
27.73698168384448 24.76855569810389 0
27.1473 28.0227 1
0 25.97749646951024 1
0 5.031324566300754 0
0 4.627918092468166 1
52.03782059810258 8.548305549277224 0
51.8511 9.508279999999999 1
57.2047 10.1614 0
72.9308562838452 7.113828355573679 1
57.7674699107301 5.971460188408789 0
57.36743229980699 8.949823956944481 1
74.38097538987245 10.23157788436789 0
72.01499999999999 9.451709999999999 1
79.92169999999999 12.0579 0
86.30518091904665 17.14691802434749 1
100 18.17864833763037 0
100 21.1871498485636 1
93.08156545316487 20.66593386168279 0
93.9802 21.1326 1
80.98670000000001 14.385 0
80.68809999999999 15.5111 1
69.31610000000001 13.813 0
69.06562673144964 15.84813703734167 1
46.01964018005955 14.11191527464252 0
46.3642 13.8624 1
38.79940000000001 19.3405 0
42.25663268287754 16.83692206534589 1
68.69875884679581 18.8289997225752 0
68.49080000000001 20.5187 1
81.47030000000001 23.0267 0
81.50933415554121 22.80261503300419 1
100 24.19565135949683 0
100 27.20415287043006 1
75.50324218711171 25.35863395825567 0
79.54456659089922 22.65459480411227 1
28.81263483484034 18.83258945050224 0
29.35046141033826 15.86460632670142 1
36.36648780320584 16.3931746170545 0
35.54219999999999 15.3946 1
43.55459999999999 10.1273 0
42.47588958221881 10.83643726019406 1
30.42611456133412 9.928640079099775 0
29.88828798583619 12.8966232029006 1
38.37001405378062 13.5356133086867 0
43.55459999999999 10.1273 0
44.18487180302374 10.96518731900412 1
100 15.17014682669714 0
100 7.935741649814089 1
97.6009 7.755000000000001 1
97.7834 10.4906 1
97.7834 7.768749052182514 0
97.6009 7.755000000000001 1
92.702 7.93962 0
92.7328653953125 8.605657706763797 1
82.79622372204528 7.857058227943513 0
80.83850925478382 10.71807087110227 1
92.87277326736984 11.62469949514174 0
92.9537 13.371 1
97.70590000000001 12.8803 1
97.76280649442282 13.73330496516762 0
98.5 13.78884311298565 1
98.5 7.822735741464651 0
100 6.144642293897455 1
84.19653951431093 4.95405268906431 0
84.45910000000001 4.27061 1
75.4145 0.773898 0
77.05306965391571 1.407381644570559 1
100 3.136140782964225 0
98.30576196552073 0 1
100 0.1276392720309957 0
100 0 1
0 0 0
0 1.619416581534936 1
52.61454060242751 5.583252550312013 0
52.818 4.53722 1
57.9092 4.91625 0
58.37198918927317 0 1
75.22042226975785 1.269314989683241 0
74.07563927680152 4.191571672628459 1
18.43821641302559 0 0
30.477 9.647829999999999 1
12.1947 5.95004 0
10.69366767682864 5.836956319238771 1
9.23291 14.94512535435801 0
1.732909999999999 26.10804918193545 1
1.732909999999999 5.161877278725967 0
4.73291 5.387889095424841 1
4.73291 26.33406099863432 0
7.73291 26.56007281533319 1
7.73291 5.613900912123713 0
9.23291 5.726906820473149 1
9.23291 24.4175 0
9.23291 25.94757350380099 1
14.99506022758134 27.10718340402512 0
34.32058849784788 40.30705423159137 1
0 37.7214347127337 0
0 34.71293320180045 1
37.01714999820173 37.50170430850321 0
37.61790000000001 36.8974 1
40.45467489017236 39.28123573565712 0
38.46700686023036 37.61093256961668 1
44.10373360111565 38.03558818659755 0
42.29259999999999 39.41970000000001 1
49.2632 34.0926 0
47.68715450798885 35.2970518320507 1
0 31.70443169086723 0
0 28.695930179934 1
100 36.22965740322975 0
100 39.23815891416298 1
50.42379324817688 35.50322272982349 0
53.06260927916966 38.71052544245632 1
100 42.24666042509621 0
100 45.25516193602944 1
50.3644210139374 41.51575280951597 0
46.7594 44.1887 0