46.7594 44.1887 0
46.7594 44.1887 1
42.29259999999999 39.41970000000001 1
40.45467489017236 39.28123573565712 1
46.24880280491172 44.15023300011225 1
46.7594 44.1887 0
40.61864163993768 43.79003388662785 1
100 48.26366344696267 0
100 51.2721649578959 1
38.15733102505956 46.61310696971813 0
36.8404 48.1236 1
32.39279999999999 44.51900000000001 0
33.43297420253515 43.24868530272076 1
0 40.72993622366693 0
0 43.73843773460015 1
34.65068678056623 46.34892595764661 0
32.6743335593189 49.20853440792224 1
100 54.28066646882912 0
100 57.28916797976235 1
36.10849649395223 52.47575638675428 0
37.07040000000001 53.3909 1
31.3002 47.9012 0
30.13593011333896 49.01729801647538 1
0 46.74693924553338 0
0 49.75544075646661 1
27.22624752567051 51.80659197818993 0
24.31656493800205 54.59588593990449 1
0 52.76394226739984 0
0 55.77244377833307 1
21.4068823503336 57.38517990161904 0
20.2936 58.4524 1
24.0633 62.1337 0
22.7614647079202 63.50423346332096 1
0 61.78944680019953 0
0 58.7809452892663 1
22.35461178148723 60.46508076271027 0
20.09460764250063 66.31182123751029 1
0 64.79794831113276 0
1.024557076030982 67.13326642832436 1
4.796853689481393 78.49487328605679 0
6.417920000000001 78.61699999999999 1
0 78.13349141379067 1
0 67.05607909296921 1
2.645623386549588 67.25539314226759 0
2.90115427031777 68.02501487111871 1
7.835244664330151 68.39673578235445 0
9.703309999999998 67.78710000000001 1
3.49487 69.81319999999999 0
0 73.56802690137218 1
1.554721068444179 78.25061985817035 0
0 79.8404558657989 1
49.85919614040195 83.5967116987448 0
48.79425733969683 86.52498362533785 1
0 82.84895737673213 0
0 85.85745888766536 1
47.72931853899169 89.45325555193094 0
28.15720920240026 95.5 1
0 95.5 0
0 93.37871266499843 1
69.69839999999999 98.62960000000001 1
47.0193 91.40559999999999 0
51.14220875276186 92.71887490200015 1
0 88.86596039859859 0
0 91.87446190953182 1
63.51300291758729 96.65935830066672 0
67.97813596390307 98.5 1
0 98.5 0
18.34382474454772 72.19692505157286 1
10.98389540186802 71.64244805106807 0
9.95894885663289 68.55672986323225 1
17.42775057708106 69.11940901169962 0
16.1687 70.44489999999999 1
22.6 75.62520000000001 0
22.46423961776806 75.51584737952263 1
12.00884194710315 74.72816623890392 0
12.4667 76.10659999999999 1
8.030370000000001 78.6223 0
9.875560022801171 77.57595210875635 1
63.17200663084719 81.59116101591601 0
63.0701 82.01079999999999 1
70.7176 80.29859999999999 0
64.49816542910935 81.69107020232482 1
87.69530758329893 83.4386796158216 0
87.93302295432812 80.44808693250957 1
75.70167900252088 79.52661084343731 0
74.73570341454069 76.44533536666205 1
100 78.34867855629497 0
98.5 79.53591841501648 1
98.5 99.16417454295799 0
100 99.27718045130743 1
70.39435937732284 97.0467722440857 0
69.75538430228053 98.5 1
89.68398472267165 98.5 0
86.53809999999999 97.99700000000001 1
95.84030000000001 98.96379999999999 1
97.4299 79.45529999999999 0
73.1652569774937 73.31852070497371 1
100 75.34017704536174 0
100 72.33167553442851 1
70.83796791811218 70.13468758460908 0
71.22730000000001 70.4477 1
66.75190000000001 66.84960000000001 0
66.04188279333439 69.77336361391127 1
31.89823885053279 67.20107461516724 0
28.83249616669077 69.97861143493168 1
65.32441375271259 72.72781296441244 0
64.60694471209081 75.68226231491363 1
25.76675348284875 72.75614825469609 0
22.70101079900672 75.53368507446052 1
63.889475671469 78.63671166541482 0
58.52752590253073 84.24976001783932 1
87.45759221226973 86.42927229913366 0
87.21987684124053 89.41986498244569 1
66.44585493872219 87.85480683900224 0
73.10329999999999 90.88579999999999 0
72.89941323200753 91.34950182794799 1
86.98216147021131 92.41045766575775 0
86.74444609918211 95.40105034906978 1
71.61900793920452 94.26154109676878 0
73.10329999999999 90.88579999999999 1
50.88679999999999 80.77109999999999 0
32.3438 66.79740000000001 1
28.7406 62.8203 0
29.84362445653132 64.03778406029937 1
100 69.32317402349528 0
100 66.31467251256205 1
30.29286213405796 61.06312689057528 0
32.78469413227802 58.24235320525074 1
100 63.30617100162881 0
100 60.29766949069558 1
35.27652613049808 55.42157951992621 0
46.7594 44.1887 0