14.1251 47.3764
5.45894 25.7695
1.72554 26.9365
10.3395 48.7364

12.6173 16.3248
11.4932 6.44854
3.9918 13.8208
9.18439 19.0178

49.3239 3.98852
48.6423 0.657555
17.3657 10.4264
17.9071 13.0716

36.9775 23.0413
35.4215 12.5718
28.096 12.794
28.6094 16.822
29.8638 17.1554
31.1447 23.8669

49.8507 84.641
46.4022 77.814
41.4038 73.3211
37.1507 70.9126
32.8409 70.5057
28.3398 70.5031
28.9522 75.6911
31.5031 82.6375
40.6468 79.939
42.8458 84.4925
44.5368 84.0559
45.3734 85.7382

62.3012 43.2095
59.278 41.6537
47.2952 72.1506
49.6959 73.3861

83.5533 11.6121
78.6365 6.18793
66.9969 15.1194
70.4895 18.9197
61.8744 27.1139
67.198 32.8198
77.7202 24.0702
74.4872 20.202

43.4231 50.0502
35.1358 50.0232
33.3133 61.2948
40.6957 62.7644

58.3089 23.5248
44.3861 22.0426
42.8799 36.1639
57.0492 37.273

60.588 3.10061
59.1761 1.97771
56.9405 1.40319
54.7743 5.9222
58.7609 7.60368

38.2484 96.5333
35.2879 92.4899
31.9232 95.2099
35.0297 98.9469
36.6863 98.2326

58.8923 92.4028
56.1656 84.7729
55.9291 89.484
46.2817 90.2436
46.5432 97.4228
57.7071 97.1108
57.6567 93.1262

73.4908 55.0336
73.1124 49.2299
69.1689 49.7103
69.7357 55.323

94.8509 64.7693
91.725 64.2536
89.946 67.1065
89.1573 71.4956
90.7839 72.3029
93.5812 72.0182