13.677 22.3281
10.3672 20.4585
2.92334 29.454
6.20966 32.1835

20.4847 12.5962
17.3185 8.19552
10.6742 13.4962
14.5365 17.6774

32.0146 54.3248
30.4414 52.9519
9.49767 73.2068
7.14188 78.3972

24.957 30.5009
16.4843 33.8755
16.7725 34.9232
24.5724 34.3999

23.6122 79.496
17.1547 74.4273
12.4003 80.757
18.8578 85.8257

63.4684 87.746
57.0851 76.4645
52.4335 78.7109
45.4567 67.3415
38.7036 70.9991
45.9222 84.8306
50.6704 82.2588
56.7329 91.94

74.2073 46.4695
71.4822 46.1932
61.6016 60.5157
70.4682 61.8216

81.3425 31.9201
79.3015 30.0935
62.8856 35.8625
69.2873 42.1348

53.3385 94.408
50.2433 93.2588
50.2485 91.5533
42.8864 88.6013
41.8135 91.6038
44.0314 92.497
43.4924 94.8511
47.018 96.0438
46.7078 98.1199
52.1088 99.4575

96.1775 70.5087
93.4585 60.7078
81.1181 64.0191
83.3281 72.4817

97.9105 43.6335
92.721 42.7211
91.3492 47.5246
90.829 58.2162
94.4969 59.2606

98.719 73.4186
94.4874 71.3075
91.4601 77.3892
95.6725 79.3819