49.6311 54.9002 0
66.28360000000001 57.0415 1
77.322 79.608 0
77.5 79.51374532922586 1
77.5 100 0
80.5 100 1
80.5 77.92518346224597 0
83.5 76.33662159526605 1
83.5 100 0
86.5 100 1
86.5 89.89685859238705 0
89.5 89.8567336484623 1
89.5 100 0
92.5 100 1
92.5 77.27018102295443 0
91.58850000000001 89.8288 1
93.03919999999999 69.84110000000001 0
92.5 69.80520941237648 1
92.5 0 0
95.5 0 1
95.5 100 0
98.5 100 1
98.5 0 0
76.76650000000001 23.4858 1
78.73390000000001 16.7346 1
78.73390000000001 0 1
53.0642 0 1
53.0642 12.58084791304982 0
53.0642 11.13332541069457 1
64.01554587685933 14.32986090218809 0
65.02383763057796 11.49898270656428 1
53.0642 8.008141801582504 0
53.0642 4.882958192470442 1
78.73390000000001 12.37556303105702 0
78.73390000000001 9.250379421944963 1
53.0642 1.75777458335838 0
57.74894985997138 0 1
78.73390000000001 6.125195812832901 0
78.73390000000001 3.000012203720839 1
68.45584384665025 0 0
78.73390000000001 15.49745384372172 1
65.0249 11.496 1
78.73390000000001 16.7346 0
77.5 20.96876980786826 1
77.5 58.40678326669901 0
80.5 63.97619727496279 1
80.5 0 0
83.5 0 1
83.5 69.54561128322655 0
86.5 72.94414101468624 0
85.56979999999999 89.9093 1
86.69329999999999 69.4187 0
89.5 69.60552142485699 1
89.5 0 0
86.5 0 1
86.5 72.94414101468624 0
86.34620000000001 74.8295 1
74.3904 52.6339 0
74.5 52.83736925843523 1
74.5 22.7894235686089 0
71.5 21.86768110482187 1
71.5 54.20538653476095 0
68.5 55.83646168155128 1
68.5 20.94593864103484 0
49.6311 54.9002 0