49.6311 54.9002 0
47.5 51.23264528353498 1
47.5 0 0
50.5 0 1
50.5 100 0
47.5 100 1
47.5 63.46500222544566 0
45.0448 63.27249999999999 0
44.5 61.19762824882829 1
44.5 100 0
41.5 100 1
41.5 56.17382463935421 0
43.4821 56.32859999999999 1
43.4734 60.82080000000001 0
38.5 55.93956497438404 1
38.5 70.69071051345244 0
36.0491 70.59200000000001 1
35.3873 76.01009999999999 0
35.5 75.08743473859172 1
35.5 55.70530530941387 0
32.5 55.47104564444369 1
32.5 100 0
29.5 100 1
29.5 0 0
32.5 0 1
32.5 45.03809635874624 0
33.2114 42.2889 1
32.24469999999999 46.0247 1
31.6145 55.4019 0
23.5 55.23150734130134 1
23.5 0 0
26.5 0 1
26.5 100 0
23.5 100 1
23.5 66.43856111496646 0
23.298 66.99189999999999 1
25.4595 61.07089999999999 1
21.0502 47.931 0
20.5 48.10517705631328 1
20.5 0 0
0 0 1
0 100 0
2.5 100 1
2.5 0 0
5.5 0 1
5.5 100 0
8.5 100 1
8.5 0 0
11.5 0 1
11.5 14.62549210165642 0
11.3285 14.5764 1
9.928719999999998 20.0174 0
11.5 20.51228998975209 1
11.5 100 0
14.5 100 1
14.5 52.19723284018799 0
13.8796 50.20099999999999 0
17.5 49.05488837754163 1
17.5 0 0
14.5 0 1
14.5 50.00459969876998 0
13.8796 50.20099999999999 1
19.3479 67.7961 0
17.5 61.85019628403708 1
17.5 100 0
20.5 100 1
20.5 67.56154421153894 0
37.2371 78.83799999999999 1
37.2118 76.4562 0
35.5 76.03765575226089 1
35.5 100 0
38.5 100 1
38.5 79.08924595070422 0
40.8723 79.56120000000001 0
74.5 73.83880672923613 1
74.5 100 0
71.5 100 1
71.5 67.70571678866503 0
68.5 61.57262684809393 1
68.5 100 0
65.5 100 1
65.5 20.02419617724782 0
64.50569999999999 19.7187 1
63.0919 23.8307 0
62.5 23.58027418550615 1
62.5 100 0
59.5 100 1
59.5 22.31101004716934 0
56.5 21.04174590883253 1
56.5 100 0
53.5 100 1
53.5 19.77248177049573 0
53.0642 19.5881 1
54.33929999999999 13.0681 0
53.5 12.74737952585892 1
53.5 17.35971320680731 0
35.5 41.75033476585563 1
35.5 0 0
38.5 0 1
38.5 42.32789827557936 0
40.0887 42.9389 0
41.5 44.05334938725234 1
41.5 0 0
44.5 0 1
44.5 46.42233412597341 0
44.87860000000001 46.7213 1
49.6311 54.9002 0
49.6311 54.9002 0