9.46575 75.3823
8.14687 70.4929
3.05189 72.2618
4.72704 77.282

21.1366 77.9375
19.3454 76.5065
16.3524 80.8363
18.5528 82.5702

39.6629 56.789
23.641 47.919
17.4058 60.7429
32.9323 69.0796

41.8531 71.4832
33.768 67.8091
34.2112 73.375

51.5353 49.8461
51.3064 44.3257
46.4091 44.9878
46.638 50.5083

61.2263 40.5224
55.2178 33.801
48.6524 38.852
49.7082 40.3099

63.7999 63.9099
63.0089 58.9309
61.138 56.712
52.7361 58.1306
60.1547 66.6523

62.7002 68.9187
56.8947 66.0904
54.2801 71.3352
60.7957 75.3329

81.3131 82.2447
80.8478 78.3725
68.3855 80.273
68.6523 84.169

94.8755 8.14818
78.5117 0.469466
75.3341 3.39858
68.9554 17.6576
87.0117 25.6976

82.4463 69.3092
81.0312 62.4273
73.1204 62.8278
75.1249 71.3546

89.44 43.4381
86.9052 37.3822
82.0028 39.4746
84.504 45.7681