58.4679 59.67449999999999 0
58.4679 65.91219091967139 1
50.67638516230969 73.39132128935339 0
48.4362 71.38323030655712 1
58.4679 61.75373030655713 0
58.4679 59.67449999999999 0
58.4679 59.67449999999999 1
34.12649999999999 34.57640000000001 0
32.5 35.25269703069992 1
32.5 25.72155744752678 0
31.1133 25.2775 1
37.1914 5.38625 0
35.5 4.800100199727876 1
35.5 10.92154231996843 0
32.5 20.73937190487161 1
32.5 3.760458837060044 0
31.1133 3.279901944522886 1
31.1133 0 1
44.982 0 1
44.982 8.08606 1
40.0506 28.4819 0
47.5 28.61841616071682 1
47.5 48.36564138915591 0
50.5 51.45890225336258 1
50.5 31.14507442908967 0
53.5 33.67173269746252 1
53.5 54.55216311756924 0
66.76249999999999 50.70829999999999 1
67.82329999999999 54.798 0
68.5 54.77166943136153 1
68.5 100 0
77.5 85.04527843753777 1
77.5 100 0
80.5 100 1
80.5 89.49970015893572 0
78.88999999999999 89.92259999999999 1
74.75550000000001 75.4152 0
74.5 62.12309939513388 1
74.5 100 0
71.5 100 1
71.5 54.6549386704403 0
72.45189999999999 54.61790000000001 1
75.3947 65.40170000000001 0
77.5 64.94510957015163 1
77.5 74.70121820388349 0
80.5 73.92076807149161 1
80.5 64.29447959364228 0
81.95050000000001 63.9799 1
79.64340000000001 54.1016 0
86.5 51.65666864310148 1
86.5 0 0
83.5 0 1
83.5 76.43587162440028 0
82.91309999999999 73.29300000000001 1
85.68520000000001 88.1377 0
83.5 88.71168803272897 1
83.5 100 0
86.5 100 1
86.5 57.00694238368465 0
89.5 59.23951308517789 1
89.5 100 0
92.5 100 1
92.5 61.43544470482139 0
92.48429999999999 61.46040000000001 1
99.91370000000001 49.65130000000001 0
98.5 51.89838922254826 1
98.5 100 0
95.5 100 1
95.5 56.66691696368483 0
99.91370000000001 49.65130000000001 0
98.5 48.65726585838641 1
98.5 0 0
95.5 0 1
95.5 46.54783498561228 0
92.5 44.43840411283817 1
92.5 0 0
89.5 0 1
89.5 47.0489149372862 0
91.608 43.8112 1
84.15350000000001 55.2607 0
80.5 57.76930048112348 1
80.5 0 0
77.5 0 1
77.5 53.53695007491713 0
74.5 52.74664039158755 1
74.5 0 0
71.5 0 1
71.5 51.95633070825797 0
68.5 51.16602102492838 1
68.5 0 0
65.5 0 1
65.5 100 0
61.08929999999999 97.50261813119471 1
47.3361 97.48610756615966 0
47.3361 94.48610540439978 1
61.08929999999999 94.5026159694348 0
61.08929999999999 91.50261380767489 1
47.3361 91.48610324263987 0
47.3361 88.48610108087996 1
61.08929999999999 88.50261164591498 0
61.08929999999999 87.00261056503501 1
60.99720000000001 87.0025 1
61.08929999999999 73.4933 0
54.96478171172284 73.43331963061203 1
58.4679 70.07065153278566 0
48.4362 69.304 1
20.7193 40.1511 0
23.49999999999999 43.07586680400766 1
23.49999999999999 46.58586116659866 0
24.6944 46.42010000000001 1
25.4431 53.8039 0
23.49999999999999 54.00287189381078 1
23.49999999999999 72.61574324571546 0
26.49999999999999 71.13937935831277 1
26.49999999999999 46.23129544140939 0
29.49999999999999 49.38672407881111 1
29.49999999999999 70.92119023881023 0
28.9713 69.92320000000001 1
32.4678 76.52330000000001 0
29.49999999999999 77.90253952245189 1
29.49999999999999 100 0
32.5 100 1
32.5 52.54215271621284 0
35.5 55.69758135361458 1
35.5 100 0
38.5 100 1
38.5 58.85300999101631 0
41.5 62.00843862841803 1
41.5 100 0
44.5 100 1
44.5 65.16386726581976 0
47.5 68.3192959032215 1
47.5 82.60562570139311 0
26.49999999999999 100 1
26.49999999999999 79.29674350093956 0
26.2946 79.3922 1
23.1772 72.77459999999999 0
23.49999999999999 73.45983810868029 1
23.49999999999999 100 0
20.49999999999999 100 1
20.49999999999999 54.3100695066111 0
19.612 54.401 1
19.0575 47.2024 0
20.49999999999999 47.00220703046 1
20.49999999999999 0 0
17.49999999999999 0 1
17.49999999999999 100 0
14.49999999999999 62.47744169283956 1
14.49999999999999 100 0
0 100 1
0 0 0
2.49999999999999 0 1
2.49999999999999 100 0
5.499999999999989 100 1
5.499999999999989 63.04020485275602 0
8.499999999999989 65.25939089493642 1
8.499999999999989 100 0
11.49999999999999 100 1
11.49999999999999 66.27351914951308 0
10.899 67.03399999999999 1
15.3247 61.43389999999999 0
14.49999999999999 60.7518233429608 1
14.49999999999999 7.550863667132694 0
14.5991 7.18622 0
11.49999999999999 6.384224024780353 1
11.49999999999999 0 0
14.49999999999999 0 1
14.49999999999999 7.160574554178867 0
14.5991 7.18622 1
13.24 12.1871 0
11.49999999999999 12.04640006549904 1
11.49999999999999 44.39680066861898 0
8.499999999999989 40.1378971197951 1
8.499999999999989 0 0
5.499999999999989 0 1
5.499999999999989 41.1130954991785 0
8.09046 39.5565 1
11.9013 44.9665 0
11.49999999999999 45.22052100353805 1
11.49999999999999 58.27064234245448 0
9.379909999999999 56.5172 0
8.499999999999989 57.4580192336728 1
8.499999999999989 47.11950682614987 0
7.54013 47.72709999999999 1
3.9761 42.0288 0
5.499999999999989 44.46526640740957 1
5.499999999999989 60.66568558707074 0
4.18735 62.0692 1
9.379909999999999 56.5172 0
20.7193 40.1511 0
23.49999999999999 38.99488779387195 1
23.49999999999999 0 0
26.49999999999999 0 1
26.49999999999999 37.74749087281461 0
29.49999999999999 36.50009395175726 1
29.49999999999999 0 0
31.1133 1.692383900297104 1
44.982 6.498541955774217 0
35.39165667585354 0 1
44.982 3.32350586732265 0
44.55357405177658 0 1
44.982 0.148469778871084 0
47.5 0 1
47.5 11.74922163191453 0
46.07980000000001 11.6404 1
44.2234 25.8588 0
44.5 26.09175789234397 1
44.5 45.27238052494926 0
35.5 35.99259793232928 1
35.5 26.68223556289446 0
38.5 27.73539591865556 1
38.5 39.08585879653593 0
41.5 42.1791196607426 1
41.5 22.48730809993108 0
44.5 23.74028597285072 1
44.5 10.07956993227078 0
50.5 11.97909411166638 1
50.5 0 0
53.5 0 1
53.5 12.20896659141823 0
56.5 12.43883907117008 1
56.5 0 0
59.5 0 1
59.5 73.47773521652132 0
58.4679 73.46762736210215 1
48.4362 73.36938207271493 0
47.8458 73.36359999999999 1
47.3361 86.98609999999999 1
47.3361 100 1
61.08929999999999 100 0
62.5 100 1
62.5 0 0
57.6858 12.5297 1
54.7811 34.75069999999999 0
56.5 21.60108837057187 1
56.5 57.64542398177591 0
58.4679 59.67449999999999 0