41.79510000000001 56.7225 0
41.79510000000001 56.7225 1
37.79859999999999 60.9614 0
37.5 60.7094314108252 1
37.5 100 0
40.5 100 1
40.5 58.09615179281872 0
28.5 92.86843633426165 1
28.5 0 0
25.5 0 1
25.5 93.81519148065814 0
22.5 94.76194662705464 1
22.5 0 0
19.5 0 1
19.5 95.70870177345111 0
1.5 100 1
1.5 0 0
4.5 0 1
4.5 100 0
7.5 100 1
7.5 0 0
10.5 0 1
10.5 100 0
13.5 100 1
13.5 0 0
16.5 0 1
16.5 100 0
16.9682 99.9889 1
30.0151 99.9889 1
30.0151 100 1
16.9682 100 1
16.9682 99.9889 1
16.9682 96.5077 1
17.933 99.9889 0
22.79686860041316 99.9889 1
30.0151 97.64875942905772 0
30.0151 96.0719 1
29.0689 92.68889999999999 0
43.5 100 1
43.5 14.49528110364901 0
40.5 18.33160656797605 1
40.5 55.3510223076923 0
41.79510000000001 56.7225 0