41.79510000000001 56.7225 0
96.60419999999999 86.63339999999999 1
99.57050000000001 91.1377 0
97.5 92.3003253481894 1
97.5 100 0
100 100 1
100 0 0
97.5 0 1
97.5 87.99366428210229 0
96.60419999999999 86.63339999999999 0
94.5 87.98284082338151 1
94.5 0 0
91.5 0 1
91.5 33.62441118850096 0
94.46960000000001 33.95099999999999 1
91.59059999999999 46.1515 0
91.5 46.13512637415738 1
91.5 100 0
94.5 100 1
94.5 92.71805375657152 0
95.15479999999999 93.6172 1
92.14940000000001 89.49029999999999 0
88.5 90.7218143869801 1
88.5 45.59295333301118 0
87.45169999999999 45.40349999999999 1
89.9614 33.4552 0
88.5 40.41270313583296 1
88.5 0 0
85.5 0 1
85.5 87.06391203616636 0
82.5 83.40600968535261 1
82.5 0 0
79.5 0 1
79.5 82.39900236271794 0
80.7576 81.28149999999999 1
89.05260000000001 91.3956 0
88.5 91.85832045489008 1
88.5 100 0
85.5 100 1
85.5 94.37037504169825 0
85.09559999999999 94.709 1
77.0754 84.55350000000001 0
79.5 87.62362609411238 1
79.5 100 0
82.5 100 1
82.5 91.42234682426871 0
76.5 100 1
76.5 0 0
73.5 0 1
73.5 100 0
70.5 100 1
70.5 0 0
67.5 0 1
67.5 100 0
64.5 100 1
64.5 0 0
61.5 0 1
61.5 100 0
58.5 100 1
58.5 0 0
55.5 0 1
55.5 100 0
52.5 100 1
52.5 92.52341981878718 0
55.43689999999999 91.19820000000001 1
52.6088 84.37870000000001 0
52.5 84.42401289124669 1
52.5 0 0
49.5 0 1
49.5 85.67344923076922 0
46.57680000000001 86.89089999999999 1
49.9406 93.67830000000001 0
49.5 92.78926722754028 1
49.5 100 0
46.5 100 1
46.5 0 0
43.5 0 1
43.5 8.625583631177374 0
46.3664 10.8298 1
37.9833 21.5499 1
35.3616 10.4528 0
37.5 7.650275581389366 1
37.5 0 0
40.5 0 1
40.5 6.318630970534096 0
39.2497 5.35717 1
35.3616 10.4528 0
37.5 19.50419361483008 1
37.5 54.0316714177131 0
34.5 57.03224147994489 1
34.5 0 0
31.5 0 1
31.5 100 0
34.5 100 1
34.5 61.85831796649884 0
32.087 59.4457 1
38.4021 53.1294 1
41.79510000000001 56.7225 0
41.79510000000001 56.7225 0