57.8391 53.3563 0
70.89124705222872 55.5 1
0 55.5 0
0 58.5 1
100 58.5 0
100 61.5 1
0 61.5 0
0 64.5 1
100 64.5 0
100 67.5 1
0 67.5 0
0 70.5 1
100 70.5 0
100 73.5 1
0 73.5 0
0 76.5 1
100 76.5 0
100 79.5 1
0 79.5 0
0 82.5 1
100 82.5 0
100 85.5 1
0 85.5 0
0 88.5 1
100 88.5 0
100 91.5 1
0 91.5 0
0 94.5 1
100 94.5 0
100 97.5 1
0 97.5 0
0 100 1
100 100 0
100 1.5 1
0 1.5 0
0 4.5 1
100 4.5 0
100 7.5 1
0 7.5 0
0 10.5 1
100 10.5 0
100 13.5 1
0 13.5 0
0 16.5 1
100 16.5 0
100 19.5 1
0 19.5 0
0 22.5 1
100 22.5 0
100 25.5 1
0 25.5 0
0 28.5 1
100 28.5 0
100 31.5 1
0 31.5 0
0 34.5 1
100 34.5 0
100 37.5 1
0 37.5 0
0 40.5 1
100 40.5 0
100 43.5 1
0 43.5 0
0 46.5 1
100 46.5 0
100 49.5 1
65.71177939967106 49.5 0
58.8805 47.1097 1
74.17150000000001 52.4601 0
74.16482116914065 52.5 1
100 52.5 0
100 55.5 1
73.66265343535559 55.5 0
73.58850000000001 55.943 1
57.8391 53.3563 0
57.8391 53.3563 0
58.48200186981718 49.5 1
0 49.5 0
0 52.5 1
57.98185779143854 52.5 0
57.8391 53.3563 0