56.5741 39.0382 0
79.5 0 1
79.5 100 0
82.5 100 1
82.5 0 0
85.5 0 1
85.5 100 0
88.5 100 1
88.5 0 0
91.5 0 1
91.5 100 0
94.5 100 1
94.5 0 0
97.5 0 1
97.5 100 0
100 100 1
100 0 0
76.5 0 1
76.5 100 0
73.5 100 1
73.5 0 0
70.5 0 1
70.5 100 0
67.5 100 1
67.5 0 0
52.5 0 1
52.5 22.28545720283118 0
52.1617 22.9639 1
55.04389999999999 17.1838 0
55.5 17.34048759525193 1
55.5 0 0
58.5 0 1
58.5 18.37110102598157 0
61.06740000000001 19.2531 1
58.5673 25.2362 0
58.5 25.212326234857 1
58.5 35.89362176045783 0
56.5741 39.0382 0