53.5 51.5 0
53.5 51.5 1
53.5 24.5 1
49.5 24.5 1
49.5 15.5 1
74.5 15.5 1
74.50000000000001 17.04031242374328 1
79.5 13.04031242374328 1
79.5 17.5 1
85.5 17.5 1
85.5 36.5 1
83.5 36.5 0
84.00000000000017 36.5 1
84 17.5 0
85 17.5 1
85.00000000000017 36.5 0
83.5 36.5 1
83.5 52.5 1
88.5 52.5 1
88.5 54.5 1
84.5 54.5 1
84.5 62.5 1
66.5 62.5 1
66.5 71.5 1
85.5 71.5 1
85.5 85.5 1
80.5 85.5 1
80.5 83.5 0
80.5 85 1
85.5 85 0
85.5 84 1
80.5 84 0
80.5 83.5 1
69.79289321881346 83.5 1
66.5 83.5 1
66.5 86.79289321881348 0
66.00000000000065 87.29289321881282 1
65.99999999999997 15.5 0
64.99999999999997 15.5 1
65.00000000000068 90.5 0
64.00000000000068 90.5 1
63.99999999999997 15.5 0
62.99999999999998 15.5 1
63.00000000000067 90.5 0
62.00000000000067 90.5 1
61.99999999999997 15.5 0
60.99999999999998 15.5 1
61.00000000000067 90.5 0
60.00000000000067 90.5 1
59.99999999999997 15.5 0
58.99999999999998 15.5 1
59.00000000000067 90.5 0
58.00000000000067 90.5 1
57.99999999999997 15.5 0
56.99999999999998 15.5 1
57.00000000000067 90.5 0
56.00000000000067 90.5 1
55.99999999999997 15.5 0
54.99999999999997 15.5 1
55.00000000000063 85.5 0
54.00000000000063 85.5 1
53.99999999999997 15.5 0
51.00000000000006 24.5 1
50.99999999999998 15.5 0
49.99999999999997 15.5 1
50.00000000000006 24.5 0
52.00000000000006 24.5 1
51.99999999999997 15.5 0
52.99999999999997 15.5 1
53.00000000000006 24.5 0
74.50000000000001 17.04031242374328 0
75 16.6403124237433 1
75.00000000000043 62.5 0
76.00000000000043 62.5 1
75.99999999999997 15.8403124237433 0
76.99999999999997 15.04031242374331 1
77.00000000000043 62.5 0
78.00000000000043 62.5 1
77.99999999999997 14.24031242374331 0
78.99999999999997 13.44031242374331 1
79.00000000000043 62.5 0
80.00000000000043 62.5 1
80 17.5 0
81 17.5 1
81.00000000000043 62.5 0
82.00000000000043 62.5 1
82 17.5 0
83 17.5 1
83.00000000000043 62.5 0
84.00000000000043 62.5 1
84.00000000000034 54.5 0
83.5 54 1
88.5 54 0
88.5 53 1
83.5 53 0
74.00000000000043 62.5 1
73.99999999999997 15.5 0
72.99999999999997 15.5 1
73.00000000000043 62.5 0
72.00000000000043 62.5 1
71.99999999999997 15.5 0
70.99999999999997 15.5 1
71.00000000000043 62.5 0
70.00000000000043 62.5 1
69.99999999999997 15.5 0
68.99999999999997 15.5 1
69.00000000000043 62.5 0
68.00000000000043 62.5 1
67.99999999999997 15.5 0
66.99999999999997 15.5 1
67.00000000000043 62.5 0
66.5 62.5 0
66.5 72 1
85.5 72 0
85.5 73 1
66.5 73 0
66.5 74 1
85.5 74 0
85.5 75 1
66.5 75 0
66.5 76 1
85.5 76 0
85.5 77 1
66.5 77 0
66.5 78 1
85.5 78 0
85.5 79 1
66.5 79 0
66.5 80 1
85.5 80 0
85.5 81 1
66.5 81 0
66.5 82 1
85.5 82 0
85.5 83 1
66.5 83 0
67.67157287525382 83.5 1
66.5 84.67157287525382 0
66.5 86.08578643762692 1
69.08578643762692 83.5 0
69.79289321881346 83.5 1
65.50000000000001 87.79289321881346 1
65.5 90.5 1
55.5 90.5 1
55.5 85.5 1
29.5 85.5 1
29.5 89.5 1
22.5 89.5 1
22.5 73.5 1
28.5 73.5 1
28.5 78.5 0
28 73.5 1
28 89.5 0
27 89.5 1
27 73.5 0
26 73.5 1
26 89.5 0
25 89.5 1
25 73.5 0
24 73.5 1
24 89.5 0
23 89.5 1
23 73.5 0
28.5 78.5 1
37.5 78.5 1
37.5 74.5 1
52.5 74.5 0
52.5 75 1
37.5 75 0
52.5 79 1
29.5 79 0
29 78.5 1
29 89.5 0
29.5 85.5 0
29.5 85 1
52.5 85 0
52.5 84 1
29.5 84 0
29.5 83 1
52.5 83 0
52.5 82 1
29.5 82 0
29.5 81 1
52.5 81 0
52.5 80 1
29.5 80 0
37.5 78.5 0
37.5 78 1
52.5 78 0
52.5 77 1
37.5 77 0
37.5 76 1
52.5 76 0
52.5 60.5 1
41.5 60.5 0
41.5 61 1
35.5 61 0
35.5 62 1
41.5 62 0
41.5 60.5 1
41.5 62.5 1
35.5 62.5 1
35.5 56.5 1
14.5 56.5 1
14.5 51.5 1
18.06752080632555 51.50000000000001 1
12.5 44.81897503240933 1
12.5 19.5 1
33.5 19.5 1
33.50000000000001 24.267591879244 0
34.59861218113402 25 1
12.5 25 0
12.5 24 1
33.5 24 0
33.5 21 1
12.5 21 0
12.5 20 1
33.5 20 0
33.5 22 1
12.5 22 0
12.5 23 1
33.5 23 0
33.50000000000001 24.267591879244 1
39.848612181134 28.5 1
45.5 28.5 1
45.5 43.5 1
50.5 43.5 1
50.5 51.5 0
52.5 51.5 1
52.5 85.5 0
53.00000000000063 85.5 1
53.00000000000031 51.5 0
53.5 51.5 0