53.5 51.5 0
52.5 60 1
35.5 60 0
35.5 59 1
52.5 59 0
52.5 58 1
35.5 58 0
35.5 57 1
52.5 57 0
52.5 56 1
14.5 56 0
14.5 55 1
52.5 55 0
52.5 54 1
14.5 54 0
14.5 53 1
52.5 53 0
52.5 52 1
14.5 52 0
18.06752080632555 51.50000000000001 0
36.098612181134 26 1
12.5 26 0
12.5 27 1
37.598612181134 27 0
39.098612181134 28 1
12.5 28 0
12.5 29 1
45.5 29 0
45.5 30 1
12.5 30 0
12.5 31 1
45.5 31 0
45.5 32 1
12.5 32 0
12.5 33 1
45.5 33 0
45.5 34 1
12.5 34 0
12.5 35 1
45.5 35 0
45.5 36 1
12.5 36 0
12.5 37 1
45.5 37 0
45.5 38 1
12.5 38 0
12.5 39 1
45.5 39 0
45.5 40 1
12.5 40 0
12.5 41 1
45.5 41 0
45.5 42 1
12.5 42 0
12.5 43 1
45.5 43 0
45.5 43.5 0
50.5 44 1
12.5 44 0
12.65085413965889 45 1
50.5 45 0
50.5 46 1
13.48418747299222 46 0
14.31752080632555 47 1
50.5 47 0
50.5 48 1
15.15085413965889 48 0
15.98418747299222 49 1
50.5 49 0
50.5 50 1
16.81752080632555 50 0
17.65085413965888 51 1
50.5 51 0
50.5 51.5 1
53.5 51.5 0
53.5 51.5 0