22.1916 79.4224
16.6439 73.1447
10.7328 78.7906
16.2661 84.8286

33.8002 11.4635
13.9234 7.99314
10.9174 26.8658
30.9266 30.8562

32.3722 47.1462
21.5049 32.519
15.8529 36.2998
25.9445 51.5661

38.8683 62.728
31.4233 60.8086
31.0332 63.7021
30.1136 66.6836
37.8319 68.9384
38.6282 65.5423

50.2809 42.5601
40.3508 27.0694
34.9102 28.3847
41.295 48.37

54.811 72.0896
52.9082 65.1622
42.1142 68.0289
43.0781 71.8955
42.0415 72.8832
46.4471 79.6833
45.5957 75.0438

66.2582 74.9505
57.5932 72.9087
53.7144 91.202
62.2044 93.1045

65.1694 2.10957
60.7653 0.921111
58.6695 4.25304
62.4222 6.44939

84.5342 32.1645
80.9472 26.7095
75.4499 30.4089
78.9946 35.9762

93.8418 54.1693
89.0203 52.862
78.3227 52.4852
77.3275 56.1667
92.999 59.3705