49.9151 50.2591 0
46.5 60.74485810740724 1
46.5 0 0
43.5 13.96333618358165 1
43.5 77.69071277265081 0
44.3031 78.73454927217347 1
52.2273 89.0341 0
49.5 90.98457077516366 1
49.5 100 0
52.5 100 1
52.5 74.54151108940852 0
49.5 77.60101590371389 1
49.5 78.92063292812657 0
82.5 83.26316591727635 1
82.5 100 0
79.5 100 1
79.5 79.30990590790898 0
76.5 75.35664589854159 1
76.5 100 0
73.5 100 1
73.5 71.40338588917422 0
52.5 74.40280814882286 1
52.5 63.11310433288291 0
53.0585 63.26560000000001 1
55.0412 58.24169999999999 1
56.8852 52.5103 0
55.5 56.81568789587853 1
55.5 100 0
58.5 100 1
58.5 41.22222530557282 0
61.5 38.04501896623161 1
61.5 100 0
64.5 100 1
64.5 31.66129826605609 0
61.67458757686138 31.57497789687901 1
61.7932 31.68167752001754 0
61.7932 31.57997460684778 1
50.4637 31.10270397959682 0
50.4637 33.79313499667816 1
52.7036966134428 31.19706688958737 0
56.96846252562047 31.37672596562633 1
61.7932 35.71689250667251 0
67.5 31.78767735443182 1
67.5 100 0
70.5 100 1
70.5 67.45012587980685 0
68.6403 64.99950000000001 1
87.21539999999999 89.4769 0
85.5 87.21642592664372 1
85.5 100 0
88.5 100 1
88.5 88.43288896135502 0
91.5 85.99475015088095 1
91.5 100 0
100 100 1
100 0 0
97.5 0 1
97.5 100 0
94.5 100 1
94.5 83.5566113404069 0
97.48840000000001 81.12790000000001 1
79.4014 57.52889999999999 0
76.5 59.54311776955888 1
76.5 42.75112421721636 0
79.5 42.04153074574104 1
79.5 57.65754827776857 0
82.5 61.5717960800575 1
82.5 41.33193727426573 0
85.5 40.62234380279041 1
85.5 65.48604388234645 0
94.5 77.22878728921324 1
94.5 0 0
91.5 0 1
91.5 73.3145394869243 0
88.5 69.40029168463536 1
88.5 0 0
85.5 0 1
85.5 30.98966075523359 0
85.33250000000001 30.0117 1
87.0856 40.2473 0
85.33250000000001 30.0117 0
82.5 30.72846360773064 1
82.5 0 0
79.5 0 1
79.5 31.48761305987254 0
76.5 32.24676251201443 1
76.5 0 0
73.5 0 1
73.5 33.00591196415633 0
71.80709999999999 33.43429999999999 1
73.7901 43.3921 0
73.5 41.93533863842663 1
73.5 61.62578589828178 0
70.5 63.70845402700468 1
70.5 0 0
67.5 0 1
67.5 26.23828741593432 0
64.59800000000001 23.8263 0
64.5 23.82437287081271 1
64.5 0 0
61.5 0 1
61.5 23.76537912018127 0
58.5 23.70638536954984 1
58.5 0 0
55.5 0 1
55.5 23.64739161891841 0
52.5 23.58839786828698 1
52.5 0 0
49.5 0 1
49.5 51.74607793536688 0
49.9151 50.2591 0