56.3379 22.7079 0
49.52583861444097 85.5 1
100 85.5 0
100 88.5 1
49.48901084217759 88.5 0
49.45218306991423 91.5 1
100 91.5 0
100 100 1
0 100 0
0 97.5 1
100 97.5 0
100 94.5 1
0 94.5 0
0 91.5 1
37.12108675490173 91.5 0
37.1251 91.73920000000001 1
49.4479 91.84889999999999 0
37.1251 91.73920000000001 0
37.07075341336811 88.5 1
0 88.5 0
0 85.5 1
37.02042007183448 85.5 0
36.97008673030086 82.5 1
0 82.5 0
0 79.5 1
100 79.5 0
100 82.5 1
49.56266638670434 82.5 0
49.5926 80.0616 0
14.76263254641454 40.5 1
100 40.5 0
100 37.5 1
15.45509903399542 37.5 0
15.5264 37.19110000000001 1
9.011769999999999 35.0757 0
39.40843932000817 19.5 1
0 19.5 0
0 22.5 1
55.24072275776355 22.5 0
56.3379 22.7079 0