56.3379 22.7079 0
56.45591652409183 22.5 1
100 22.5 0
100 25.5 1
0 25.5 0
0 52.5 1
100 52.5 0
100 55.5 1
0 55.5 0
0 58.5 1
100 58.5 0
100 61.5 1
0 61.5 0
0 64.5 1
100 64.5 0
100 67.5 1
0 67.5 0
0 70.5 1
100 70.5 0
100 73.5 1
0 73.5 0
0 76.5 1
100 76.5 0
100 49.5 1
0 49.5 0
0 46.5 1
100 46.5 0
100 43.5 1
14.07016605883365 43.5 0
13.7821 44.748 1
7.09544 43.08069999999999 0
8.777030918251064 43.5 1
0 43.5 0
0 40.5 1
7.713237980137414 40.5 0
8.43141287083073 37.5 1
0 37.5 0
0 34.5 1
100 34.5 0
100 31.5 1
0 31.5 0
0 28.5 1
100 28.5 0
100 1.5 1
0 1.5 0
0 4.5 1
100 4.5 0
100 7.5 1
30.77638843288711 7.5 0
37.15426837406987 10.5 1
100 10.5 0
100 13.5 1
43.53214831525263 13.5 0
49.9100282564354 16.5 1
100 16.5 0
100 19.5 1
56.28790819761815 19.5 0
57.7646 20.1946 1
27.1424 5.790660000000001 0
26.86348555874694 7.5 1
0 7.5 0
0 10.5 1
26.37397304294598 10.5 0
25.88446052714504 13.5 1
0 13.5 0
0 16.5 1
25.39494801134408 16.5 0
25.3404 16.8343 1
56.3379 22.7079 0
56.3379 22.7079 0