79.24799999999999 60.7876 0
81.7577 32.8005 1
88.45949999999999 31.6069 0
88.43465105084465 31.5 1
100 31.5 0
100 28.5 1
87.73729981168643 28.5 0
100 1.5 1
0 1.5 0
0 4.5 1
100 4.5 0
100 7.5 1
0 7.5 0
0 10.5 1
100 10.5 0
100 13.5 1
0 13.5 0
0 16.5 1
100 16.5 0
100 19.5 1
0 19.5 0
0 22.5 1
100 22.5 0
100 25.5 1
87.0399485725282 25.5 0
86.76840000000001 24.3318 1
80.4375 25.6055 0
80.96188560885608 25.5 1
0 25.5 0
0 28.5 1
80.96860756080611 28.5 0
81.51907316191799 31.5 1
0 31.5 0
0 34.5 1
100 34.5 0
100 37.5 1
0 37.5 0
0 40.5 1
100 40.5 0
100 43.5 1
0 43.5 0
0 46.5 1
100 46.5 0
100 49.5 1
0 49.5 0
0 52.5 1
100 52.5 0
100 55.5 1
0 55.5 0
0 58.5 1
87.84938427142342 58.5 0
79.24799999999999 60.7876 0
79.24799999999999 60.7876 1
91.72669999999999 57.4688 0
91.89761072638868 58.5 1
100 58.5 0
100 61.5 1
92.39482967437749 61.5 0
92.6266 62.8984 1
80.35910000000001 66.29079999999999 0
84.9222 82.87370000000001 1
92.8742 87.34569999999999 0
93.91220025151537 85.5 1
100 85.5 0
100 88.5 1
56.63578094875697 88.5 0
56.526 88.43780000000001 1
62.092 91.59139999999999 0
61.93068201420598 91.5 1
100 91.5 0
100 100 1
0 100 0
0 97.5 1
100 97.5 0
100 94.5 1
61.36283655963656 94.5 0
59.7997 97.01150000000001 1
54.5253 93.40729999999999 0
56.1243613395483 94.5 1
0 94.5 0
0 91.5 1
55.29317103531542 91.5 0
56.50095853908844 88.5 1
0 88.5 0
0 85.5 1
89.59222182468693 85.5 0
84.9222 82.87370000000001 0
85.23763099921956 82.5 1
0 82.5 0
0 79.5 1
87.76985737775505 79.5 0
88.05869999999999 79.15780000000001 1
95.11019999999999 83.3698 0
93.65402841880342 82.5 1
100 82.5 0
100 79.5 1
88.63159252136751 79.5 0
100 76.5 1
0 76.5 0
0 73.5 1
100 73.5 0
100 70.5 1
0 70.5 0
0 67.5 1
100 67.5 0
100 64.5 1
86.83493981841764 64.5 0
80.35910000000001 66.29079999999999 0
79.99753620439017 64.5 1
0 64.5 0
0 61.5 1
79.39183406745167 61.5 0
79.24799999999999 60.7876 0