60.5 43.5 0
60 43.5 1
60 17.5 0
59 17.5 1
59 43.5 0
57 43.5 1
57 17.5 0
58 17.5 1
58 43.5 0
60.5 43.5 1
55.75968757625672 43.50000000000001 0
56 43.5 1
56 17.5 0
55 17.5 1
55 44.44960947032091 0
55.75968757625672 43.50000000000001 1
51.50000000000001 48.82460947032089 1
51.5 75.5 1
21.5 75.5 1
21.5 52.5 1
24.06752080632556 52.5 0
23 52.5 1
23 75.5 0
22 75.5 1
22 52.5 0
24 52.5 1
24 75.5 0
25 75.5 1
25 14.5 0
26 14.5 1
26 75.5 0
27 75.5 1
27 14.5 0
28 14.5 1
28 75.5 0
29 75.5 1
29 14.5 0
30 14.5 1
30 75.5 0
31 75.5 1
31 14.5 0
32 14.5 1
32 75.5 0
33 75.5 1
33 17.5 0
34 17.5 1
34 75.5 0
35 75.5 1
35 17.5 0
13 45.5 1
13 36.5 0
14 36.5 1
14 45.5 0
15 45.5 1
15 36.5 0
16 36.5 1
16 45.5 0
17 45.5 1
17 14.5 0
18 14.5 1
18 45.5 0
18.23418747299222 45.5 0
19 46.41897503240934 1
19 14.5 0
20 14.5 1
20 47.61897503240934 0
21 48.81897503240934 1
21 14.5 0
22 14.5 1
22 50.01897503240933 0
23 51.21897503240933 1
23 14.5 0
24 14.5 1
24 52.41897503240934 0
24.06752080632556 52.5 1
18.23418747299222 45.5 1
12.5 45.5 1
12.5 36.5 1
16.5 36.5 1
16.5 14.5 1
32.5 14.5 1
32.5 17.5 1
35.5 17.5 1
35.5 33.5 1
40.5 33.5 1
40.5 23.5 0
42 15.5 1
42 75.5 0
43 75.5 1
43 17.5 0
44 17.5 1
44 75.5 0
45 75.5 1
45 17.5 0
46 17.5 1
46 75.5 0
47 75.5 1
47 17.5 0
48 17.5 1
48 75.5 0
49 75.5 1
49 17.5 0
50 17.5 1
50 75.5 0
51 75.5 1
51 17.5 0
52 17.5 1
52 48.19960947032089 0
53 46.94960947032089 1
53 17.5 0
54 17.5 1
54 45.69960947032089 0
36 33.5 1
36 75.5 0
37 75.5 1
37 33.5 0
38 33.5 1
38 75.5 0
39 75.5 1
39 33.5 0
40 33.5 1
40 75.5 0
41 75.5 1
41 15.5 0
40 15.5 1
40 23.5 0
38 23.5 1
38 15.5 0
39 15.5 1
39 23.5 0
40.5 23.5 1
37.5 23.5 1
37.5 15.5 1
42.5 15.5 1
42.5 17.5 1
60.5 17.5 1
60.5 12.5 1
68.5 12.5 1
68.5 30.5 1
86.5 30.5 1
86.5 25.5 1
90.5 25.5 1
90.5 39.5 1
87.5 39.5 0
87.5 50.5 0
100 60.24031242374329 1
100 73.5 0
99 73.5 1
99 59.44031242374328 0
98 58.64031242374328 1
98 73.5 0
97 73.5 1
97 57.84031242374328 0
96.57460947032089 57.5 0
98 50.5 1
98 57.5 0
97 57.5 1
97 50.5 0
96 50.5 1
96 64.5 0
95 64.5 1
95 50.5 0
94 50.5 1
94 64.5 0
93 64.5 1
93 50.5 0
92 50.5 1
92 64.5 0
91 64.5 1
91 50.5 0
90 50.5 1
90 64.5 0
89 64.5 1
89 50.5 0
88 50.5 1
88 64.5 0
87 64.5 1
87 25.5 0
88 25.5 1
88 39.5 0
89 39.5 1
89 25.5 0
90 25.5 1
90 39.5 0
87.5 39.5 1
87.5 50.5 1
98.5 50.5 1
98.5 57.5 1
96.57460947032089 57.5 1
102.5 62.24031242374328 1
102.5 62.5 1
100.5 62.5 0
102.0242189406418 62.5 1
100.5 61.28062484748656 0
100.5 60.64031242374328 1
100.5 73.5 1
96.5 73.5 1
96.5 64.5 1
69.5 64.5 0
69.5 65 1
57.5 65 0
57.70710678118654 66 1
69.5 66 0
69.5 67 1
58.70710678118654 67 0
59.70710678118654 68 1
69.5 68 0
69.5 69 1
60.70710678118654 69 0
61.70710678118654 70 1
69.5 70 0
69 72.5 1
69 70.5 0
57.5 60 1
86.5 60 0
86.5 59.5 0
86.5 61 1
57.5 61 0
57.5 62 1
86.5 62 0
86.5 63 1
57.5 63 0
57.5 64 1
86.5 64 0
69.5 64.5 1
69.5 72.5 1
68.5 72.5 1
68.5 70.5 1
62.20710678118655 70.5 1
57.5 65.79289321881346 1
57.5 59.5 1
86.5 59.5 1
86.5 55.5 1
79.5 55.5 1
79.5 53.5 1
82.5 53.5 0
82.5 54 1
79.5 54 0
79.5 55 1
82.5 55 0
82.5 53.5 1
82.5 39.5 1
68.5 39.5 0
69 39.5 1
69 30.5 0
70 30.5 1
70 39.5 0
71 39.5 1
71 30.5 0
72 30.5 1
72 39.5 0
73 39.5 1
73 30.5 0
74 30.5 1
74 39.5 0
75 39.5 1
75 30.5 0
76 30.5 1
76 39.5 0
77 39.5 1
77 30.5 0
78 30.5 1
78 39.5 0
81 39.5 1
81 30.5 0
86 30.5 1
86 55.5 0
85 55.5 1
85 30.5 0
84 30.5 1
84 55.5 0
83 55.5 1
83 30.5 0
82 30.5 1
82 39.5 0
80 39.5 1
80 30.5 0
79 30.5 1
79 39.5 0
68.5 39.5 1
68.5 53.5 1
60.5 53.5 1
60.5 43.5 0
61 53.5 1
61 12.5 0
62 12.5 1
62 53.5 0
63 53.5 1
63 12.5 0
64 12.5 1
64 53.5 0
65 53.5 1
65 12.5 0
66 12.5 1
66 53.5 0
67 53.5 1
67 12.5 0
68 12.5 1
68 53.5 0
60.5 43.5 0