46.77079999999999 55.43210000000001 0
46.5 55.82883841338038 1
46.5 69.74234652420066 0
48.70569999999999 70.19839999999999 1
49.8305 73.75110000000001 1
46.3596 85.89169999999999 0
46.5 85.4006054020571 1
46.5 100 0
49.5 100 1
49.5 74.90713108703792 0
49.8305 73.75110000000001 0
49.5 72.70721010846376 1
49.5 0 0
52.5 0 1
52.5 100 0
55.5 100 1
55.5 0 0
58.50000000000001 0 1
58.50000000000001 35.93388954230329 0
56.41030000000001 43.18380000000001 1
59.3096 33.1251 0
61.50000000000001 33.46103392070485 1
61.50000000000001 0 0
64.5 0 1
64.5 33.92113333730207 0
66.02879999999999 34.15560000000001 1
64.36420000000001 43.0943 0
64.5 43.12969826465191 1
64.5 42.3650704793944 0
67.5 43.91169232912712 1
67.5 30.27947577068696 0
67.61689999999999 31.7565 1
66.32259999999999 15.4031 0
67.5 15.34060662226506 1
67.5 0 0
70.5 0 1
70.5 15.18137430257354 0
73.5 15.02214198288202 1
73.5 0 0
76.5 0 1
76.5 14.86290966319049 0
76.5925 14.858 1
78.50739999999999 35.1353 0
76.5 34.51250002571048 1
76.5 65.61275564214418 0
75.84569999999999 65.3518 1
69.98419999999999 78.7672 0
70.5 78.98041028687337 1
70.5 92.53161636428953 0
70.36199999999999 92.90790000000001 1
74.81559999999999 80.76429999999999 0
73.5 80.22048562735441 1
73.5 84.35153732710614 0
64.5 91.99026528086804 1
64.5 55.86925488639632 0
65.75739999999999 56.0466 1
68.7783 44.2449 0
67.5 49.23881343970336 1
67.5 89.73160149958852 0
67.6044 89.65299999999999 1
70.44239999999999 93.2242 0
70.44239999999999 94.56527279278029 1
73.97374143463406 96.03059999999999 0
65.71088647385389 98.90020000000001 1
70.44239999999999 95.14016208968775 0
70.44239999999999 96.03059999999999 1
77.88749999999999 96.03059999999999 0
83.2817 86.5545998958699 1
79.50239783131374 96.03059999999999 0
83.2817 94.6527996876097 1
82.7321934939412 96.03059999999999 0
83.2817 97.53059999999999 1
70.44239999999999 97.53059999999999 0
70.44239999999999 98.90020000000001 1
61.04259999999999 98.90020000000001 0
61.60636487065055 98.90020000000001 1
61.04259999999999 97.82454371975155 0
58.50000000000001 100 1
58.50000000000001 43.67575457258727 0
60.79949999999999 44.2171 1
58.8034 55.0658 0
61.50000000000001 55.44613150417027 1
61.50000000000001 94.24892906214757 0
61.04259999999999 94.5933 1
61.04259999999999 100 1
83.2817 100 1
83.2817 82.50550000000001 0
82.5 82.17891566834939 1
82.5 68.38323534928605 0
79.5 77.65316185444553 1
79.5 80.92555377126374 0
78.56710000000001 80.53579999999999 1
82.60820000000001 68.0489 0
82.5 68.00574639999999 1
82.5 0 0
79.5 0 1
79.5 66.8092510210721 0
86.28389999999999 67.40700000000001 1
90.2801 55.0365 0
91.5 55.2957255417631 1
91.5 0 0
94.5 0 1
94.5 55.93321765200926 0
98.8355 56.8545 0
97.5 63.35357329496844 1
97.5 100 0
100 100 1
100 0 0
97.5 0 1
97.5 56.57070976225542 0
98.8355 56.8545 1
96.2637 69.3699 0
94.5 69.02300259424038 1
94.5 100 0
91.5 100 1
91.5 68.43294066915169 0
88.5 67.842878744063 1
88.5 100 0
85.5 100 1
85.5 0 0
88.5 0 1
88.5 60.54691665832537 0
75.84569999999999 65.3518 0
73.5 70.72047760470866 1
73.5 33.58174386208164 0
70.5 32.65098769845278 1
70.5 77.58667226477863 0
48.70569999999999 70.19839999999999 0
44.3959 69.3073 1
39.9813 84.1619 0
43.5 85.11617422040356 1
43.5 100 0
40.5 100 1
40.5 84.30257184986596 0
37.5 83.84594934724996 1
37.5 56.06738865197138 0
37.2654 55.9059 1
40.4308 51.0564 0
40.5 51.10416000630916 1
40.5 0 0
37.5 0 1
37.5 55.54648485499462 0
37.2654 55.9059 0
40.5 58.1324609278202 1
40.5 82.41653665564263 0
43.5 72.32189614461103 1
43.5 60.19753320366902 0
43.5123 60.206 1
46.77079999999999 55.43210000000001 0
46.77079999999999 55.43210000000001 0
21.4497 20.8426 0
19.5 22.05801957123589 1
19.5 0 0
22.5 0 1
22.5 29.87258439100679 0
21.3559 29.81463823837468 1
18.8733 29.6889 1
14.8703 30.9658 1
14.8703 30.22035686973584 1
18.8733 29.6889 0
19.8660776464249 29.7391820077174 1
21.3559 29.54138627339477 0
21.3559 26.51506209113159 1
14.8703 27.37612046594017 0
13.5 26.04488576641462 1
13.5 100 0
10.5 100 1
10.5 0 0
7.500000000000002 0 1
7.500000000000002 100 0
4.5 100 1
4.5 23.66736876214581 0
16.5 23.92818355221126 1
16.5 0 0
13.5 0 1
13.5 25.79834753318662 0
5.28143 19.2491 0
4.5 19.42760238071163 1
4.5 0 0
1.5 0 1
1.5 20.1128936315401 0
0.395916 20.3651 1
1.55999 24.5322 0
1.5 24.3174504832167 1
1.5 100 0
31.50000000000001 89.05072322786444 1
31.50000000000001 100 0
28.5 100 1
28.5 81.03575673733729 0
26.865 76.66759999999999 1
33.0722 93.25110000000001 0
34.5 92.71865464375307 1
34.5 100 0
37.5 100 1
37.5 91.59991527637612 0
40.00839999999999 90.6645 1
33.89579999999999 74.0487 0
34.5 75.69108889506921 1
34.5 0 0
31.50000000000001 0 1
31.50000000000001 74.94111062467996 0
28.5 76.05857947601979 1
28.5 0 0
25.5 0 1
25.5 30.0245278032053 0
25.843 30.0419 1
27.8994 36.5692 0
27.8158 38.506 0
25.5 38.30950099495516 1
25.5 100 0
22.5 100 1
22.5 50.229008639656 0
24.0178 47.7123 1
19.2271 55.6559 0
19.5 55.20339651616673 1
19.5 100 0
16.5 100 1
16.5 53.99209995874439 0
13.6521 52.2546 1
18.1784 44.74720000000001 0
16.5 47.53102346729116 1
16.5 37.54583787836323 0
19.5 37.80039225056053 1
19.5 45.22571984818785 0
22.5 46.31194831713725 1
22.5 38.05494662275785 0
43.5 53.17468051104102 1
43.5 0 0
46.5 0 1
46.5 55.24520101577288 0
46.77079999999999 55.43210000000001 0