44.5 78.5 0
39.50000000000001 79.11721778146267 0
39.5 109.5 1
46.5 109.5 1
46.5 109.0871103183781 1
52.81503796189226 114.5 1
63.5 114.5 0
64 110.5 1
64.00000000000003 132.5 0
65.00000000000003 132.5 1
65 110.5 0
66 110.5 1
66.00000000000003 132.5 0
67.00000000000003 132.5 1
67 110.5 0
68 110.5 1
68.00000000000003 132.5 0
69.00000000000003 132.5 1
69 110.5 0
63.5 114.5 1
63.5 110.5 1
75.5 110.5 1
75.5 140.5 1
74.5 140.5 1
74.5 137.5 0
75.00000000000006 140.5 1
75 110.5 0
70 110.5 1
70.00000000000003 132.5 0
70.5 132.5 0
71.00000000000006 137.5 1
71 110.5 0
72 110.5 1
72.00000000000006 137.5 0
73.00000000000006 137.5 1
73 110.5 0
74 110.5 1
74.00000000000006 137.5 0
74.5 137.5 1
70.5 137.5 1
70.5 132.5 1
58.5 132.5 1
58.5 137.5 1
43.5 137.5 1
43.5 140.5 1
37.5 140.5 1
37.5 148.5 1
16.26759187924401 148.5 1
12.5 142.848612181134 1
12.5 142.5 1
13.5 142.5 0
13.00000000000005 143.5986121811341 1
13.00000000000005 142.5 0
13.5 142.5 1
13.5 109.5 1
31.5 109.5 0
31 109.5 1
31.00000000000006 148.5 0
30.00000000000006 148.5 1
30 109.5 0
29 109.5 1
29.00000000000006 148.5 0
28.00000000000006 148.5 1
28 109.5 0
27 109.5 1
27.00000000000006 148.5 0
26.00000000000006 148.5 1
26 109.5 0
25 109.5 1
25.00000000000006 148.5 0
24.00000000000006 148.5 1
24 109.5 0
23 109.5 1
23.00000000000006 148.5 0
22.00000000000006 148.5 1
22 109.5 0
21 109.5 1
21.00000000000006 148.5 0
20.00000000000006 148.5 1
20 109.5 0
19 109.5 1
19.00000000000006 148.5 0
18.00000000000006 148.5 1
18 109.5 0
17 109.5 1
17.00000000000006 148.5 0
16.00000000000006 148.0986121811341 1
16 109.5 0
14 109.5 1
14.00000000000006 145.0986121811341 0
15.00000000000006 146.5986121811341 1
15 109.5 0
31.5 109.5 1
31.5 101.5 1
17.5 101.5 1
17.5 82.5 1
20.5 82.5 1
20.5 85.5 0
17.99999999999995 82.5 1
17.99999999999999 101.5 0
18.99999999999999 101.5 1
18.99999999999995 82.5 0
19.99999999999995 82.5 1
19.99999999999999 101.5 0
20.99999999999999 101.5 1
20.99999999999996 85.5 0
20.5 85.5 1
31.5 85.5 1
31.5 74.5 0
44.5 78.5 0