44.5 78.5 0
44.5 78.5 1
50.73240812075601 78.49999999999999 1
54.5 84.15138781886601 1
54.5 85.5 0
54.99999999999996 85.5 1
55 106.5 0
54 106.5 1
53.99999999999996 83.40138781886594 0
54.5 85.5 1
55.5 85.5 1
55.5 106.5 1
46.5 106.5 1
46.5 99.5 0
47 106.5 1
46.99999999999994 78.5 0
47.99999999999994 78.5 1
48 106.5 0
49 106.5 1
48.99999999999994 78.5 0
49.99999999999994 78.5 1
50 106.5 0
51 106.5 1
50.99999999999994 78.90138781886591 0
51.99999999999994 80.40138781886591 1
52 106.5 0
53 106.5 1
52.99999999999996 81.90138781886594 0
45.99999999999994 78.5 1
45.99999999999999 99.5 0
46.5 99.5 1
42.5 99.5 1
42.5 93.5 1
44.5 93.5 0
44.5 87.86721778146268 1
39.50000000000001 79.11721778146267 1
39.5 109.5 0
45 109.5 1
45.00000000000004 137.5 0
46.00000000000004 137.5 1
46 109.5 0
47 109.5156817469495 1
47.00000000000004 137.5 0
48.00000000000004 137.5 1
48 110.3728246040924 0
49 111.2299674612352 1
49.00000000000004 137.5 0
50.00000000000004 137.5 1
50 112.0871103183781 0
51 112.9442531755209 1
51.00000000000004 137.5 0
52.00000000000004 137.5 1
52 113.8013960326638 0
52.81503796189226 114.5 0
53 114.5 1
53.00000000000004 137.5 0
54.00000000000004 137.5 1
54 114.5 0
55 114.5 1
55.00000000000004 137.5 0
56.00000000000004 137.5 1
56 114.5 0
57 114.5 1
57.00000000000004 137.5 0
58.00000000000004 137.5 1
58 114.5 0
62 114.5 1
62.00000000000004 132.5 0
63.00000000000004 132.5 1
63 114.5 0
61 114.5 1
61.00000000000004 132.5 0
60.00000000000004 132.5 1
60 114.5 0
59 114.5 1
59.00000000000004 132.5 0
58.5 132.5 0
44.00000000000004 137.5 1
44 109.5 0
43 109.5 1
43.00000000000004 140.5 0
42.00000000000004 140.5 1
42 109.5 0
41 109.5 1
41.00000000000004 140.5 0
40.00000000000004 140.5 1
40 109.5 0
39.5 109.5 0
24.99999999999996 85.5 1
24.99999999999999 101.5 0
23.99999999999999 101.5 1
23.99999999999996 85.5 0
21.99999999999996 85.5 1
21.99999999999999 101.5 0
22.99999999999999 101.5 1
22.99999999999996 85.5 0
25.99999999999996 85.5 1
25.99999999999999 101.5 0
26.99999999999999 101.5 1
26.99999999999996 85.5 0
27.99999999999996 85.5 1
27.99999999999999 101.5 0
28.99999999999999 101.5 1
28.99999999999996 85.5 0
29.99999999999996 85.5 1
29.99999999999999 101.5 0
30.99999999999999 101.5 1
30.99999999999996 85.5 0
31.5 85.5 0
39.50000000000001 79.11721778146267 0
44.5 78.5 0