44.5 78.5 0
39.99999999999994 79.99221778146259 1
39.99999999999994 75.5 0
38.99999999999994 75.5 1
39.00000000000004 140.5 0
38.00000000000004 140.5 1
37.99999999999994 75.5 0
37.5 75.5 1
37.5 57.5 0
36.99999999999991 57.5 1
37.00000000000006 148.5 0
36.00000000000006 148.5 1
35.99999999999993 65.5 0
34.99999999999993 65.5 1
35.00000000000006 148.5 0
34.00000000000006 148.5 1
33.99999999999993 65.5 0
33.5 65.5 0
33.5 55.5 0
33.99999999999991 55.5 1
33.99999999999983 10.5 0
34.99999999999983 10.5 1
34.99999999999991 55.5 0
35.99999999999991 55.5 1
35.99999999999989 44.5 0
36.99999999999989 44.5 1
36.99999999999991 55.5 0
33.5 55.5 0
26.99999999999994 74.5 1
26.99999999999991 53.5 0
25.99999999999991 53.5 1
25.99999999999994 74.5 0
23.99999999999994 74.5 1
23.99999999999991 53.5 0
24.99999999999991 53.5 1
24.99999999999994 74.5 0
27.99999999999994 74.5 1
27.99999999999991 53.5 0
28.99999999999991 53.5 1
28.99999999999994 74.5 0
29.99999999999994 74.5 1
29.99999999999984 11.5 0
28.99999999999984 11.5 1
28.99999999999987 34.5 0
32.99999999999983 11.5 1
33.00000000000006 148.5 0
32.00000000000006 148.5 1
31.99999999999984 11.5 0
30.99999999999984 11.5 1
30.99999999999994 74.5 0
31.5 74.5 0
37.5 75.5 0
40.99999999999994 75.5 1
40.99999999999996 81.74221778146259 0
44.5 78.5 0