24.1747 62.5966
18.8788 56.9869
1.43247 76.0574
4.9517 79.3501
12.3672 75.4042

32.7012 46.9914
3.4208 32.0238
2.96969 33.3826
31.8398 48.7881

24.1145 13.0493
11.4271 15.1522
13.6652 27.7983
23.8467 27.6657

34.23 37.6454
31.0309 31.6763
26.3911 34.5514
29.5968 40.2805

35.7437 30.7166
35.3115 25.3963
30.9106 25.396
29.0723 15.992
26.5559 28.9295

25.799 84.9602
24.3068 77.8459
18.9883 79.2144
13.3498 80.3042
7.37772 80.9159
8.75638 87.8375
14.1368 87.3669
20.0882 86.4559

53.5142 69.6476
50.9471 58.319
38.5535 62.0261
41.4558 72.4551

86.5715 60.6723
83.8546 47.7163
54.5924 52.9866
56.3048 65.9742

92.4405 37.2497
90.4529 31.4503
84.5908 33.9287
86.4912 39.9517

82.5464 30.7603
82.0967 24.325
69.2118 23.9321
69.2331 25.8706
71.6399 32.277
78.6185 32.2521

77.168 95.8714
72.1195 81.3041
62.915 82.1255
68.6932 98.4236