30.6796 43.67059999999999 0
30.6796 43.67059999999999 1
27.9389 38.2495 0
16.89485565925236 14.90448528247942 1
17.56156710727399 43.59126460376683 0
20.53982809165796 42.62103702029718 1
19.54926958420993 0 0
19.41009867678994 0 1
5.34349072516882 0 0
4.5 0 1
4.5 51.47510535642715 0
4.25384 52.0211 1
5.368920976334888 100 0
4.5 100 1
4.5 62.61269493763349 0
18.06250274096843 65.14516175163095 1
18.35854971928126 77.88325761123428 0
18.5314 77.92500000000001 1
17.4308 83.72489999999999 1
15.6987 89.49109999999999 1
13.814 94.55260000000001 0
12.73803495824107 94.2811885678131 1
12.8709462554004 100 0
9.8701361437742 100 1
9.719528721800341 93.51977247258557 0
6.97077 92.82640000000001 1
8.98207 87.16999999999999 1
10.4182 81.6097 1
11.4654 76.21860000000001 0
9.523255689413169 85.07467799652954 1
8.813633984369378 54.5415870850222 0
9.836880000000001 55.10720000000001 1
12.2465 48.1443 1
11.46051167395338 14.32536119924293 0
10.5 14.22300193672274 1
10.5 47.47342104520597 0
14.62878817343171 46.51846105411425 1
15.34080222782999 77.15448824817 0
12.32305473637872 76.42571888510568 1
11.70231094427008 49.71680270836973 0
16.3072 49.9629 1
13.7996 44.8168 0
14.58330612289001 44.5614921872365 1
13.88659486431395 14.58390265471094 0
7.5 13.90329964065731 1
7.5 46.32103807103928 0
6.92353 46.0996 1
4.25384 52.0211 0
5.773771328123127 52.86126236167406 1
6.86932603214799 100 0
1.5 100 1
1.5 0 0
5.402380296705376 2.533858010099039 1
19.43130029670537 0.9122480100990396 0
22.55007969583614 0 1
23.50383595302227 41.03753633957153 0
26.46143509953614 39.17828609853261 1
25.55088980746235 0 0
28.55169991908856 0 1
29.51302291421817 41.3631124823104 0
76.0127 46.4924 1
82.3818 34.38549999999999 0
80.44997286452937 38.05767314007151 1
80.70964591865834 49.23069802450554 0
77.73250100971379 50.24894729701617 1
77.5761250506277 43.5205153152809 0
83.68679082760289 48.21244875199491 1
82.5662819283603 0 0
91.56871226323892 0 1
91.80783000112649 10.28858556267629 0
94.85755146267769 12.39310785004368 1
94.56952237486513 0 0
97.57033248649134 0 1
99.89443949256042 100 0
100 100 1
100 0 0
88.75810853957529 8.184063275308905 1
88.56790215161271 0 0
85.56709203998651 0 1
85.73663698367793 7.295057553231498 0
86.26429999999999 6.46316 1
84.11109999999999 9.85783 0
85.82277200493371 11.0012131231276 1
86.68851447925562 48.25175589336814 0
86.39670000000001 47.2856 1
89.1121 56.27589999999999 0
86.89176127863823 56.99691258588959 1
87.89119904605559 100 0
90.8920091576818 100 1
88.87090390014842 13.03734069664042 0
91.91903579536316 15.07346827015323 1
93.89281926930801 100 0
96.89362938093421 100 1
94.93265360178782 15.62454852441966 0
96.40260000000001 13.4593 1
94.24979999999999 16.6304 0
80.31220083740334 32.12971772466938 1
79.56547181673409 0 0
76.56466170510788 0 1
77.32308713144184 32.63298223160271 0
62.16085168016582 25.82671673987208 1
63.50803805174402 83.79248028088784 0
64.01220000000001 83.9547 1
62.7068 87.4556 0
60.5762809507269 86.76364341704107 1
60.88390804141973 100 0
63.88471815304594 100 1
63.54116734507846 85.21794362005119 0
78.88876871117697 100 1
77.95676420248384 59.8983822061838 0
80.93509656120196 58.93122566608574 1
81.88957882280317 100 0
84.89038893442938 100 1
83.91342891992011 57.96406912598766 0
74.97843184376572 60.86553874628187 1
75.88795859955076 100 0
72.88714848792455 100 1
70.56304148185546 0 0
73.56385159348167 0 1
74.75535610076926 51.2671965695268 0
72.0985 52.1759 1
74.7867 60.9278 0
17.96158483957748 60.80293907739885 1
17.7015742072813 49.61538912306388 0
20.68510305814869 48.87182349920552 1
21.87337659027903 100 0
24.87418670190524 100 1
23.66863190901609 48.12825787534715 0
23.8414 48.0852 0
30.6796 43.67059999999999 0