30.6796 43.67059999999999 0
29.58310317947716 44.37847559063498 1
30.45628920802707 81.94929424354945 0
15.63170012319161 89.67103308031287 1
15.87175636702661 100 0
18.87256647865282 100 1
18.3782739551142 78.7319378045913 0
33.4053571947681 79.72297141288564 1
32.15360183636757 25.86334467746681 0
32.2645 25.8763 1
32.18470000000001 22.707 0
32.07963625557632 22.68080701469565 1
31.55251003071476 0 0
34.55332014234097 0 1
36.38177959329551 78.6736344832556 0
35.7792 77.93090000000001 1
47.1429 91.93770000000001 1
47.33027647915031 100 1
29.61243372837663 100 1
29.2147 82.88659999999999 0
29.27166505930318 85.33765148577186 1
38.64682993572995 96.89340000000001 0
40.5784 96.89340000000001 1
47.25807577089977 96.89340000000001 0
43.06797583772138 96.89340000000001 1
47.18582705606643 93.78473440738023 0
51.88147770654111 100 1
51.50538067765044 83.81756830005924 0
54.52901410200926 84.79959333905319 1
54.88228781816731 100 0
57.88309792979352 100 1
57.55264752636808 85.78161837804711 0
51.3075 83.7533 1
52.39239999999999 80.2159 0
54.43777966242509 80.87402367526764 1
53.0925160778248 22.99099242553078 0
56.12711106256462 24.44466357859707 1
57.46119912553139 81.8468425438077 0
60.48461858863772 82.81966141234778 1
59.16170604730445 25.89833473166335 0
61.4573 26.998 1
62.5913 25.1101 0
62.13730745173729 24.81367266027269 1
61.56061114697684 0 0
67.56223137022926 0 1
69.88633837629834 100 0
66.88552826467213 100 1
64.56142125860305 0 0
58.55980103535063 0 1
59.09025869980566 22.82414979473032 0
56.04320994787403 20.83462692918795 1
55.55899092372442 0 0
52.55818081209821 0 1
52.99616119594241 18.84510406364558 0
37.55413025396717 0 1
39.47108834606782 82.48149018503679 0
42.56039709884011 86.28934588681801 1
40.55494036559338 0 0
43.55575047721959 0 1
45.64970585161242 90.09720158859921 0
51.49005325586866 83.15807105050254 1
49.55737070047201 0 0
46.5565605888458 0 1
48.8806675949149 100 0
47.2929373759908 98.39340000000001 1
29.57509462521713 98.39340000000001 0
30.92054967864975 96.89340000000001 1
29.49952529651592 95.14185742885925 0
34.78368980718984 96.89340000000001 1
29.38559517790955 90.23975445731554 0
27.87499681353145 100 1
26.62665152795758 46.28709941865965 0
30.6796 43.67059999999999 0