49.56489999999999 49.2402 0
49.35999574093375 49.5 1
0 49.5 0
0 52.5 1
21.07196905501484 52.5 0
21.6646 52.0915 1
17.4612 54.9889 0
3.42412 37.166 1
2.48303 28.7592 1
2.48303 37.166 1
3.42412 37.166 1
27.7164 34.7654 0
27.66894902552225 34.5 1
80.38483432327715 34.5 0
77.94612614027207 31.5 1
27.13257779932312 31.5 0
26.59620657312399 28.5 1
75.50741795726699 28.5 0
75.33240000000001 28.2847 0
75.7265834708729 28.5 1
100 28.5 0
100 31.5 1
81.21915389641259 31.5 0
86.71172432195229 34.5 1
100 34.5 0
100 37.5 1
89.77655106985057 37.5 0
90.35220000000001 36.4884 1
75.33240000000001 28.2847 0
35.82137325850398 16.5 1
100 16.5 0
100 19.5 1
33.00619032645018 19.5 0
30.19100739439637 22.5 1
100 22.5 0
100 25.5 1
26.05983534692485 25.5 0
27.9535 24.8844 1
15.3105 13.2794 1
26.2224 3.39544 1
37.8103 14.3805 0
36.88147977052469 13.5 1
100 13.5 0
100 10.5 1
33.71684525783201 10.5 0
30.55221074513931 7.5 1
100 7.5 0
100 4.5 1
70.38091607037117 4.5 0
70.73339999999999 3.11142 0
70.3235 0.137133 0
63.2535 0.5836950000000001 1
70.3235 0.137133 0
70.51132289109961 1.5 1
100 1.5 0
100 0 1
0 0 0
0 1.5 1
63.41165805899963 1.5 0
63.65293261964177 4.5 1
27.38757623244661 4.5 0
26.2224 3.39544 0
25.00296484809732 4.5 1
0 4.5 0
0 7.5 1
21.69096237135723 7.5 0
18.37895989461714 10.5 1
0 10.5 0
0 13.5 1
15.55083139164153 13.5 0
18.81916400689358 16.5 1
0 16.5 0
0 19.5 1
22.08749662214563 19.5 0
18.76939458410713 23.6261 1
2.48303 27.22305229953142 0
4.858583752321374 23.6261 1
2.48303 24.15075689859425 0
2.48303 23.6261 1
25.7248 23.6261 0
25.35582923739767 22.5 1
0 22.5 0
0.9830300000000001 23.6261 1
0.9830300000000001 37.166 0
0 37.5 1
82.82354250628219 37.5 0
85.26225068928727 40.5 1
45.03999660265879 40.5 0
45.0523436844298 43.5 1
100 43.5 0
100 40.5 1
88.06940714888546 40.5 0
100 46.5 1
45.06469076620081 46.5 0
49.56489999999999 49.2402 0