49.56489999999999 49.2402 0
47.37050000000001 52.02249999999999 0
47.84482075426833 52.5 1
21.94699847001668 52.5 0
24.02091624247698 55.5 1
100 55.5 0
100 58.5 1
28.90480529520784 58.5 0
28.368 57.63160000000001 1
26.4315 58.98699999999999 0
27.12729127932714 58.5 1
26.09483401493728 58.5 0
36.54202343358617 48.6484 1
35.0805551282612 42.291 0
36.42659999999999 41.4511 1
45.0373 39.84480000000001 0
41.5250478428687 40.5 1
0 40.5 0
0 43.5 1
28.23527283950617 43.5 0
25.0035 44.18640000000001 1
33.9276 42.291 1
34.0274 47.15260000000001 1
34.37126137274753 48.6484 0
34.0274 47.15260000000001 1
25.9511 48.6484 0
25.4948418556701 46.5 1
0 46.5 0
0 55.5 1
17.76745752736436 55.5 0
19.56509513662493 58.5 1
0 58.5 0
0 61.5 1
22.49057335070859 61.5 0
23.3999 62.87869999999999 1
25.63921488700868 62.87869999999999 0
25.6284495709934 62.85023334589788 1
25.59795813837479 62.87869999999999 0
26.25234654599979 64.5 1
0 64.5 0
0 67.5 1
39.03890954271178 67.5 0
45.74368151306977 64.5 1
28.80971449543405 64.5 0
26.8204 66.00210000000001 1
31.4032 62.54170000000001 0
30.75926854442883 61.5 1
52.44845348342776 61.5 0
52.7714 61.35550000000001 1
34.5856 69.49260000000001 0
35.04365853970494 70.5 1
0 70.5 0
0 73.5 1
36.4077399563367 73.5 0
37.77182137296845 76.5 1
0 76.5 0
0 79.5 1
39.13590278960019 79.5 0
40.49998420623194 82.5 1
0 82.5 0
0 85.5 1
41.86406562286369 85.5 0
0 88.5 1
78.95366213187759 88.5 0
78.83410000000001 89.2431 1
85.47620000000001 90.91560000000001 0
89.64361442560718 91.5 1
0 91.5 0
0 100 1
100 100 0
100 97.5 1
0 97.5 0
0 94.5 1
100 94.5 0
100 91.5 1
92.50991819312574 91.5 0
90.69669999999999 92.77189999999999 1
94.13509999999999 90.36000000000001 0
100 88.5 1
85.88504055299538 88.5 0
86.39279086719731 85.5 1
100 85.5 0
100 80.2908380191779 1
99.86322913459566 80.91829999999999 0
100 82.5 1
85.17427416378317 82.5 0
86.84979999999999 82.7998 1
80.06610000000001 81.58600000000001 0
79.91904066944406 82.5 1
71.51392797991403 82.5 0
71.286 80.45920000000001 1
64.5351 81.21940000000001 0
64.70531808499123 82.5 1
53.76121194827402 82.5 0
60.15011864913969 79.5 1
90.62436026419707 79.5 0
89.54911581139527 76.5 1
59.55379425414179 76.5 0
60.7675 79.21010000000001 1
42.83320000000001 87.63140000000001 0
47.37230524740836 85.5 1
65.10407980213452 85.5 0
65.1491 85.83869999999999 1
71.8109 85.15899999999999 0
68.46872874797705 85.5 1
79.43635140066081 85.5 0
80.06610000000001 81.58600000000001 0
88.47387135859344 73.5 1
58.21025813459836 73.5 0
56.86672201505495 70.5 1
87.39862690579164 70.5 0
87.32060000000001 70.28229999999999 1
95.66319999999999 72.01589999999999 1
97.19806381501482 72.01589999999999 1
96.5992 74.76329999999999 1
95.66319999999999 72.01589999999999 0
88.36823729810797 70.5 1
97.52849173129238 70.5 0
97.57594483332656 70.28229999999999 1
100 70.28229999999999 1
100 80.91829999999999 1
91.1327 80.91829999999999 1
95.52549999999999 79.6891 1
95.25756544317673 80.91829999999999 0
96.79278667364972 80.91829999999999 1
99.11116606379954 70.28229999999999 0
100 67.5 1
55.52318589551152 67.5 0
54.1796497759681 64.5 1
100 64.5 0
100 61.5 1
52.83611365642467 61.5 0
50.68777151443258 52.5 1
100 52.5 0
100 49.5 1
49.76406162139219 49.5 0
49.56489999999999 49.2402 0