64.5 67.5 0
64 67.5 1
64 73.5 0
63 73.5 1
63 67.5 0
62.5 67.5 0
50.5 60.5 0
29 60.5 1
29 22.5 0
28 22.5 1
28 60.5 0
26 60.5 1
26 22.5 0
27 22.5 1
27 60.5 0
30 60.5 1
30 22.5 0
31 22.5 1
31 60.5 0
32 60.5 1
32 22.5 0
33 22.5 1
33 60.5 0
34 60.5 1
34 22.5 0
35 22.5 1
35 60.5 0
36 60.5 1
36 22.5 0
37 22.5 1
37 60.5 0
38 60.5 1
38 22.5 0
39 22.5 1
39 60.5 0
40 60.5 1
40 22.5 0
41 22.5 1
41 60.5 0
42 60.5 1
42 22.5 0
43 22.5 1
43 60.5 0
44 60.5 1
44 22.5 0
45 22.5 1
45 60.5 0
46 60.5 1
46 22.5 0
47 22.5 1
47 60.5 0
48 60.5 1
48 22.5 0
49 22.5 1
49 60.5 0
50.5 60.5 1
25.5 60.5 1
25.5 22.5 1
67.5 22.5 0
67 22.5 1
67 52.5 0
69 52.5 1
69 37.5 0
70 37.5 1
70 52.5 0
71 52.5 1
71 37.5 0
72 37.5 1
72 52.5 0
75 52.5 1
75 37.5 0
76 37.5 1
76 52.5 0
74 52.5 1
74 37.5 0
73 37.5 1
73 52.5 0
68.5 37.5 0
68.5 30.5 0
69 30.5 1
69 17.5 0
70 17.5 1
70 30.5 0
72 30.5 1
72 17.5 0
71 17.5 1
71 30.5 0
62 22.5 1
62 73.5 0
61 73.5 1
61 22.5 0
60 22.5 1
60 73.5 0
64.5 67.5 0