64.5 67.5 0
59 73.5 1
59 22.5 0
58 22.5 1
58 94.5 0
57.5 94.5 0
57.5 110.5 1
57.5 94.5 1
83.5 94.5 1
83.5 91.5 1
86.5 91.5 1
86.5 94.5 1
122.5 94.5 1
122.5 51.5 1
114.5 51.5 0
115 51.5 1
115 77.5 0
116 77.5 1
116 51.5 0
117 51.5 1
117 77.5 0
118 77.5 1
118 51.5 0
121 51.5 1
121 94.5 0
122 94.5 1
122 51.5 0
120 51.5 1
120 94.5 0
119 94.5 1
119 51.5 0
114.5 51.5 1
114.5 41.5 0
101.5 30.5 0
95 22.5 1
95 94.5 0
96 94.5 1
96 22.5 0
97 22.5 1
97 94.5 0
97.5 94 1
118.5 94 0
118.5 93 1
97.5 93 0
97.5 92 1
118.5 92 0
118.21537451386 90.5 1
118.5 90.26281209488334 0
118.5 91 1
97.5 91 0
86.5 91 1
58.5 91 0
58.5 94 1
83.5 94 0
83.5 93 1
58.5 93 0
58.5 92 1
83.5 92 0
58.5 90 1
86.5 90 0
86.5 89 1
58.5 89 0
58.5 88 1
86.5 88 0
86.5 87 1
58.5 87 0
58.5 73.5 1
58.5 74.5 1
58.5 85.5 1
59.5 85.5 1
86.5 85.5 1
86.5 84.5 1
86.5 49.5 1
85.5 49.5 0
86 49.5 1
86 41.5 0
87 41.5 1
87 94.5 0
88 94.5 1
88 41.5 0
89 41.5 1
89 94.5 0
90 94.5 1
90 41.5 0
91 41.5 1
91 94.5 0
92 94.5 1
92 41.5 0
93 41.5 1
93 94.5 0
94 94.5 1
94 41.5 0
85 41.5 1
85 49.5 0
85.5 49.5 1
84.5 49.5 1
84.5 50.5 1
84.5 52.5 1
62.5 52.5 0
65 52.5 1
65 22.5 0
66 22.5 1
66 52.5 0
64 52.5 1
64 22.5 0
63 22.5 1
63 52.5 0
62.5 52.5 1
62.5 53.5 1
62.5 67.5 0
63.5 67.5 1
64.5 67.5 0
64.5 67.5 0