61.9858 48.593 0
61.9858 48.593 0
61.9858 48.593 0
65.56350505731106 42.8856815995415 1
70.34612579812406 0 0
67.32752830266054 0 1
58.29748857570644 80.97221785884992 0
58.3820233210203 80.90800626669062 1
61.9858 48.593 1
66.0873 42.0501 0
68.49934135061787 43.62779993942991 1
73.36472329358759 0 0
76.38332078905111 0 1
74.15377181280988 19.99232903619525 0
73.45330000000001 20.3995 1
75.46610000000001 25.0465 0
73.97423832250686 21.60220289382425 1
71.31271813615251 45.46801067337708 0
74.12609492168716 47.30822140732427 1
76.67905553588952 24.41586552751411 0
82.23841468442663 28.70061167489526 1
85.43911327544171 0 0
88.45771077090524 0 1
85.8257234819894 23.60098677347708 0
89.41303227955217 18.50136187205889 1
91.47630826636876 0 0
94.49490576183229 0 1
93.00034107711497 13.40173697064071 0
79.96749331748163 21.9962121155498 1
82.42051577997816 0 0
79.40191828451464 0 1
77.38161276678056 18.11604638184466 0
77.86699999999999 17.8339 1
80.25129999999999 22.5586 0
79.88344718469838 22.74985240725338 1
78.65110588686386 33.80023657631344 0
23.2518 28.8073 1
21.8891 26.3952 0
22.5 27.47654724444119 1
22.5 0 0
19.5 0 1
19.5 28.70606439602241 0
17.052 31.0739 1
18.5151 33.9068 0
19.5 34.75090125016449 1
19.5 100 0
22.5 100 1
22.5 34.14519106163149 0
20.7948 35.86060000000001 1
25.789 30.8365 0
25.5 30.60536378685165 1
25.5 0 0
16.5 0 1
16.5 100 0
13.5 100 1
13.5 0 0
28.7761 12.8188 1
30.017 1.69167 1
30.20565541427462 0 0
28.5 0 1
28.5 100 0
25.5 100 1
25.5 31.12723022706339 0
37.5 45.55415529771474 1
37.5 14.30200900291586 0
40.5 18.65320459076946 1
40.5 13.96337628767933 0
40.36790000000001 14.7896 1
42.229 3.14929 1
30.017 1.69167 0
30.03837508098744 1.5 1
42.41292918725814 1.5 0
43.1787483389523 0 1
35.52839263502277 68.60061389400201 0
35.18337414120998 66.32730130896311 1
42.229 3.14929 0
64.30893080719699 0 1
54.99952219120927 83.47731409649921 0
48.85631686178981 84.42790705990279 1
58.27173581626994 0 0
61.29033331173346 0 1
51.71122367341808 85.89571873224889 0
53.0498 84.95830000000001 1
53.53058714054634 85.60628103339715 0
54.30045857937496 86.64387552884935 1
52.81098061073547 100 0
55.82957810619899 100 1
56.92463816317925 90.18061446200986 0
57.3549 90.76050000000001 0
60.13946860530521 88.42099685359497 1
58.84817560166252 100 0
61.86677309712606 100 1
63.47013498684623 85.62268027974758 0
65.44210000000001 83.9659 1
57.3549 90.76050000000001 1
53.53058714054634 85.60628103339715 1
53.4014 86.7647 1
49.9776 92.64830000000001 0
50.76270453302497 91.29914379037743 1
49.79238311527193 100 0
46.77378561980841 100 1
47.73730343792521 91.36015155652552 0
44.90060371975791 89.72907717627584 1
43.75518812434488 100 0
41.08251860619707 100 1
52.23454082534288 0 0
55.25313832080641 0 1
45.75539485988342 85.16610955650034 0
43.6361 89.00200000000001 1
46.759 83.34960000000001 0
37.26841672248931 80.06556063524795 1
46.19734583441583 0 0
49.21594332987935 0 1
38.06392111073355 100 0
37.5 100 1
37.5 89.98568796715347 0
38.72750000000001 89.67939999999999 1
35.18337414120998 66.32730130896311 1
34.0759 59.03019999999999 0
10.5 63.59006880768007 1
10.5 0 0
7.5 0 1
7.5 63.76341336066804 0
4.5 64.10472454387426 1
4.5 0 0
1.5 0 1
1.5 100 0
4.5 100 1
4.5 75.63572811843119 0
7.5 76.1702555887785 1
7.5 100 0
10.5 100 1
10.5 68.89472088872981 0
8.38982 76.3288 1
11.9099 63.9277 0
31.5 70.72138258824137 1
31.5 100 0
34.5 100 1
34.5 82.2233794088377 0
36.5842 90.21420000000001 1
28.8469 60.54940000000001 0
31.5 59.77858540447504 1
31.5 13.28190858710468 0
34.5 13.79195879501027 1
34.5 61.82457735832831 0
82.95610350005342 73.29860565526852 1
79.97835806990722 100 0
82.99695556537074 100 1
85.57308354466755 76.89990273805137 0
85.88329999999999 77.32679999999999 1
82.06809999999999 72.07660000000001 0
83.14967160797829 71.56288361202741 1
84.07916603282314 63.22812237698349 0
81.26895807429807 61.35949682330856 1
76.95976057444369 100 0
92.5 82.45564205735334 1
92.5 100 0
90.54344930402956 100 1
96.209 49.19710000000001 1
85.96080000000001 64.47929999999999 0
86.33710421914492 70.04894190365056 1
87.15719170878998 62.69523085887568 0
90.77791502527398 57.2959785153254 1
89.03565211879172 72.91882137059844 0
87.00460000000001 69.7319 1
90.2912 74.88890000000001 0
88.71897515417896 75.75845850895598 1
86.01555306083429 100 0
89.03415055629782 100 1
94.39863834175799 51.89672617177513 0
95.5 55.55469135040806 1
95.5 100 0
98.5 100 1
98.5 4.687956988913033 0
96.26419999999999 8.76192 1
77.3442 35.6581 1
75.91451988665943 48.47801808522487 0
76.61706179920668 48.93754600027859 1
78.05842128685393 36.01289915754968 0
78.62649999999999 36.29510000000001 1
97.92250000000001 9.866389999999999 0
96.51755404302108 8.930660239941808 1
97.51350325729581 0 0
99.02280200502759 0 1
93.87995612595432 46.11581449545534 1
96.209 49.19710000000001 0
95.5 48.2591050368878 1
95.5 31.58890769585832 0
81.48165336029825 32.38454754535407 1
78.7269223881143 57.08617490989261 0
75.79037274390774 56.35045317580112 1
70.92256558351664 100 0
73.94116307898017 100 1
78.458750115773 59.49087126963363 0
77.0504 58.5544 1
92.8339 44.7319 0
93.87995612595432 46.11581449545534 1
92.8339 44.7319 0
92.10818747258045 45.36744733805915 1
95.73281318304188 12.86548814864267 0
92.17002322735598 17.74525299782052 1
88.76287120146392 48.29712923101751 0
85.41755493034739 51.22681112397588 1
88.60723327167008 22.62501784699837 0
85.04444331598415 27.50478269617621 1
82.07223865923086 54.15649301693423 0
79.17840000000001 50.6129 1
75.31700000000001 57.1521 0
72.85841022556875 55.57359875942642 1
69.98567496772739 81.33336861452443 0
70.42599999999999 81.81909999999999 0
69.90655344040363 82.04285004998926 1
67.90396808805312 100 0
64.88537059258957 100 1
66.73563450658042 83.40871388496421 0
70.42599999999999 81.81909999999999 0
67.29774691030704 78.36826119682681 1
70.0415030343421 53.76504511531127 0
67.22459584311548 51.95649147119612 1
64.51547799771302 76.24910667735529 0
61.21751161321585 78.75420291500461 1
64.40768865188883 50.14793782708097 0
61.9858 48.593 0