37.5333 86.5606
34.154 77.2509
30.1479 78.9005
33.5333 88.31

61.2192 43.8331
57.8475 36.4159
44.6764 42.6246
46.7796 47.2812
35.3061 53.6539
38.4105 60.2395
51.8484 54.4298
49.6784 49.6735

45.4152 26.2404
40.8962 23.8199
45.0522 14.1092
37.9816 11.0327
34.1438 18.3646
44.5023 28.5396

46.4625 77.0143
39.9044 75.4303
38.4831 80.0604
44.7499 82.4413

52.3149 87.4105
46.5571 86.3189
45.4709 93.9084
50.8983 94.9224

66.921 46.5542
49.9965 76.7484
51.8974 77.6126
66.1527 52.2022

82.2479 27.0335
70.6915 25.9857
70.6015 30.2037
81.86 31.2167

84.4971 7.95172
75.4806 3.72035
80.9546 10.1334

81.7595 63.025
78.5888 59.3422
72.6708 64.7579
75.8561 67.7947

88.8976 16.6981
87.9579 11.8404
83.2733 11.9581
84.2315 17.3102