45.5 56.5 0
29.5 12 1
60.5 12 0
60.5 11 1
29.5 11 0
60.5 13 1
13.5 13 0
13.5 14 1
60.5 14 0
60.5 15 1
13.5 15 0
13.5 16 1
60.5 16 0
60.5 17 1
13.5 17 0
13.5 18 1
60.5 18 0
60.5 19 1
13.5 19 0
13.5 20 1
60.5 20 0
60.5 21 1
13.5 21 0
13.5 22 1
60.5 22 0
60.5 23 1
13.5 23 0
13.5 24 1
60.5 24 0
60.5 25 1
19.5 25 0
19.5 26 1
60.5 26 0
60.5 27 1
19.5 27 0
19.5 28 1
60.5 28 0
60.5 29 1
19.5 29 0
19.5 30 1
60.5 30 0
60.5 31 1
19.5 31 0
19.5 32 1
60.5 32 0
60.5 33 1
19.5 33 0
19.5 34 1
60.5 34 0
60.5 35 1
19.5 35 0
19.5 36 1
60.5 36 0
60.5 37 1
19.5 37 0
19.5 38 1
60.5 38 0
60.5 39 1
19.5 39 0
45.5 56.5 0