45.5 56.5 0
41.5 64.5 1
41.5 82.5 1
32.5 82.5 1
32.5 96.5 0
34 96.5 1
34 138.5 0
35 138.5 1
35 96.5 0
65 96.5 1
65 134.5 0
66 134.5 1
66 96.5 0
68 96.5 1
68 134.5 0
67 134.5 1
67 96.5 0
64 96.5 1
64 134.5 0
63 134.5 1
63 96.5 0
62 96.5 1
62 134.5 0
61 134.5 1
61 96.5 0
60 96.5 1
60 134.5 0
59 134.5 1
59 96.5 0
58 96.5 1
58 134.5 0
57 134.5 1
57 96.5 0
56 96.5 1
56 134.5 0
55 134.5 1
55 96.5 0
54 96.5 1
54 134.5 0
53 134.5 1
53 96.5 0
52 96.5 1
52 134.5 0
51 134.5 1
51 96.5 0
50 96.5 1
50 134.5 0
49 134.5 1
49 96.5 0
48 96.5 1
48 134.5 0
47 134.5 1
47 96.5 0
46 96.5 1
46 134.5 0
45 134.5 1
45 96.5 0
44 96.5 1
44 134.5 0
43 134.5 1
43 96.5 0
42 96.5 1
42 134.5 0
41 134.5 1
41 96.5 0
40 96.5 1
40 134.5 0
39 134.5 1
39 96.5 0
38 96.5 1
38 134.5 0
37 134.5 1
37 96.5 0
36 96.5 1
36 134.5 0
35.5 134.5 0
33 138.5 1
33 96.5 0
32.5 96.5 1
68.5 96.5 1
68.5 134.5 1
35.5 134.5 1
35.5 138.5 1
18.5 138.5 1
18.5 56.5 1
23.5 56.5 0
23.5 56 1
45.5 56 0
45.5 56.5 0