45.0729 46.6876 0
47.5 61.86996204958389 1
47.5 46.05598041231049 0
50.5 45.27527143325378 1
50.5 100 0
47.5 100 1
47.5 64.77537689307243 0
48.4812 62.3074 1
45.37909999999999 70.11000000000001 1
43.89100000000001 60.261 0
44.5 60.53250398675439 1
44.5 0 0
46.7064 1.835835165023633 1
56.7991160274936 0 0
59.5 7.131782036583067 1
59.5 7.7335739462953 0
59.4336 7.14386 1
60.7333 18.6868 0
59.5 18.83304297019878 1
59.5 32.13096043206015 0
58.468 33.0596 1
60.0248 36.9751 0
59.5 35.65517810894141 1
59.5 66.63122680599443 0
56.5 73.48505779807903 1
56.5 43.71385347514035 0
56.9717 43.5911 0
56.5 41.80687801005077 1
56.5 19.1887787284055 0
53.5 19.54451448661223 1
53.5 30.45927154439954 0
53.1113 28.989 1
56.9717 43.5911 0
53.5 44.49456245419707 1
53.5 100 0
56.5 100 1
56.5 82.29275237630526 0
59.5 100 1
59.5 84.64523522028807 0
62.5 86.21651898227927 1
62.5 100 0
65.5 100 1
65.5 87.78780274427049 0
57.2701 83.47730000000001 1
54.196 78.74879999999999 1
60.5886 64.14420000000001 0
62.5 65.1390034088754 1
62.5 36.0157805426943 0
65.5 34.85306303626368 1
65.5 48.42340666532064 0
62.95269999999999 53.01990000000001 1
66.91499999999999 45.87009999999999 1
68.03639999999999 38.3473 0
68.5 38.523243398652 1
68.5 33.69034552983305 0
69.9383 33.13290000000001 1
68.65049999999999 28.978 0
71.5 27.59444899468236 1
71.5 39.66178998181852 0
73.48150000000001 40.41379999999999 1
71.97479999999999 45.77760000000001 1
65.97550000000001 54.1524 0
65.5 53.9742526697102 1
65.5 66.70037738953158 0
68.5 68.26175137018774 1
68.5 50.62829175403797 0
71.5 46.44040316703615 1
71.5 69.82312535084392 0
74.5 71.38449933150008 1
74.5 26.13782396715018 0
77.5 24.68119893961801 1
77.5 100 0
74.5 100 1
74.5 79.56445469625848 0
77.4622 72.92619999999999 1
70.8793 87.67840000000001 0
68.5 88.95765663825929 1
68.5 100 0
71.5 100 1
71.5 86.28741873946134 0
86.5 84.87043913497044 1
86.5 9.472815006620412 0
85.7295 7.86764 1
87.61760000000001 11.8011 0
95.5 12.62658364033624 1
95.5 100 0
92.5 100 1
92.5 12.31240890662459 0
89.5 11.99823417291294 1
89.5 87.53030630196938 0
87.60650000000001 84.21780000000001 1
89.89150000000001 88.21520000000001 0
89.5 88.43865417419886 1
89.5 100 0
86.5 100 1
86.5 90.15094669679539 0
98.5 100 1
98.5 0 0
95.5 0 1
95.5 9.633949829697219 0
97.5035 12.8364 1
91.92519999999999 3.91989 0
92.5 4.838666320384347 1
92.5 0 0
89.5 0 1
89.5 5.465168709427505 0
86.5 7.376696059040947 1
86.5 0 0
83.5 0 1
83.5 37.03190576757076 0
86.32310000000001 37.90989999999999 1
83.97409999999999 45.1476 0
83.5 45.02037579926539 1
83.5 86.63990809557717 0
81.56739999999999 87.77979999999999 1
83.8065 91.6883 0
83.5 91.15328358715556 1
83.5 100 0
80.5 100 1
80.5 44.2153291799787 0
79.37299999999999 43.91289999999999 1
81.92089999999999 36.5408 0
80.5 40.65203548412418 1
80.5 0 0
77.5 0 1
77.5 22.17496298342542 0
78.1848 24.3487 1
76.24809999999999 18.2011 1
74.68340000000001 18.51677836862073 1
74.68340000000001 14.7888 1
74.62809999999999 13.1888 0
74.5 13.16357987094639 1
74.5 0 0
71.5 0 1
71.5 12.57294453011251 0
68.5 11.98230918927862 1
68.5 0 0
65.5 0 1
65.5 26.73189317659592 0
65.56209999999999 26.67601283050186 1
74.6139 18.5308 1
74.68340000000001 18.51677836862073 0
69.59419006447101 15.88770523876243 1
65.56209999999999 19.51595947845712 0
66.6437 16.5248 1
74.68340000000001 14.7888 0
74.68340000000001 15.343982694657 1
65.56209999999999 23.55173472086799 0
62.5 29.43142680432803 1
62.5 0 0
60.7333 2.333609516890854 1
46.7064 4.88506109901418 0
46.7064 7.934287033004727 1
60.7333 5.3828354508814 0
60.7333 6.907448417876674 1
60.7333 0 1
46.7064 0 1
46.7064 9.4589 1
48.4385 20.1447 0
50.5 19.90025024481895 1
50.5 29.97587208137941 0
47.5 31.10964309357189 1
47.5 14.35483607759367 0
39.88509999999999 11.618 1
40.015 15.796 0
38.5 15.90817002397224 1
38.5 65.83676192487221 0
35.5 63.65561055790175 1
35.5 16.1302888833232 0
31.6303 16.4168 0
23.5 0 1
23.5 61.58973663732772 0
20.5 59.84097531321112 1
20.5 0 0
17.5 0 1
17.5 58.0922139890945 0
14.6881 56.45310000000001 1
10.8807 62.9401 0
11.5 63.35829294247696 1
11.5 100 0
14.5 100 1
14.5 65.38409437543501 0
17.5 67.40989580839303 1
17.5 100 0
20.5 100 1
20.5 69.43569724135108 0
23.0932 71.18680000000001 1
25.8926 67.31360000000001 0
26.5 67.65848452376542 1
26.5 77.25241631092857 0
25.626 77.33240000000001 1
25.626 100 1
35.7637 100 1
35.7637 98.1848 1
34.0498 76.5615 0
32.5 71.06531221983477 1
32.5 76.70332920059832 0
29.5 76.97787275576343 1
29.5 69.36189837180009 0
23.5 70.623958762592 1
23.5 100 0
25.626 95.67446495800857 1
25.94365881769733 99.54580000000001 0
25.626 99.54580000000001 1
35.7637 99.54580000000001 0
27.4487 99.54580000000001 1
35.7637 98.1848 0
38.5 100 1
38.5 70.32626404062586 0
35.5 94.85784731314547 1
35.5 72.76872606786944 0
36.68980000000001 73.4443 1
40.33280000000001 67.16929999999999 0
44.5 64.29167065385391 1
44.5 100 0
41.5 100 1
41.5 0 0
38.5 0 1
38.5 11.67734027629307 0
35.5 11.80586589096291 1
35.5 0 0
32.5 0 1
32.5 11.93439150563276 0
31.3724 11.9827 1
31.6303 16.4168 0
32.5 16.35240774267416 1
32.5 61.47445919093131 0
29.5 59.29330782396087 1
29.5 0 0
26.5 0 1
26.5 62.98451338081912 0
26.3336 63.2415 1
29.0853 58.9918 0
14.5 48.9167781292585 1
14.5 56.7735824026895 0
11.5 61.88494448705153 1
11.5 49.5429477969366 0
9.057759999999998 50.0527 1
8.280059999999999 44.4153 0
8.5 44.3977380807585 1
8.5 0 0
0 0 1
0 100 0
2.5 100 1
2.5 0 0
5.5 0 1
5.5 100 0
8.5 100 1
8.5 46.00960340234023 0
8.280059999999999 44.4153 0
11.5 44.15819203308872 1
11.5 0 0
14.5 0 1
14.5 43.91864598541893 0
14.9627 43.8817 1
15.6622 48.6742 0
46.1808 31.6082 1
45.0729 46.6876 0
45.0729 46.6876 0