42.06440000000001 47.42270000000001 0
42.06440000000001 47.42270000000001 1
43.1606 39.9817 0
42.99151681729296 39.9558810754212 1
50.8441121927581 13.18623457551253 0
52.0937 10.9884 1
48.3865 17.5088 0
46.74179811697634 16.51311377692544 1
43.26049458022648 28.3809435302387 0
44.309 28.8988 1
42.6592 32.125 0
42.23328802664227 31.88271014459325 1
39.99914466502771 39.49894721793115 0
61.5188413849903 40.7438039071755 1
66.58300788679099 23.47996429900599 0
66.7389 23.5949 1
77.50110000000001 9.16629 0
77.09938955878425 8.945394320153035 1
79.7234272751727 0 0
82.84983618792455 0 1
73.16927934098283 33.0012018096056 0
76.47890461739848 32.37661375256616 1
85.97624510067644 0 0
89.10265401342832 0 1
79.55368404877984 32.55261963332001 0
82.53455460179896 33.04876266068081 1
92.22906292618018 0 0
95.35547183893206 0 1
85.27700137266697 34.35769688129437 0
71.57929960008332 17.10549838381017 1
65.7301932469984 37.04521282544192 0
62.5535 20.5091 0
65.68739890135436 15.87512505657747 1
70.34420053691707 0 0
67.21779162416522 0 1
45.00318422600738 75.73001775196082 0
42.1994 71.6909 0
39.39823322280488 73.52142747285248 1
60.96497379866148 0 0
64.09138271141333 0 1
42.80548618708025 72.56402477713027 0
42.1994 71.6909 1
27.808 81.09549999999999 0
17.45245314406469 84.38708428333985 1
12.87256787159421 100 0
9.746158958842337 100 1
26.30467007875487 43.55172168556966 0
28.3197 45.63849999999999 0
28.80063133059615 45.7009297132749 1
20.8053736166779 72.95691482948004 0
0 69.27691713941519 1
14.94557274460596 18.32717632355501 0
17.77837344056988 19.3280923006394 1
0 79.9349043916329 0
0 90.59289164385061 1
26.5744757583909 0 0
23.44806684563903 0 1
19.41816118595307 13.73802479048325 0
16.56490653285746 12.80683674101505 1
20.32165793288716 0 0
17.19524902013529 0 1
0 58.61892988719745 0
0 47.96094263497973 1
14.06884010738342 0 0
10.94243119463155 0 1
6.433548848865565 15.37086539349222 0
7.91666 15.8023 0
4.599869999999999 27.1093 0
0 37.30295538276202 1
3.130107663276883 26.63235901988576 0
0 26.6449681305443 1
7.816022281879675 0 0
4.689613369127805 0 1
0 15.98698087832658 0
0 5.32899362610886 1
1.563204456375935 0 0
0 0 1
0 100 0
0.3669322205867256 100 1
29.70088467114277 0 0
32.82729358389464 0 1
29.27827777783821 12.09866216302932 0
27.6568 12.4008 1
28.7664 19.0654 0
28.21180041035544 15.73430372643734 1
3.493341133338596 100 0
6.619750046090466 100 1
24.26488105963106 39.84741386868201 0
23.9413 41.10420000000001 1
24.9464 37.2004 0
25.03728390370148 37.21427793048089 1
30.48973152964315 18.62678060930649 0
33.6521 17.8219 1
32.0795 11.6082 0
32.29675220966901 12.46661285464853 1
35.95370249664651 0 0
39.08011140939838 0 1
28.02965605596673 37.67121178797093 0
31.02202820823197 38.12814564546099 1
42.20652032215025 0 0
45.33292923490212 0 1
34.01440036049722 38.58507950295105 0
37.00677251276247 39.0420133604411 1
39.55398271712792 30.35852548522577 0
38.72369999999999 29.8862 1
40.5797 27.0569 0
40.47619635290874 27.2146817180578 1
44.08686506881133 14.90584361658284 0
42.8096 14.1326 1
46.4216 7.64227 0
45.99013473809158 8.417561232924168 1
48.45933814765399 0 0
51.58574706040586 0 1
48.91285722378878 9.111932124122692 0
51.5780557502419 10.68420707437403 1
54.71215597315773 0 0
57.83856488590961 0 1
35.53038144361257 76.0490202603917 0
31.66252966442025 78.57661304793095 1
40.84753981069684 47.26473933517977 0
42.06440000000001 47.42270000000001 0