42.06440000000001 47.42270000000001 0
37.09336198139283 48.28999456490496 1
32.5865142115528 47.70496049424874 0
31.81235845062132 46.09188211875113 1
28.41814001324428 57.66283711739366 0
29.0531 56.38720000000001 1
16.0699 82.47049999999999 0
15.5814 88.14949999999999 1
30.9943 57.1564 0
32.48955083711073 54.44130768760604 1
19.12538569709795 100 0
15.99897678434608 100 1
25.07529574348833 69.05865660469422 0
85.85239999999999 63.89960000000001 1
82.17500000000001 72.74780000000001 1
91.43520000000001 63.3691 0
89.75817260432672 61.71324820999246 1
100 26.79866445951956 0
100 37.45665171173728 1
81.65356395213536 100 0
84.77997286488721 100 1
100 48.114638963955 0
100 58.77262621617272 1
87.9063817776391 100 0
78.16927845560389 95.69719352585889 1
68.95375407918308 97.62871629673833 0
72.26444685085841 100 1
77.21123536681168 98.96318057757668 0
78.52715503938347 100 1
88.35832766451654 66.48534614725372 0
100 69.43061346839045 1
91.03279069039098 100 0
94.15919960314284 100 1
100 80.08860072060816 0
100 90.74658797282586 1
97.28560851589472 100 0
100 100 1
100 0 0
98.48188075168392 0 1
71.84668269407479 90.79989511302372 0
70.90299999999999 90.9837 1
71.786 95.5025 0
71.25873816061673 92.80420917349363 1
70.38082965663284 95.79701590645482 0
69.43277562357918 95.99572277087944 1
68.2581628452005 100 1
76.90709525043988 100 1
78.64830000000001 94.0642 1
77.78020000000001 89.64420000000001 0
78.04420455197152 90.98840011486482 1
83.9104984956773 70.99009285097421 0
75.16254303222431 90.15405161233286 1
83.35192853885522 62.23628117060819 0
82.18809999999999 61.46210000000001 1
84.7748 56.7928 0
87.33391493156043 59.31960132190571 1
100 16.14067720730184 0
100 5.482689955084123 1
84.90965725879414 56.92595443381897 0
84.7748 56.7928 0
77.36846280408795 50.66006753484909 1
62.89511047562414 100 0
66.02151938837599 100 1
83.76118331536392 39.52514937463994 0
83.3383 39.2854 1
77.0505 51.2659 0
74.47612201872388 49.86212485125635 1
59.76870156287227 100 0
56.6422926501204 100 1
71.97102022421419 47.74407710678885 0
65.06540000000001 45.41070000000001 0
63.51418856168999 44.59961480738966 1
47.26306591186479 100 0
50.38947482461666 100 1
66.50981874049731 45.04544199063402 0
69.24041948235575 46.39475954871143 1
53.51588373736853 100 0
47.066 78.70169999999999 1
32.0873 87.9348 0
32.05769295096621 87.88748116503712 1
28.50461243535356 100 0
44.13665699911292 100 1
60.80353684765629 43.18229063527561 0
59.6046 42.55540000000001 1
61.65600000000001 40.614 1
67.4359 35.55110000000001 0
69.60942817298596 34.4788146746826 1
76.73220756984981 10.19712468125379 0
77.50110000000001 9.16629 0
74.40723542524103 7.465011545480575 1
76.59701836242081 0 0
73.47060944966896 0 1
71.20864884697545 7.711066575519167 0
72.197 6.24963 1
62.5535 20.5091 0
64.01252405177306 21.58480517010592 1
41.01024808636105 100 0
37.88383917360918 100 1
43.4837299791342 80.9098660844837 0
39.66722445352131 83.26241852017813 1
34.7574302608573 100 0
31.63102134810543 100 1
35.85071892790845 85.61497095587256 0
32.0873 87.9348 0
29.92918083829255 84.48563205602184 1
25.37820352260169 100 0
22.25179460984982 100 1
37.83581269067167 46.87378692970356 0
42.06440000000001 47.42270000000001 0