67.5 39.5 0
58.5 34.5 1
58.5 31.5 1
62.5 31.5 1
62.5 27.5 1
57.5 27.5 1
57.5 19.5 0
57.5 20 1
47.5 20 0
47.5 17 1
89.5 17 0
89.5 18 1
47.5 18 0
47.5 19 1
89.5 19 0
89.5 20 1
66.61445180478876 20 0
67.32873751907448 21 1
89.5 21 0
89.5 21.18102496759067 0
90.18247919367445 22 1
68.0430232333602 22 0
69.47159466193162 24 0
70.18588037621734 25 1
92.68247919367445 25 0
93.5158125270078 26 1
70.90016609050306 26 0
69.47159466193162 24 1
91.84914586034111 24 0
91.01581252700777 23 1
68.75730894764591 23 0
68.0430232333602 22 0
67.32873751907448 21 0
66.61445180478876 20 0
66.25730894764591 19.5 0
57.5 19.5 1
66.25730894764591 19.5 1
71.25730894764591 26.5 1
93.93247919367445 26.5 1
89.5 21.18102496759067 1
89.5 15.5 0
93.5 15 1
47.5 15 0
47.5 16 1
89.5 16 0
89.5 15.5 1
93.5 15.5 1
93.5 12.5 1
77.5 12.5 1
77.5 14.5 0
77.5 13 1
93.5 13 0
93.5 14 1
77.5 14 0
77.5 14.5 1
47.5 14.5 1
47.5 31.5 0
36.5 31.5 0
36.5 29 1
27.5 29 0
27.5 28 1
36.5 28 0
36.5 30 1
27.5 30 0
27.5 31 1
36.5 31 0
36.5 31.5 0
42 39.5 1
42 53.5 0
41 53.5 1
41 39.5 0
39 39.5 1
39 53.5 0
40 53.5 1
40 39.5 0
43 53.5 1
43 39.5 0
51.5 39.5 1
51.5 50.5 0
49.5 51 1
72.5 51 0
72.5 52 1
49.5 52 0
49.5 53 1
72.5 53 0
72.5 58 1
57.5 58 0
57.5 57 1
72.5 57 0
72.5 56 1
57.5 56 0
57.5 55 1
72.5 55 0
72.5 54 1
57.5 54 0
57.5 53.5 0
51.5 41 1
115.1704369859013 41 0
113.3704369859013 42 1
51.5 42 0
51.5 43 1
111.5704369859013 43 0
109.7704369859013 44 1
51.5 44 0
51.5 45 1
108.5 45 0
108.5 47.5 1
108.5 44.70579832550072 1
117.5 39.70579832550073 1
117.5 34.5 1
107.5 34.5 1
107.5 25.5 1
119.5 25.5 1
119.5 21.5 0
119.5 22 1
99.5 22 0
99.5 23 1
119.5 23 0
119.5 24 1
99.5 24 0
99.5 25 1
119.5 25 0
116.5 9.5 1
116.5 8.5 1
121.5 8.5 1
121.5 12.5 1
123.5 12.5 1
123.5 21.5 1
119.5 21.5 0
123.5 21 1
99.5 21 0
99.5 20 1
123.5 20 0
123.5 19 1
99.5 19 0
99.5 18.5 1
96.5 18.5 1
96.5 9.5 1
116.5 9.5 0
116.5 9 1
121.5 9 0
121.5 10 1
96.5 10 0
96.5 11 1
121.5 11 0
121.5 12 1
96.5 12 0
96.5 13 1
123.5 13 0
123.5 14 1
96.5 14 0
96.5 15 1
123.5 15 0
123.5 16 1
96.5 16 0
96.5 17 1
123.5 17 0
123.5 18 1
96.5 18 0
99.5 18.5 1
99.5 38.5 0
99.5 33 1
107.5 33 0
107.5 32 1
99.5 32 0
99.5 31 1
107.5 31 0
107.5 30 1
99.5 30 0
99.5 27 1
107.5 27 0
107.5 26 1
99.5 26 0
99.5 28 1
107.5 28 0
107.5 29 1
99.5 29 0
107.5 34 1
99.5 34 0
99.5 35 1
117.5 35 0
117.5 36 1
99.5 36 0
99.5 37 1
117.5 37 0
117.5 38 1
99.5 38 0
99.5 38.5 1
83.5 38.5 1
83.5 35.5 1
82.5 35.5 1
82.5 39.5 1
78.5 39.5 1
78.5 36.5 1
69.5 36.5 1
69.5 39.5 0
67.5 39.5 0