67.5 39.5 0
69.5 39.5 0
69.5 38 1
78.5 38 0
78.5 37 1
69.5 37 0
96 46.5 1
96 70.5 0
95 70.5 1
95 46.5 0
94 46.5 1
94 70.5 0
93 70.5 1
93 46.5 0
84.5 46.5 0
84.5 47 1
51.5 47 0
51.5 48 1
84.5 48 0
84.5 49 1
51.5 49 0
51.5 46 1
108.5 46 0
108 46.5 1
108 95.5 0
107 95.5 1
107 46.5 0
106 46.5 1
106 95.5 0
105 95.5 1
105 46.5 0
104 46.5 1
104 95.5 0
103 95.5 1
103 46.5 0
102 46.5 1
102 95.5 0
101 95.5 1
101 46.5 0
100 46.5 1
100 95.5 0
99 95.5 1
99 46.5 0
98 46.5 1
98 95.5 0
97 95.5 1
97 46.5 0
121 85.5 1
121 47.5 0
123 47.5 1
123 85.5 0
122 85.5 1
122 47.5 0
120 47.5 1
120 95.5 0
119 95.5 1
119 47.5 0
118 47.5 1
118 95.5 0
117 95.5 1
117 47.5 0
116 47.5 1
116 95.5 0
115 95.5 1
115 47.5 0
114 47.5 1
114 95.5 0
113 95.5 1
113 47.5 0
112 47.5 1
112 95.5 0
111 95.5 1
111 47.5 0
110 47.5 1
110 95.5 0
109 95.5 1
109 47.5 0
108.5 47.5 1
123.5 47.5 1
123.5 85.5 1
120.5 85.5 1
120.5 95.5 1
92.5 95.5 1
92.5 85.5 1
96.5 85.5 0
96 85.5 1
96 95.5 0
95 95.5 1
95 85.5 0
93 85.5 1
93 95.5 0
94 95.5 1
94 85.5 0
96.5 85.5 1
96.5 70.5 1
92.5 70.5 1
92.5 46.5 1
84.5 46.5 1
84.5 49.5 1
72.5 49.5 0
67.5 39.5 0