67.5 39.5 0
58.5 34.5 0
57.5 27.5 0
57.5 24 1
47.5 24 0
47.5 23 1
57.5 23 0
57.5 21 1
47.5 21 0
47.5 22 1
57.5 22 0
57.5 25 1
47.5 25 0
47.5 26 1
57.5 26 0
57.5 27 1
47.5 27 0
47.5 28 1
62.5 28 0
62.5 29 1
47.5 29 0
47.5 30 1
62.5 30 0
62.5 31 1
47.5 31 0
47.5 31.5 1
36.5 31.5 1
36.5 11.5 1
26.5 11.5 1
26.5 15.5 1
9.5 15.5 1
9.5 21.5 1
20.5 21.5 1
20.5 26.5 1
27.5 26.5 0
27.5 27 1
36.5 27 0
36.5 15 1
26.5 15 0
26.5 14 1
36.5 14 0
36.5 12 1
26.5 12 0
26.5 13 1
36.5 13 0
36.5 16 1
9.5 16 0
9.5 17 1
36.5 17 0
36.5 18 1
9.5 18 0
9.5 19 1
36.5 19 0
36.5 20 1
9.5 20 0
9.5 21 1
36.5 21 0
36.5 22 1
20.5 22 0
20.5 23 1
36.5 23 0
36.5 24 1
20.5 24 0
20.5 25 1
36.5 25 0
36.5 26 1
20.5 26 0
27.5 26.5 1
27.5 32.77731879764632 1
38.30297911372632 42.5 0
38 42.5 1
38 53.5 0
37 53.5 1
37 42.5 0
38.30297911372632 42.5 1
38.30297911372632 39.5 0
38.30297911372632 40.48195639293894 1
37.21191645490527 39.5 0
38.30297911372632 39.5 1
34.96964578039299 39.5 0
35.71706933856375 39.5 1
38.30297911372632 41.82731879764631 0
38.30297911372632 42.5 1
36.5 42.5 1
36.5 53.5 1
22.5 53.5 0
22 53.5 1
22 41.5 0
21 53.5 1
21 41.5 0
20 41.5 1
20 53.5 0
19 53.5 1
19 41.5 0
18.5 41.5 1
18.5 39.5 1
15.5 39.5 1
15.5 62.5 1
11.5 62.5 1
11.5 70.5 1
30.5 70.5 1
30.5 85.5 0
19.5 86 1
46.5 86 0
46.5 87 1
19.5 87 0
19.5 88 1
46.5 88 0
46.5 89 1
19.5 89 0
19.5 90 1
46.5 90 0
41.79289321881345 72.5 0
45.5 72 1
30.5 72 0
30.5 71 1
45.5 71 0
45.5 70 1
11.5 70 0
11.5 69 1
45.5 69 0
45.5 68 1
11.5 68 0
11.5 67 1
45.5 67 0
45.5 66 1
11.5 66 0
11.5 65 1
45.5 65 0
45.5 64 1
11.5 64 0
11.5 63 1
45.5 63 0
45.5 62 1
15.5 62 0
15.5 61 1
43.5 61 0
43.5 60 1
15.5 60 0
15.5 59 1
43.5 59 0
43.5 58 1
15.5 58 0
15.5 57 1
43.5 57 0
43.5 56 1
15.5 56 0
15.5 55 1
43.5 55 0
43.5 54 1
15.5 54 0
16 53.5 1
16 39.5 0
17 39.5 1
17 53.5 0
18 53.5 1
18 39.5 0
18.5 41.5 1
22.5 41.5 1
22.5 53.5 0
42.29289321881345 73 1
30.5 73 0
30.5 74 1
43.29289321881345 74 0
44.29289321881345 75 1
30.5 75 0
30.5 76 1
45.29289321881345 76 0
46.29289321881345 77 1
30.5 77 0
30.5 78 1
46.5 78 0
46.5 79 1
30.5 79 0
30.5 80 1
46.5 80 0
46.5 81 1
30.5 81 0
30.5 82 1
46.5 82 0
46.5 83 1
30.5 83 0
30.5 84 1
46.5 84 0
46.5 85 1
30.5 85 0
30.5 85.5 1
19.5 85.5 1
19.5 90.5 1
46.5 90.5 1
46.5 77.20710678118655 1
41.79289321881345 72.5 1
45.5 72.5 1
45.5 61.5 1
43.5 61.5 1
43.5 39.5 1
51.5 39.5 0
51.5 40 1
116.9704369859013 40 0
117.5 39 1
82.5 39 0
83 35.5 1
83 38.5 0
82.5 39.5 0
78.5 39.5 0
78.5 39 1
69.5 39 0
69.5 39.5 1
67.5 39.5 0
67.5 39.5 0