44.59010000000001 56.0761 0
45.07967276169951 58.5 1
100 58.5 0
100 25.5 1
0 25.5 0
0 28.5 1
100 28.5 0
100 31.5 1
55.98914111779879 31.5 0
55.86320000000001 31.4471 1
48.98260000000001 29.0747 0
47.9176476298553 31.5 1
11.69727168391847 31.5 0
11.6782 31.4492 1
0 31.4492 1
0 42.4064 0
0 43.5 1
27.07200381731136 43.5 0
25.6963 40.5234 0
25.7094612828439 40.5 1
10.46376054791354 40.5 0
5.521179999999999 42.4064 0
3.21368 42.4064 1
3.21368 34.8633 0
7.668162700720451 31.4492 1
3.21368 33.24588184238796 0
1.71368 31.4492 1
1.71368 42.4064 0
3.21368 39.99102495204124 1
3.952564268160944 42.4064 0
5.521179999999999 42.4064 1
14.4927 38.946 0
13.94983277665137 37.5 1
27.3968052371894 37.5 0
27.5886 37.15900000000001 1
34.06255353704266 37.15900000000001 0
36.78051818551393 41.9971 1
30.13672201416537 37.15900000000001 0
34.23807630185719 34.5 1
12.82355223028492 34.5 0
28.66022109716953 22.5 1
0 22.5 0
0 19.5 1
19.85219383871307 19.5 0
19.6276 20.7595 1
33.8556 23.5011 1
41.6392 22.8149 0
41.65757205279162 22.5 1
100 22.5 0
100 19.5 1
71.42202683448113 19.5 0
78.29402873426739 16.5 1
100 16.5 0
100 13.5 1
79.47582060753723 13.5 0
78.03690231280098 10.5 1
100 10.5 0
100 7.5 1
76.59798401806469 7.5 0
80.46100000000001 15.554 1
68.88579999999999 20.6072 0
68.39423487487292 19.5 1
61.49630090567021 19.5 0
61.5142 19.5501 1
54.6156 22.3031 0
53.57791743361399 19.5 1
41.83259954842467 19.5 0
42.94095862951893 17.7755 1
42.03427686548592 16.04321768705278 0
43.21552552251987 15.0654 1
42.07910853694436 15.0654 1
42.09010000000001 15.0864 1
34.6067 15.0654 1
19.9668 18.8573 0
29.0679461984757 16.5 1
0 16.5 0
0 13.5 1
42.3961904621725 13.5 0
41.967 12.68 0
42.86545729462168 10.5 1
0 10.5 0
0 7.5 1
41.64416716985197 7.5 0
42.09010000000001 15.0864 1
41.93321118716439 17.7755 1
44.634 17.7755 1
48.02379999999999 16.4392 0
47.58016605174157 10.5 1
64.39849234764773 10.5 0
62.88549999999999 7.092140000000001 1
74.11420000000001 2.32156 0
75.15906572332844 4.5 1
100 4.5 0
100 1.5 1
0 1.5 0
0 4.5 1
68.98672090353793 4.5 0
62.88549999999999 7.092140000000001 0
63.066578171906 7.5 1
46.84509766800358 7.5 0
59.09180224954899 13.5 1
47.80425378153267 13.5 0
48.02379999999999 16.4392 0
47.86956828556463 16.5 1
52.46734424708549 16.5 0
52.3293 16.1271 1
59.32089999999999 13.411 0
59.35269679431839 13.5 1
65.73040652338946 13.5 0
60.42449884999429 16.5 1
67.06232069913119 16.5 0
55.86320000000001 31.4471 1
64.1696 34.9361 0
63.13135951848668 34.5 1
100 34.5 0
100 37.5 1
63.32370640838874 37.5 0
62.33393271408173 40.5 1
100 40.5 0
100 43.5 1
36.29621487412852 43.5 0
37.00369999999999 44.01519999999999 1
31.226 49.2246 0
28.9689 47.60429999999999 0
28.4585224801932 46.5 1
0 46.5 0
0 49.5 1
100 49.5 0
100 46.5 1
34.24783004184744 46.5 0
37.00369999999999 44.01519999999999 1
34.23239617134855 41.9971 1
40.4662 41.9971 1
44.67700000000001 38.2431 1
42.04300000000001 35.9406 0
43.82691296416938 37.5 1
50.81292876474838 37.5 0
42.14547242408098 40.5 1
58.4133621863713 40.5 0
61.8822 41.86920000000001 1
46.09990000000001 35.6397 0
46.60034374562072 34.5 1
38.65430917062913 34.5 0
41.27670000000001 36.6921 1
36.2701 32.50700000000001 1
32.63030000000001 36.07689999999999 1
34.06255353704266 37.15900000000001 1
40.4662 41.9971 0
42.547 55.0018 1
44.59010000000001 56.0761 0
44.59010000000001 56.0761 0