44.59010000000001 56.0761 0
43.49447502559806 55.5 1
100 55.5 0
100 52.5 1
0 52.5 0
0 55.5 1
42.32551654896622 55.5 0
40.99181451544287 58.5 1
0 58.5 0
0 61.5 1
39.65811248191952 61.5 0
38.32441044839615 64.5 1
0 64.5 0
0 67.5 1
36.9907084148728 67.5 0
36.79949999999999 67.93010000000001 1
49.13120000000001 74.8793 0
50.19333377330577 73.5 1
84.39410646313067 73.5 0
83.47640000000001 73.9058 1
87.8467 71.97329999999999 0
87.63285479683918 73.5 1
100 73.5 0
100 76.5 1
87.21264414020564 76.5 0
86.79243348357207 79.5 1
100 79.5 0
100 82.5 1
36.23272788566145 82.5 0
32.2448 79.5925 0
32.02398835334006 79.5 1
84.29255438148297 79.5 0
83.9657 79.0635 0
83.72250622176551 76.5 1
0 76.5 0
0 79.5 1
29.21882025514772 79.5 0
27.95466403312444 82.5 1
0 82.5 0
0 85.5 1
26.69050781110116 85.5 0
0 100 1
100 100 0
100 97.5 1
0 97.5 0
0 94.5 1
100 94.5 0
100 91.5 1
0 91.5 0
0 88.5 1
28.36528370655948 88.5 0
25.8742 87.43719999999999 1
34.4465 91.09450000000001 0
35.38858611920462 88.5 1
100 88.5 0
100 85.5 1
36.4779129095742 85.5 0
37.28789999999999 83.26929999999999 1
32.2448 79.5925 1
29.6397 78.50120000000001 0
41.35991498733667 70.5 1
0 70.5 0
0 73.5 1
46.68356375266218 73.5 0
49.13120000000001 74.8793 0
52.50349205643293 70.5 1
100 70.5 0
100 67.5 1
54.81365033956008 67.5 0
57.12380862268725 64.5 1
100 64.5 0
100 61.5 1
50.308567466133 61.5 0
55.3175 64.37379999999999 1
43.9952 57.87779999999999 0
44.59010000000001 56.0761 0