15.0621 82.8848
14.018 76.2496
10.2083 77.0987
9.93284 78.2033
4.17231 79.661
5.02237 85.0354

32.9534 62.0767
24.1899 46.6932
17.686 50.4334
26.5375 65.7693

47.0107 14.8422
34.0585 10.0786
33.7181 24.053
46.7325 24.6734

50.0349 4.89375
49.3491 3.2123
47.0629 1.57553
41.3156 6.17194
43.3187 8.62643
46.54 7.6637

64.2549 79.2327
53.199 72.6981
46.6709 80.5125
57.5907 90.232

74.2457 30.2855
72.7285 21.9369
58.3843 23.3018
50.2634 25.8816
52.7292 34.7994
64.7967 31.1575

92.094 59.9935
87.5697 52.815
81.8591 47.8726
74.5193 45.7945
67.5252 47.4223
74.2948 63.8415
86.428 59.7371
87.0018 61.265

85.3597 43.4458
82.0188 42.6327
80.821 46.8282
84.2585 47.9881

86.3724 85.5181
86.1714 81.1961
72.1357 82.8694
72.7988 86.9556