48.4346 49.56019999999999 0
50.5 51.26056674345169 1
50.5 100 0
53.5 100 1
53.5 53.73035478952271 0
56.5 56.20014283559372 1
56.5 100 0
59.5 100 1
59.5 58.66993088166474 0
62.5 61.13971892773576 1
62.5 100 0
65.5 100 1
65.5 63.60950697380676 0
41.5 85.27651497862783 1
41.5 14.09050037305554 0
38.5 14.6076398113606 1
38.5 82.65023808230094 0
35.5 80.02396118597406 1
35.5 15.12477924966566 0
32.5 15.64191868797072 1
32.5 81.30731844170211 0
31.4942 82.51060000000001 1
34.3871 79.0497 0
29.5 81.03180673103233 1
29.5 64.1815715909091 0
29.7153 63.6947 0
31.5696 58.5658 1
27.2514 49.6549 0
29.5 54.29503934972905 1
29.5 16.15905812627578 0
26.5 16.67619756458084 1
26.5 50.37334036575669 0
23.7297 51.1135 1
28.6768 60.37730000000001 0
25.291 61.583 1
22.9915 66.50999999999999 0
23.5 65.42046771037181 1
23.5 17.1933370028859 0
20.5 17.71047644119096 1
20.5 82.26744226407453 0
20.3627 82.49279999999999 0
20.30944922978999 87.81764527907251 1
36.26250298471729 100 0
41.20554008695349 100 1
20.34691168198599 84.07156309224845 0
20.34883563790718 83.87917587299049 1
28.2974 89.94900000000001 1
20.3627 82.49279999999999 0
23.5 77.34338394086674 1
23.5 66.71315930350502 0
14.5 63.34486261202608 1
14.5 100 0
17.5 100 1
17.5 18.22761587949602 0
13.1765 18.9729 0
14.5 18.74475531780109 1
14.5 57.50682107328819 0
26.5 56.30108568454246 1
26.5 62.16005067468301 0
29.5 59.86180400995575 1
29.5 63.59193820491377 0
29.7153 63.6947 1
28.6065 66.2021 0
27.428 68.2825 0
26.5 67.91173926518653 1
26.5 78.80716536762694 0
23.8193 76.8193 1
20.3627 82.49279999999999 1
20.18762038071329 100 1
45.31666008932201 100 1
45.33454760781748 98.2113259951112 0
44.5 97.42710556164695 1
44.5 89.97108741818354 0
41.5 94.0203206129664 1
41.5 94.60801977390449 0
41.2433 94.36680000000001 1
45.4295 88.7165 0
44.5 87.90279187495472 1
44.5 6.775396364263948 0
44.51956381330253 4.81910017373475 1
13.26814483564423 9.808815077253286 0
13.29857472607371 6.765958462088808 1
44.549993703732 1.776243558570273 0
36.64741417787494 0 1
13.32900461650319 3.72310184692433 0
13.35943450693268 0.680245231759854 1
17.61992416542815 0 0
11.5 0 1
11.5 54.43354851375229 0
10.933 53.8527 1
0.324475 64.5445 1
6.853059999999999 71.29560000000001 1
17.3283 60.4042 1
10.933 53.8527 0
8.5 56.30479860937312 1
8.5 0 0
5.5 0 1
5.5 59.32834806606007 0
2.5 62.35189752274704 1
2.5 0 0
0 0 1
0 100 0
2.5 100 1
2.5 66.79417383092968 0
5.5 69.89642339955748 1
5.5 100 0
8.5 100 1
8.5 69.5832304203054 0
11.5 66.46404651616575 1
11.5 100 0
20.19706187320198 99.05589183954461 1
21.43339167800869 100 0
26.37642878024489 100 1
20.23452432539798 95.30980965272056 0
20.27198677759399 91.56372746589653 1
31.31946588248109 100 0
30.09941463676599 87.74425296930602 1
45.32296505000514 99.36953137023414 0
47.5 100 1
47.5 0 0
50.5 0 1
50.5 47.24021055951363 0
44.4739189776583 9.383385096481465 1
44.56775691235445 0 1
13.36623725529895 0 1
13.2225 14.3731 0
13.1765 18.9729 1
13.2225 14.3731 0
13.23771494521474 12.85167169241776 1
44.48913392287304 7.861956788899228 0
89.5 0 1
89.5 100 0
86.5 100 1
86.5 0 0
83.5 0 1
83.5 50.80044687781177 0
83.7217 50.8413 1
82.8023 65.51730000000001 0
83.5 54.38020493800305 1
83.5 100 0
80.5 100 1
80.5 65.52736710948236 0
98.5 84.80884763366589 1
98.5 0 0
100 0 1
100 100 0
98.5 100 1
98.5 88.56112973897265 0
99.62010000000001 88.50069999999999 1
99.6926 84.80000000000001 0
99.62010000000001 88.50069999999999 0
95.5 88.72298066024567 1
95.5 100 0
92.5 100 1
92.5 0 0
95.5 0 1
95.5 84.83110396520848 0
95.39269999999999 84.83189999999999 1
95.32169999999999 88.73259999999999 0
77.5 65.54048500395618 1
77.5 100 0
74.5 100 1
74.5 62.64267816192368 0
71.5 66.3684518531461 1
71.5 100 0
68.5 100 1
68.5 66.07929501987778 0
70.44409999999999 67.6798 1
75.02279999999999 61.99339999999999 0
74.5 61.54363857779946 1
74.5 52.10402955259272 0
71.5 51.77037728643634 1
71.5 58.96275819026762 0
68.5 56.3818778027358 1
68.5 0 0
65.5 0 1
65.5 53.80099741520397 0
70.66849999999999 51.67789999999999 1
72.03460000000001 37.6716 0
78.7474 37.77419999999999 1
78.72040000000001 49.91970000000001 0
80.5 50.24763061004138 1
80.5 0 0
77.5 0 1
77.5 37.75513444762245 0
74.5 37.70928174830175 1
74.5 0 0
71.5 0 1
71.5 43.15272728204377 0
62.5 51.22011702767213 1
62.5 0 0
59.5 0 1
59.5 48.63923664014031 0
56.5 46.05835625260848 1
56.5 0 0
53.5 0 1
53.5 43.87041859599125 0
53.6981 43.64790000000001 1
48.4346 49.56019999999999 0
48.4346 49.56019999999999 0