52.0712 51.45820000000001 0
52.0712 51.45820000000001 1
53.90006889495852 50.03539533358374 1
53.98963641707482 50.91989401070181 1
53.4693 51.32470000000001 1
52.11189785065918 51.69209443931112 1
52.0712 51.45820000000001 0
54.66834235336523 49.43770182765881 1
59.78846279781577 100 0
56.77312055289052 100 1
54.25521488434411 75.13513626015225 0
51.607215719574 78.76272872635693 1
53.75777830796528 100 0
50.74243606304003 100 1
48.95921655480387 82.39032119256163 0
70.4091 87.29640000000001 1
67.5711 81.03659999999999 0
69.78276090448878 79.58722749604823 1
66.73338227457137 49.47395316998016 0
67.8143 50.63420000000001 1
63.2088 45.69070000000001 1
58.58199513456712 0 0
61.36734322607451 0 1
65.77666272882084 43.54298494610973 0
57.03894028287617 43.07071209087759 1
53.83907152089128 11.4713151213786 0
72.49860000000001 25.9263 0
80.5 25.16476180444499 1
80.5 5.390270294198283 0
78.55667207320974 5.973977691640501 1
88.07808578526971 100 0
86.92654300214295 100 1
78.66928318719258 18.45777118338553 0
79.6951 17.2162 1
76.39449999999999 14.0675 0
74.90352510823973 14.56409678870675 1
74.1671699194936 7.292429839057812 0
77.09350468863769 6.413461740779605 1
78.02620852891275 15.62411414439422 0
89.5 0 1
89.5 100 0
92.5 100 1
92.5 0 0
95.5 0 1
95.5 100 0
98.5 100 1
98.5 0 0
75.9831573944418 21.70885494180123 1
81.25765244975125 73.79563582683875 0
81.39359999999999 73.738 0
84.46469999999999 79.72280000000001 1
81.39359999999999 73.738 0
78.36643410258756 75.02138619678084 1
73.297031601691 24.95993870021693 0
72.49860000000001 25.9263 1
69.72749999999999 17.8686 1
75.6323738889572 76.18050837846906 0
75.13374712433711 76.39190436030339 1
67.398027715925 0 0
64.38268547099975 0 1
68.80593249275663 43.68052221240124 0
67.58179999999999 42.03319999999999 1
71.35900000000001 47.11620000000001 1
74.35691377993061 76.72124778752109 1
73.78809999999999 76.9624 0
72.6104537892019 77.73414942770364 1
69.67882859032289 48.78371573313512 0
83.5 54.79041146693098 1
83.5 0 0
81.70902961302261 0 1
82.21437936765236 0 1
82.6935 4.73142 1
82.1011 3.87178 1
81.8126 1.02278 1
81.70902961302261 0 1
71.43168250935869 0 0
70.41336996085025 0 1
71.98656526039031 15.53564426494788 0
71.72568603316748 2.903348465298351 1
80.1734779181844 0 0
86.5 0 1
86.5 84.41606112941696 0
81.96956649301902 80.8259411720571 1
83.9112007572177 100 0
80.89585851229245 100 1
79.08343731733362 82.10194821242831 0
76.21438932926989 83.54663567956618 1
77.88051626736723 100 0
74.86517402244198 100 1
73.38416735377402 85.37473842874593 0
70.55394537827814 87.20284117792568 1
71.84983177751673 100 0
68.83448953259148 100 1
63.35031636203261 45.84260232020588 0
59.1905 45.9196 1
48.1104 31.2484 0
46.87809632525855 32.06165059700456 1
45.45723761931376 18.03036318293322 0
45.4049 18.0141 0
45.44326148865748 17.89234586611325 1
43.63141809585893 0 0
47.72519686025322 10.64979416967359 1
46.64676034078417 0 0
49.66210258570942 0 1
50.64040399967516 9.66093831815467 0
48.2649 8.93685 1
45.4049 18.0141 0
48.57054393136902 18.9977795603686 1
50.07442988068624 33.84897898263769 0
53.5566850817812 38.45984553675764 1
51.66960692225395 19.82454005679658 0
51.6195 19.9452 1
53.64449999999999 15.0689 0
52.4902 14.7195 1
54.14700000000001 10.7298 0
53.75178404599258 10.60933240428799 1
52.67744483063466 0 0
55.69278707555989 0 1
65.81914728766625 100 0
62.803805042741 100 1
57.46348333931441 47.26316670977107 0
54.8121 59.0419 0
52.65514113609539 59.33406149356637 1
53.96053631464467 72.22512157049954 0
55.518 73.40520000000001 1
47.5926 84.26249999999999 0
46.00700778849895 83.01377796575485 1
47.7270938181148 100 0
44.71175157318956 100 1
42.73035425889364 80.43327244149282 0
39.4884 86.85069999999999 1
11.8523 91.18049999999999 0
9.768085370719884 89.79350431840464 1
10.26055422665092 91.18049999999999 0
9.925772614645595 91.35069999999999 1
39.94408620954479 91.35069999999999 0
40.24787701590797 94.35069999999999 1
10.22956342100878 94.35069999999999 0
10.53335422737198 97.35069999999999 1
40.55166782227117 97.35069999999999 0
29.91425107857176 88.35069999999999 1
39.6402954031816 88.35069999999999 0
39.4884 86.85069999999999 1
36.0309 70.30240000000001 0
35.68052115628845 70.36895918966638 1
28.55470687123272 0 0
25.53936462630748 0 1
26.90672218347805 13.50295198402931 0
26.9311 13.5369 1
23.0183 8.08802 0
23.39635707920346 8.614494048694073 1
22.52402238138224 0 0
16.49333789153175 0 1
17.71133906909346 12.02802539164622 0
20.51583811621696 9.945903154381938 1
19.508680136457 0 0
26.9311 13.5369 0
26.91173169547753 13.55242199985485 1
32.72208846967912 70.93095340203769 0
29.76365578306979 71.49294761440902 1
29.01969521399398 64.14617588702785 0
29.0783 64.12559999999999 0
30.0399 62.4637 1
27.8846 56.3644 0
25.31884321277145 57.37661859360131 1
24.13578305948465 45.69364338329405 0
28.37109891961457 57.74114702380419 1
24.12272800175361 15.78756420752317 0
21.33372430802969 18.02270641519149 1
23.68747952118279 41.26654886056612 0
25.5168 41.8683 1
21.1226 54.04000000000001 0
21.78095719112346 52.21638563943441 1
23.84679040985112 72.61693603915162 0
26.80522309646045 72.05494182678032 1
26.10787744626214 65.16850251796905 0
24.9028 65.5916 1
23.9228 59.6177 0
18.88298871430815 53.37547701729811 1
20.88835772324179 73.17893025152296 0
17.92992503663245 73.74092446389426 1
12.13063493574204 16.47167885719346 0
11.9893 17.4129 1
12.7902 12.0793 0
14.97980293858094 14.8306722308671 1
18.25612057568787 47.18501839751828 0
16.4002 52.6388 1
20.6142 40.2556 0
20.57995522991561 40.35623119053371 1
19.08419874184167 25.58531195851073 0
20.2153 24.702 1
18.2085 20.5273 0
18.54472061430577 20.25784862285981 1
18.6690170771565 21.48530311042717 0
20.2153 24.702 0
16.8853 27.3025 1
14.8735 14.1349 0
14.90684002196997 14.1101476289105 1
13.47799564660651 0 0
11.56700657089904 0 1
12.7902 12.0793 1
11.257 11.5737 1
12.0049 7.31217 0
10.77315835984401 7.049155831472419 1
10.05933544843642 0 0
7.043993203511175 0 1
7.691174854408507 6.391058952491218 0
5.784050000000001 5.983829999999999 1
4.503209999999999 15.5921 0
6.048952421753519 15.96806232499593 1
12.01305966341379 74.86491288863689 0
14.97149235002312 74.30291867626556 1
9.140437265260559 16.7199869749878 0
0 36.59944086780011 1
4.952434805974299 100 0
7.961573447539324 100 1
0.1502309708149281 0 0
0 0 1
0 100 0
1.943296164409273 100 1
0 75.12212311520398 0
10.53384332010912 75.14590999482255 1
2.924297789368166 0 0
4.028650958585933 0 1
5.13081434527342 10.88410212160751 0
3.952549935843034 10.15421261872122 1
9.05127340823557 75.42754415661372 0
8.508769999999998 75.53059999999999 1
9.132989999999999 83.52180000000001 1
10.80163188847131 100 1
40.8199454833705 100 0
41.69640932826431 100 1
39.45370072928831 77.85276691723081 0
37.5035 76.3169 1
45.2839 65.65090000000001 0
39.07940560068991 74.15652146715354 1
31.57004911615796 0 0
34.58539136108321 0 1
41.7271826070649 70.52673513868768 0
44.3749596134399 66.89694881022183 1
41.34914851359842 37.01640894730011 0
40.69840000000001 36.1399 0
41.2251858869824 35.79225116484425 1
37.60073360600845 0 0
40.61607585093368 0 1
44.05164110612048 33.92695088092439 0
40.69840000000001 36.1399 1
47.2290669376773 44.93621360363518 1
48.0252 52.79819999999999 1
49.2957 59.7891 0
49.68059837808093 59.73696526210897 1
50.69461047591744 69.75055431678473 0
47.42868463719022 67.27598706306995 1
44.84072180373106 41.71929364853804 0
47.5241246966151 47.84997286913172 1
50.66698928275871 52.0831733641658 0
52.0712 51.45820000000001 0