50.0532 50.6537 0
53.02607533055961 49.5 1
0 49.5 0
0 46.5 1
60.75653038098766 46.5 0
61.67019999999999 26.0814 0
63.9541283358745 19.5 1
75.43880454839115 19.5 0
75.63159999999999 20.1869 1
86.38730000000001 17.0781 0
86.2555830041546 16.5 1
100 16.5 0
100 13.5 1
85.5720490350555 13.5 0
84.8885150659564 10.5 1
100 10.5 0
100 7.5 1
84.20498109685732 7.5 0
83.77520000000001 5.613709999999999 1
72.3081 8.345790000000001 0
75.85805406759684 7.5 1
32.19161605546797 7.5 0
32.26779999999999 7.65124 1
28.5127 10.3989 1
25.1419 12.285 0
9.901443773320754 19.5 1
52.07804129692204 19.5 0
56.14635850236164 22.5 1
0 22.5 0
0 25.5 1
62.92333824525247 25.5 0
61.67019999999999 26.0814 1
63.46369214632711 25.2493 1
59.8747 25.2493 1
63.14027198792813 20.647 1
73.38339999999999 20.647 0
74.59678044761006 16.5 1
60.74892902276855 16.5 0
56.17507758116079 13.5 1
73.75475634682897 13.5 0
72.91273224604788 10.5 1
51.60122613955303 10.5 0
49.15170000000001 8.893350000000002 1
64.3888 18.8874 0
69.81930869214364 20.647 1
59.89960083847073 25.2493 0
59.8747 25.2493 1
45.1459 14.3882 0
48.00972409148244 16.5 1
11.7183266206235 16.5 0
12.4613 17.2772 1
8.67737 20.5629 1
6.85432 19.1471 0
7.308730471111739 19.5 1
0 19.5 0
0 16.5 1
7.07936929238358 16.5 0
6.00507 17.5555 1
9.471530000000001 14.1497 0
0 1.5 1
100 1.5 0
100 4.5 1
30.68042963920207 4.5 0
29.7497 2.65232 1
25.866 5.922929999999999 1
21.5742 8.442910000000001 0
23.18007827601807 7.5 1
0 7.5 0
0 4.5 1
27.55566438707152 4.5 0
17.2722 9.449649999999998 0
18.01112953901946 10.5 1
0 10.5 0
0 13.5 1
45.7934065852571 13.5 0
47.9804362584966 10.5 1
28.33201611261333 10.5 0
29.06235295652007 31.5 1
85.01632487175334 31.5 0
69.61942788563491 28.5 1
86.70432098385442 28.5 0
87.01570000000001 27.9466 1
91.60249999999999 30.8365 0
91.25796318488219 31.5 1
100 31.5 0
100 28.5 1
87.89404704315029 28.5 0
100 19.5 1
78.00810872683994 19.5 0
74.03618002311694 22.5 1
100 22.5 0
100 25.5 1
75.09302841456366 25.5 0
75.21209999999999 25.838 1
63.7196 31.3082 0
62.61851997398026 28.5 1
0 28.5 0
0 31.5 1
25.47303237186478 31.5 0
28.62 30.3131 1
23.7573 32.14709999999999 0
24.34313817029777 34.5 1
0 34.5 0
0 37.5 1
23.40806000929776 37.5 0
24.07319857176063 40.5 1
0 40.5 0
0 43.5 1
24.73833713422351 43.5 0
24.8609 44.0528 1
27.9452 43.2444 0
26.97000569025235 43.5 1
100 43.5 0
100 40.5 1
28.47268384467338 40.5 0
27.4312 40.9093 1
29.6788 40.026 0
28.97062905935206 37.5 1
87.40421794977527 37.5 0
87.9973 37.77930000000001 0
88.14233260356053 37.5 1
100 37.5 0
100 34.5 1
89.70014789422135 34.5 0
87.9973 37.77930000000001 1
82.8477 35.35420000000001 0
83.32832875965224 34.5 1
30.18044114386544 34.5 0
30.5632 35.527 0
29.6788 40.026 0
27.9452 43.2444 0
0 70.5 1
61.07901902085462 70.5 0
61.06440000000001 70.43209999999999 1
66.22130000000001 73.57560000000001 0
66.09727848258311 73.5 1
76.82691113958683 73.5 0
76.70650000000001 73.85210000000001 1
80.2235 75.00120000000001 0
80.74147819574753 73.5 1
100 73.5 0
100 70.5 1
81.77660648461151 70.5 0
82.81173477347551 67.5 1
100 67.5 0
100 64.5 1
83.84686306233948 64.5 0
100 94.5 1
0 94.5 0
0 97.5 1
100 97.5 0
100 100 1
0 100 0
0 91.5 1
100 91.5 0
100 88.5 1
5.643693245652736 88.5 0
6.123156512604403 85.5 1
100 85.5 0
100 82.5 1
0 82.5 0
4.535854604722491 83.67500000000001 1
0 89.6874622415657 0
0 90.24809999999999 1
0 83.67500000000001 0
0 84.70614357003029 1
0.7779038141674759 83.67500000000001 0
0 79.5 1
100 79.5 0
100 76.5 1
63.75368536304265 76.5 0
63.5856 76.69919999999999 1
62.2021 75.71629999999999 0
63.30521216807406 76.5 1
0 76.5 0
0 73.5 1
20.276435 73.5 0
20.1798 74.33160000000001 1
24.295 75.1627 0
24.53363317089471 73.5 1
61.72492568600734 73.5 0
61.06440000000001 70.43209999999999 0
61.17578969619851 70.5 1
77.852850982701 70.5 0
78.87879082581517 67.5 1
0 67.5 0
0 64.5 1
79.90473066892932 64.5 0
55.18294004266667 52.5 1
100 52.5 0
100 55.5 1
29.36935292702486 55.5 0
28.17433944011081 58.5 1
100 58.5 0
100 61.5 1
0 61.5 0
0 58.5 1
26.58032082402099 58.5 0
27.9729 59.0057 1
22.3051 56.94750000000001 0
22.77207952644501 55.5 1
0 55.5 0
0 52.5 1
23.73991274187508 52.5 0
24.6309 49.73820000000001 1
30.7049 52.1472 0
30.56436641393891 52.5 1
50.69558187813242 52.5 0
51.2403 54.0656 1
63.0448 49.3781 0
62.73782004266667 49.5 1
100 49.5 0
100 46.5 1
62.03580243733221 46.5 0
61.8826 46.063 1
50.0532 50.6537 0
50.0532 50.6537 0