47.09139999999999 41.3224 0
45.23963374949658 40.5 1
35.43368096040952 40.5 0
38.48464985904148 37.5 1
0 37.5 0
0 40.5 1
28.79509764227394 40.5 0
25.58400318033087 43.5 1
0 43.5 0
0 46.5 1
23.14145887536719 46.5 0
24.9116 44.12820000000001 1
31.912 37.58799999999999 1
37.8656 42.51090000000001 1
31.4379 48.84610000000001 0
30.88084321627464 49.5 1
100 49.5 0
100 52.5 1
28.32514608953343 52.5 0
33.81825531159237 46.5 1
100 46.5 0
100 55.5 1
25.76944896279223 55.5 0
22.65044554687425 72.14081718136606 1
18.64766381522464 75.14554137056342 0
19.9523618785712 79.66685442945698 1
22.58151841055322 82.95714415895071 0
21.95122260654938 82.99003313577788 1
24.42472686009322 82.86096512745556 1
25.07 83.66849999999999 0
26.06222411862004 85.15967416594836 1
0 86.51960688270853 0
0 89.52368827023224 1
27.99405899807741 88.06295197492884 0
21.4756877405325 82.39491927829599 1
12.84167458239376 82.84544402696093 0
9.75375 83.62649999999999 0
0 78.59917688679951 1
1.93704693400029 84.03437732421722 0
5.063728160400174 83.87122639453034 1
0 69.66280581923039 0
0 62.81905296803183 1
0 84.13545286893887 1
9.75375 83.62649999999999 1
20.3235 80.953 1
19.0591524058744 76.57151784033633 0
16.4414191050096 67.5 1
60.48241979240149 67.5 0
60.98180000000001 66.2647 1
84.04480000000001 75.49719999999999 1
72.89060000000001 84.22 1
56.5692 77.18000000000001 0
56.84409560525134 76.5 1
29.43258376569582 76.5 0
30.9412 78.1568 0
31.78405804138067 79.5 1
61.94784318181819 79.5 0
68.90298522727272 82.5 1
33.66655813380325 82.5 0
35.54905822622584 85.5 1
100 85.5 0
100 88.5 1
67.44856523502571 88.5 0
68.79740000000001 88.72319999999999 1
52.10980000000001 85.96180000000001 0
51.59241644108099 88.5 1
33.32707604928216 88.5 0
36.0333 86.27170000000001 1
30.0696 91.18219999999999 0
29.92589387753478 90.96622978390931 1
0 92.52776965775595 0
0 92.75123849164109 1
51.2711876643656 90.07589638673969 0
50.3267 94.70939999999999 1
67.5608 97.94120000000001 0
68.0644789014421 94.5 1
100 94.5 0
100 91.5 1
67.48072587346553 91.5 0
76.01611042780479 97.5 1
67.62537722053827 97.5 0
67.5608 97.94120000000001 1
100 96.248515247358 0
100 98.5 1
0 98.5 0
0 95.5 1
54.54270329847144 95.5 0
50.3267 94.70939999999999 0
50.77706137226211 92.5 1
4.814821936171448 92.5 0
8.190409386800059 83.70807546484343 1
0.7321708153876054 62.78084813019562 0
0 61.5 1
100 61.5 0
100 58.5 1
0 58.5 0
0 55.5 1
25.12154211823639 55.5 0
25.4873 55.8312 1
19.9318 50.8006 0
20.90247440201427 49.5 1
0 49.5 0
0 52.5 1
21.80851782689938 52.5 0
4.830716087408948 64.5 1
2.937271268489107 64.5 0
3.0892 64.9263 1
14.8668 62.0433 0
15.57572054818426 64.5 1
100 64.5 0
100 67.5 1
64.06760816680205 67.5 0
71.56167802870294 70.5 1
100 70.5 0
100 73.5 1
79.05574789060384 73.5 0
84.04480000000001 75.49719999999999 0
82.76247875452836 76.5 1
100 76.5 0
100 79.5 1
78.92625644059248 79.5 0
75.09003412665658 82.5 1
100 82.5 0
72.89060000000001 84.22 0
56.5692 77.18000000000001 0
58.05687033430139 73.5 1
26.70090299377853 73.5 0
25.3357 72.00069999999999 1
17.85284169001143 72.39115722975592 0
17.30711766183493 70.5 1
59.26964506335145 70.5 0
48.72215670661782 37.5 1
62.46914099162126 37.5 0
61.33045558116183 40.5 1
47.44226184478927 40.5 0
47.09139999999999 41.3224 0