47.09139999999999 41.3224 0
47.09139999999999 41.3224 1
38.146 37.3496 1
51.2953 31.4687 0
51.22531528847625 31.5 1
0 31.5 0
0 34.5 1
44.51751546191909 34.5 0
51.2953 31.4687 0
51.28194643027493 31.5 1
100 31.5 0
100 28.5 1
0 28.5 0
0 25.5 1
100 25.5 0
97.22489999999999 21.3151 1
96.88130000000001 12.1455 1
97.32859999999999 3.13164 0
100 1.5 1
0 1.5 0
0 4.5 1
89.5399618939941 4.5 0
89.6138 3.5342 1
97.32859999999999 3.13164 1
100 2.992245747114361 0
98.5 3.070516084513649 1
98.5 21.24856499518811 0
100 22.5 1
0 22.5 0
0 19.5 1
89.53935310345659 19.5 0
89.23256908375288 16.5 1
0 16.5 0
0 13.5 1
88.92578506404917 13.5 0
88.8835 13.0865 0
89.0812451451483 10.5 1
0 10.5 0
0 7.5 1
89.3106035195712 7.5 0
50.00205156844638 34.5 1
100 34.5 0
100 37.5 1
63.77209802381802 37.5 0
62.6519 37.0185 1
69.82140000000001 40.1002 0
69.63477718927757 40.5 1
100 40.5 0
100 43.5 1
68.23440592322626 43.5 0
67.0805 45.97199999999999 1
60.34610000000001 43.0934 0
61.2973287361912 43.5 1
36.86205819074378 43.5 0
47.09139999999999 41.3224 0