47.47 47.8018 0
52.87024780629442 55.29280406612067 1
54.81516083163868 0 0
57.81701615719489 0 1
55.85571766365145 55.75863388517311 0
70.10962535264213 56.58933333693447 1
72.10014352876749 0 0
75.10199885432371 0 1
73.13139878877965 56.02307244434532 0
76.15317222491717 55.45681155175616 1
77.04440885404836 30.11944598890387 0
76.91550000000001 30.284 1
79.50559999999999 26.9777 0
80.12601256445063 27.85224341458687 1
81.10570950543612 0 0
78.10385417987993 0 1
77.19331228942215 25.88620348931306 0
83.4203902329086 19.53599462594671 1
84.10756483099235 0 0
87.10942015654857 0 1
86.66941004561161 12.50924464698942 0
86.2662 12.3521 1
79.63679999999999 29.0872 0
80.07878422325362 29.19491909321364 1
78.87848311349816 63.31881729185356 0
77.32669999999999 55.23690000000001 1
79.15520000000001 64.75999999999999 0
76.53418099563288 65.26896509844596 1
75.31252397706422 100 0
78.31437930262044 100 1
79.09952230123451 77.67881780802449 0
82.08814801458612 78.05492838261958 1
81.31623462817663 100 0
84.31808995373285 100 1
85.07677372793773 78.4310389572147 0
89.5 80.6927924997396 1
89.5 100 0
88.82087294206715 100 1
90.9579 39.24550000000001 1
88.55029999999999 44.8669 0
89.32267437975105 43.06351682242376 1
87.31994527928907 100 0
92.5 100 1
92.5 0 0
91.61220314488287 0 1
90.24636951247876 38.82989647317069 0
89.48718887208821 38.38646058787783 1
90.24815485452083 16.75261762454906 0
98.5 0 1
98.5 100 0
95.5 100 1
95.5 0 0
90.11127548210476 0 1
89.63067001520386 13.66334821566314 0
91.1113 14.2404 1
85.51779999999999 30.5205 0
86.90392529195927 26.4861282532178 1
86.54576661626464 36.66838176363352 0
86.239 36.4892 1
84.0522 42.5997 0
86.29732908371793 43.73132372081663 1
85.26474617072236 73.08708613604438 0
82.27659383072697 72.69751781814898 1
83.77510139659989 30.09577462876155 0
80.79876133359971 29.3703897941589 1
79.2884414907316 72.30794950025359 0
78.88919999999999 72.2559 1
78.43270000000001 77.5949 0
73.53544667650402 65.18023660795396 1
72.310668651508 100 0
69.3088133259518 100 1
70.53796717535238 65.05583433480567 0
70.14680000000001 65.03960000000001 1
68.16630000000001 56.95350000000001 1
70.16962766369534 0 0
69.82443745941973 0 1
66.30695800039558 100 0
63.30510267483938 100 1
66.82258213386353 0 0
63.82072680830731 0 1
61.82665737836551 56.69029352327802 0
58.84118752100848 56.22446370422557 1
60.81887148275111 0 0
36.0921423066472 20.23854239796174 1
36.80402887830141 0 0
39.80588420385762 0 1
39.02332262918509 22.24779373380145 0
41.95450295172297 24.25704506964116 1
42.80773952941384 0 0
45.80959485497004 0 1
44.88568327426086 26.26629640548087 0
47.81686359679874 28.27554774132058 1
48.81145018052625 0 0
51.81330550608247 0 1
49.88477794893738 54.82697424706822 0
49.25109999999999 54.7281 1
48.057 61.8537 0
41.0040018100909 51.27926801947383 1
39.93485467182812 81.67453118213004 0
41.0793 85.19890000000001 1
39.5732 80.5608 1
35.1435 75.4513 0
34.17401010574588 74.76998240339867 1
35.06302061615507 49.49590416739319 0
34.8466 49.81789999999999 1
40.46337807078243 41.46112159505668 1
40.119 51.2516 0
31.90252979727615 54.00582370411503 1
31.244568805482 72.71129162393885 0
30.1849 71.9666 0
28.27984931805373 71.65554023830728 1
28.7544619246062 58.16256573536219 0
25.53791806233776 64.26604236438519 1
25.29513638513605 71.16819147513101 0
23.4297 70.86359999999999 1
23.7413 75.65450000000001 1
22.8599 76.09379999999999 1
23.09686529937777 69.35700730118762 1
27.964 59.2063 1
33.69289999999999 51.6418 0
33.72076411623016 50.84963855158936 1
17.8278824485741 39.0078266056082 0
17.892 37.185 1
35.40730000000001 19.7691 0
33.0234230028035 22.13944840370844 1
33.80217355274519 0 0
30.80031822718898 0 1
29.91277211406693 25.23244622921799 0
26.80212122533035 28.32544405472753 1
27.79846290163277 0 0
24.79660757607656 0 1
23.69147033659377 31.41844188023708 0
20.5808194478572 34.51143970574661 1
21.79475225052035 0 0
18.79289692496413 0 1
16.6387244314904 61.24193527121167 0
17.8391 58.6426 0
19.82478203025957 56.00516629050331 1
20.29957013205845 42.50720255454456 0
23.22475975774272 44.6867660961384 1
22.97375769641242 51.82261619147732 0
26.12273336256526 47.64006609245133 1
26.14994938342699 46.86632963773222 0
26.5057 47.1314 1
17.8391 58.6426 1
14.2667 66.3784 1
16.60154658522889 0 0
16.5 0 1
16.5 2.886913382489591 0
13.5 0 1
13.5 11.79325829333726 0
15.6023 12.5924 0
14.82 17.8921 0
13.5 17.51355205826967 1
13.5 100 0
10.5 100 1
10.5 16.65321582706436 0
8.670660000000002 16.1286 0
8.66703 13.2261 1
9.630880000000001 10.3225 0
10.5 10.65287627365015 1
10.5 0 0
7.5 0 1
7.5 100 0
4.5 100 1
4.5 0 0
1.5 0 1
1.5 100 0
22.96456184947301 90.78540000000001 1
41.66224710865595 90.78540000000001 0
41.55672272488523 93.78540000000001 1
22.85903746570229 93.78540000000001 0
22.75351308193156 96.78540000000001 1
41.45119834111451 96.78540000000001 0
37.1818 89.87540000000001 0
37.19258482750016 89.28540000000001 1
37.2111 88.27250000000001 1
23.3423 89.28540000000001 1
37.19258482750016 89.28540000000001 0
23.3423 89.28540000000001 1
23.01732404135837 89.28540000000001 1
23.1614 85.18940000000001 1
23.3423 89.28540000000001 0
23.1614 85.18940000000001 0
16.5 67.51408642238766 1
16.5 100 0
19.5 100 1
19.5 69.03965811770982 0
22.5 70.56522981303198 1
22.5 100 0
22.64798869816084 99.78540000000001 1
41.34567395734378 99.78540000000001 0
42.29211539594588 100 1
44.00255968791967 51.37301263876297 0
45.31359999999999 51.414 1
45.8001 48.1484 0
47.1275313942208 47.87288187242534 1
45.29397072150209 100 0
48.29582604705831 100 1
49.63174127935886 62.02066713216378 0
52.62244271369237 62.33776610467061 1
51.29768137261452 100 0
54.29953669817073 100 1
55.61314414802587 62.65486507717745 0
58.60337706655353 62.98528369550733 1
57.30139202372695 100 0
60.30324734928315 100 1
61.5615271723712 64.22779897520348 0
37.07359090997035 77.67759060760176 1
38.23065039682814 44.78302788629482 0
44.694620776756 35.16577625191616 1
43.89366780924956 41.88883320697023 0
42.85039999999999 41.8706 1
42.4101 45.5664 0
40.42025203250003 45.68452793469673 1
41.02251723240188 40.62922081274063 0
40.46337807078243 41.46112159505668 1
46.53067254893307 32.43405397150393 0
45.6819 39.5585 1
46.53067254893307 32.43405397150393 1
48.8498 28.9836 0
47.73353973884734 30.64439904299965 1
47.41168910054446 39.79443508591561 0
48.8411 39.9894 1
47.47 47.8018 0
47.47 47.8018 0