64.4589 52.7329 0
64.23072027925613 55.5 1
0 55.5 0
0 58.5 1
63.98333523273394 58.5 0
59.3933 79.12530000000001 1
70.7946 75.83600000000001 1
75.56960000000001 75.3075 0
75.55808389177776 76.5 1
100 76.5 0
100 79.5 1
75.5291125503382 79.5 0
75.52019999999999 80.4229 1
60.27670000000001 81.77090000000001 0
59.51841716812821 79.5 1
0 79.5 0
0 82.5 1
100 82.5 0
100 85.5 1
0 85.5 0
0 88.5 1
100 88.5 0
100 91.5 1
0 91.5 0
0 94.5 1
100 94.5 0
100 97.5 1
0 97.5 0
0 100 1
100 100 0
100 61.5 1
0 61.5 0
0 64.5 1
100 64.5 0
100 67.5 1
0 67.5 0
0 70.5 1
100 70.5 0
100 73.5 1
0 73.5 0
0 76.5 1
68.49305766576475 76.5 0
72.81989999999999 60.5055 0
72.52800766717195 58.5 1
100 58.5 0
100 55.5 1
72.09136992172984 55.5 0
83.68767211264768 49.5 1
71.21809443084564 49.5 0
71.65473217628775 52.5 1
89.62083163807654 52.5 0
92.59729999999999 54.005 1
76.8946 46.0652 0
77.75451258721881 46.5 1
70.78145668540353 46.5 0
70.35230000000001 43.5514 1
63.2821 43.1773 0
63.32184144585374 43.5 1
0 43.5 0
0 46.5 1
63.69130019255725 46.5 0
64.06075893926075 49.5 1
0 49.5 0
0 52.5 1
64.43021768596424 52.5 0
64.4589 52.7329 0