64.4589 52.7329 0
63.2821 43.1773 0
80.48670000000001 38.8413 1
96.0284 38.8413 1
96.0284 54.005 0
94.23552452224649 54.005 1
96.0284 49.92174190614983 0
98.5 54.005 1
98.5 38.8413 0
96.0284 41.21292296936727 1
91.01315348967054 38.8413 0
96.0284 44.53144098978909 1
83.99551782989019 38.8413 0
100 1.5 1
0 1.5 0
0 4.5 1
100 4.5 0
100 7.5 1
0 7.5 0
0 10.5 1
100 10.5 0
100 13.5 1
0 13.5 0
0 16.5 1
100 16.5 0
100 19.5 1
0 19.5 0
0 22.5 1
100 22.5 0
100 25.5 1
0 25.5 0
0 28.5 1
100 28.5 0
100 31.5 1
26.59289495638614 31.5 0
28.0854 32.41589999999999 1
24.7414 30.3638 1
23.2675 31.3972 1
20.1008 29.807 0
19.08350428409259 31.5 1
0 31.5 0
0 34.5 1
19.1714447598923 34.5 0
17.6659 33.8592 1
24.5595 36.7933 0
26.40670301320419 34.5 1
100 34.5 0
100 37.5 1
0 37.5 0
0 40.5 1
79.66190781433852 40.5 0
78.17015128393251 43.5 1
69.38087984496124 43.5 0
63.2821 43.1773 0
64.4589 52.7329 0