59.9609 53.58199999999999 0
64.47767192336036 52.5 1
100 52.5 0
100 49.5 1
71.83450292714343 49.5 0
100 100 1
0 100 0
0 97.5 1
100 97.5 0
100 94.5 1
0 94.5 0
0 91.5 1
100 91.5 0
100 88.5 1
0 88.5 0
0 85.5 1
100 85.5 0
100 82.5 1
0 82.5 0
0 79.5 1
100 79.5 0
100 76.5 1
26.12710234959735 76.5 0
24.9249 78.93539999999999 1
20.0876 76.25200000000001 0
20.53466357606021 76.5 1
0 76.5 0
0 73.5 1
21.71035202788765 73.5 0
21.8505 71.1422 1
26.9732 73.28440000000001 0
26.93109530287784 73.5 1
100 73.5 0
100 70.5 1
0 70.5 0
20.36713461625816 61.5 1
100 61.5 0
100 58.5 1
23.54349785152428 58.5 0
23.3551 58.0119 1
6.11209 55.6794 0
4.530182957832377 55.6794 1
7.376682957832376 64.17769999999999 0
8.958590000000001 64.17769999999999 1
24.3414 60.5672 0
23.3551 58.0119 0
0 1.5 1
100 1.5 0
100 4.5 1
0 4.5 0
0 7.5 1
100 7.5 0
100 10.5 1
0 10.5 0
0 13.5 1
72.54250094741346 13.5 0
73.13560000000001 13.3629 0
73.17227022873308 13.5 1
100 13.5 0
100 16.5 1
73.97468223602186 16.5 0
73.13560000000001 13.3629 1
51.90300000000001 18.271 0
59.56440351663578 16.5 1
0 16.5 0
0 19.5 1
52.18345535668772 19.5 0
52.86804939254057 22.5 1
0 22.5 0
0 25.5 1
53.55264342839342 25.5 0
54.23723746424626 28.5 1
0 28.5 0
0 31.5 1
54.92183150009912 31.5 0
55.60642553595197 34.5 1
0 34.5 0
0 37.5 1
56.29101957180482 37.5 0
56.97561360765766 40.5 1
0 40.5 0
0 43.5 1
57.66020764351052 43.5 0
58.34480167936337 46.5 1
0 46.5 0
0 49.5 1
59.02939571521622 49.5 0
59.71398975106906 52.5 1
0 52.5 0
1.366368873497129 55.6794 1
4.212868873497129 64.17769999999999 0
1.049054789161882 64.17769999999999 1
0 61.04571956271407 0
0 67.5 1
100 67.5 0
100 64.5 1
0 64.5 0
0 64.17769999999999 1
0 55.6794 0
0 55.5 1
100 55.5 0
78.37370000000001 33.506 1
61.1931 37.3417 0
60.48872663748591 34.5 1
73.92144450556614 34.5 0
64.72623325512279 28.5 1
100 28.5 0
100 19.5 1
74.77709424331064 19.5 0
75.57950625059939 22.5 1
100 22.5 0
100 25.5 1
76.38191825788817 25.5 0
76.48230000000001 25.8753 1
59.3017 29.7111 0
59.74511538804288 31.5 1
100 31.5 0
100 34.5 1
78.61731162846868 34.5 0
79.35255799205626 37.5 1
100 37.5 0
100 40.5 1
80.08780435564381 40.5 0
80.82305071923139 43.5 1
100 43.5 0
100 46.5 1
81.55829708281897 46.5 0
82.0266 48.41079999999999 0
79.88730000000001 49.1901 0
79.48769999999999 47.7606 1
64.4563 51.1769 0
64.49270000000001 52.49639999999999 1
59.9609 53.58199999999999 0
59.9609 53.58199999999999 0