14.5649 11.4263
3.99433 9.76427
1.0652 27.9299
5.99676 30.5775

19.0583 54.3427
17.043 51.6514
13.2372 49.3272
11.8957 50.5512
11.1484 53.2617
17.4458 57.0697

45.2322 59.526
37.5843 53.3345
26.8539 51.9042
24.957 71.9837
43.6286 74.2847

38.6087 48.4852
37.5032 28.3555
29.0158 29.1822
30.7061 49.0194

60.3724 46.6541
54.2509 28.6438
39.5357 34.7775
38.4882 40.3194
42.4002 51.9279
45.4176 52.7629

67.2551 20.1574
64.4756 11.8433
58.2711 13.8814
61.2111 22.6795
62.8236 22.6817

58.9639 65.8761
55.9389 61.2447
53.0783 63.3152
51.4893 65.2858
55.0193 69.5717
56.0154 67.693

72.7053 23.2096
71.9192 19.3713
64.824 25.1012
65.4092 26.0169

76.0004 96.0856
72.4042 83.5893
65.0853 87.4769
68.7983 98.2743

91.3922 36.2464
88.3515 23.5026
73.2984 25.4265
77.2687 41.6501
90.3968 39.9551

84.975 13.6592
80.8122 11.1518
79.4827 12.3712
78.5664 14.4898
82.6921 17.3346

83.2177 83.7625
77.1873 82.8918
76.0873 87.153
82.7303 88.2292

99.4714 88.3558
98.0627 87.5951
91.9413 94.5165
96.9069 96.1709