22.2669 67.1123
3.58956 59.8478
1.31962 65.7889
20.5738 72.8885

30.156 44.4073
22.9103 33.8479
19.6272 35.953
26.765 46.344

15.1583 94.3092
11.0889 88.9279
7.05527 91.6088
10.3943 97.4221

41.1454 89.2453
32.0406 79.0352
29.5186 78.5509
28.3127 84.7712

44.0659 72.195
39.7145 64.1255
35.6457 66.0875
36.1269 67.6286
32.8036 69.4046
37.2012 75.6469

52.3145 51.3448
40.5919 47.5619
39.5066 51.4326
51.1653 55.0012

39.2342 54.2611
35.2138 50.6381
30.4005 54.8107
35.2618 58.9552

62.0969 24.0257
57.3015 20.323
56.1747 22.4318
60.7069 26.8953

82.1629 39.5362
63.4859 31.9462
56.962 48.9863
80.4391 42.9528

85.1993 68.2831
78.739 62.1897
66.4356 76.7711
73.4587 82.4312

88.9476 50.7028
84.2736 45.8731
84.0232 48.6736
77.5764 50.0407
74.5257 52.7605
74.7858 56.5785
86.1548 55.7133
86.4035 51.7248