46.6598 48.0381 0
41.49769999999999 12.8696 1
28.9457 9.544499999999999 0
32.55263994165588 10.5 1
100 10.5 0
100 13.5 1
41.29326125553945 13.5 0
40.32036113913452 16.5 1
100 16.5 0
100 19.5 1
39.34746102272959 19.5 0
38.32170000000001 22.663 0
37.73879726643179 22.5 1
0 22.5 0
0 19.5 1
27.01052609646459 19.5 0
31.7274 29.9235 1
23.9808 35.5945 0
26.74082123134992 37.5 1
0 37.5 0
0 40.5 1
31.08617084774968 40.5 0
34.5723 42.9068 1
23.9808 35.5945 0
25.47588970199259 34.5 1
0 34.5 0
0 31.5 1
29.57389710809381 31.5 0
31.7274 29.9235 1
39.7406 35.7928 0
38.50032423952769 37.5 1
100 37.5 0
100 34.5 1
37.97557436491574 34.5 0
33.87975373894672 31.5 1
100 31.5 0
100 28.5 1
0 28.5 0
0 25.5 1
100 25.5 0
100 22.5 1
38.37456090632467 22.5 0
38.32170000000001 22.663 1
23.6043 18.5475 0
22.36009123505976 16.5 1
0 16.5 0
0 13.5 1
22.07314207786574 13.5 0
20.9351 14.155 1
28.9457 9.544499999999999 0
27.28554854137295 10.5 1
0 10.5 0
0 7.5 1
100 7.5 0
100 4.5 1
0 4.5 0
0 1.5 1
100 1.5 0
100 40.5 1
36.32083309530503 40.5 0
47.62221677975229 55.5 1
0 55.5 0
0 52.5 1
47.23528445162448 52.5 0
46.6598 48.0381 0