46.6598 48.0381 0
46.84835212349668 49.5 1
0 49.5 0
0 46.5 1
100 46.5 0
100 43.5 1
0 43.5 0
0 70.5 1
100 70.5 0
100 67.5 1
0 67.5 0
0 64.5 1
100 64.5 0
100 61.5 1
0 61.5 0
0 58.5 1
100 58.5 0
100 55.5 1
67.54660000000001 55.5 0
69.4066 55.416 1
47.7376 56.3946 0
73.31144688512856 85.5 1
0 85.5 0
0 88.5 1
73.88881000562344 88.5 0
74.46617312611829 91.5 1
0 91.5 0
0 100 1
100 100 0
100 97.5 1
0 97.5 0
0 94.5 1
76.08347097797255 94.5 0
78.06280000000001 97.4889 1
91.346 89.67779999999999 0
88.24724988285899 91.5 1
100 91.5 0
100 94.5 1
83.14558686484619 94.5 0
91.346 89.67779999999999 0
90.46687820314099 88.5 1
100 88.5 0
100 85.5 1
88.22764795133506 85.5 0
86.09465406546397 82.5 1
100 82.5 0
100 79.5 1
84.79501431426078 79.5 0
83.49537456305762 76.5 1
100 76.5 0
100 73.5 1
0 73.5 0
0 76.5 1
81.98217050259862 76.5 0
83.16309999999999 75.733 1
72.73519999999999 82.50579999999999 0
72.74413010571698 82.5 1
0 82.5 0
0 79.5 1
77.36315030415781 79.5 0
69.23934003552398 52.5 1
100 52.5 0
100 49.5 1
69.06726188277088 49.5 0
68.9222 46.971 0
46.6598 48.0381 0