50.5394 52.5008 0
36.32120943565243 45.5065 1
100 45.5065 0
100 42.5065 1
42.21387415854659 42.5065 0
42.7479 42.2277 1
37.3814 45.0294 1
35.893 45.6992 0
35.73255780160544 45.5065 1
25.81037904536722 45.5065 0
21.15651413961676 59.0065 1
6.663040000000001 75.24347066483372 0
6.663040000000001 70.73841199450112 1
17.13520051629808 59.0065 0
18.385 59.0065 1
10.1402 54.5159 0
10.14539459822315 54.5065 1
0 54.5065 0
0 51.5065 1
11.80324509497181 51.5065 0
13.46109559172046 48.5065 1
0 48.5065 0
0 45.5065 1
15.11894608846913 45.5065 0
16.77679658521779 42.5065 1
0 42.5065 0
0 39.5065 1
18.43464708196645 39.5065 0
19.6073 37.3845 1
27.6901 42.089 0
27.46046327767105 42.5065 1
33.23475502431593 42.5065 0
33.051 42.28579999999999 1
38.16849999999999 38.3287 0
36.64531597634631 39.5065 1
23.25310754596664 39.5065 0
34.3305 33.3143 1
40.32170000000001 28.3188 0
39.59239069923521 27.5065 1
100 27.5065 0
100 24.5065 1
47.17947234129387 24.5065 0
47.4392 25.428 1
39.5321 27.0026 1
37.3912 19.4068 1
45.2983 17.8322 0
41.91219716118377 18.5065 1
36.58288144345865 18.5065 0
35.97747302107072 17.8322 1
30.90649020878967 17.8322 1
39.13997292666917 27.0026 0
38.31359992012869 22.67942614475855 1
33.96160298515059 17.8322 0
28.81840127515839 15.50650000000001 1
59.54019050219566 15.50650000000001 0
68.28811346007132 12.50650000000001 1
0 12.50650000000001 0
0 15.50650000000001 1
27.22855251667676 15.50650000000001 0
28.1479 14.7597 1
22.8699 19.0471 0
23.53540515463917 18.5065 1
0 18.5065 0
0 21.5065 1
24.84549434507122 21.5065 0
27.25534350958843 24.5065 1
0 24.5065 0
0 27.5065 1
29.66519267410565 27.5065 0
32.07504183862285 30.5065 1
0 30.5065 0
0 33.5065 1
100 33.5065 0
100 32.5861 1
95.87711362349881 32.5861 1
96.8073 31.8027 1
91.68600000000001 32.5861 1
95.87711362349881 32.5861 0
98.20566721179151 32.5861 1
100 31.07491864775328 0
100 29.11381824126268 1
99.9118 29.1881 1
89.5068 28.3334 0
90.62035598090625 30.5065 1
37.69794897607846 30.5065 0
40.65246036277557 39.5065 1
100 39.5065 0
100 36.5065 1
0 36.5065 0
2.16304 59.0065 1
2.16304 85.36600000000001 0
5.163040000000001 85.36600000000001 1
5.163040000000001 59.0065 0
6.663040000000001 59.0065 1
6.663040000000001 77.49600000000001 0
6.663040000000001 79.51279455462679 1
13.17561238560828 85.36600000000001 0
8.687637156824827 85.36600000000001 1
6.663040000000001 83.54638366388039 0
6.663040000000001 85.36600000000001 1
15.4196 85.36600000000001 0
0 100 1
100 100 0
100 97.8528 1
0 97.8528 0
0 94.8528 1
100 94.8528 0
100 91.8528 1
0 91.8528 0
0 88.8528 1
100 88.8528 0
90.55702064840293 85.8528 1
100 85.8528 0
100 82.8528 1
92.04203645257724 82.8528 0
92.78020000000001 83.80019999999999 1
90.0641 86.30789999999999 0
89.71989323501123 85.8528 1
0 85.8528 0
0 85.36600000000001 1
0 59.0065 0
0 57.5065 1
15.63098049258451 57.5065 0
13.1138868929794 59.0065 1
6.663040000000001 66.23335332416855 0
9.092573269660722 59.0065 1
6.663040000000001 61.72829465383596 0
18.385 59.0065 0
18.4695393155017 58.8528 1
73.2207511129933 58.8528 0
73.57300000000001 57.5056 1
80.285 59.6126 0
77.86460246796392 58.8528 1
87.36516433054211 58.8528 0
86.79293909759977 61.8528 1
79.75773352685846 61.8528 0
79.05163611616985 64.8528 1
93.93764826088918 64.8528 0
92.08150906765636 61.8528 1
100 61.8528 0
99.12161416812395 63.5291 1
100 66.61948390982491 0
94.59266810271328 58.8528 1
100 58.8528 0
100 55.8528 1
95.6909536319391 55.8528 0
95.79570000000001 55.2826 1
88.61869999999999 52.2809 0
89.98610057300863 52.8528 1
100 52.8528 0
78.5630914729837 18.5065 1
100 18.5065 0
100 21.5065 1
69.57575535856176 21.5065 0
61.6666 24.1466 1
79.76349999999999 18.1058 0
78.83028950951834 15.50650000000001 1
100 15.50650000000001 0
100 0.5065000000000079 1
0 0.5065000000000079 0
0 3.506500000000008 1
100 3.506500000000008 0
100 6.506500000000008 1
0 6.506500000000008 0
0 9.506500000000006 1
100 9.506500000000006 0
100 12.50650000000001 1
77.75321819360826 12.50650000000001 0
76.71559999999999 9.616389999999999 1
59.32470000000001 15.5804 0
60.12466189558964 18.5065 1
45.48835356512809 18.5065 0
46.33391295321098 21.5065 1
60.94482719642315 21.5065 0
56.34837173336548 48.5065 1
24.16029481306339 48.5065 0
22.51021058075957 51.5065 1
51.98542573529411 51.5065 0
50.5394 52.5008 1
56.5719 48.3528 0
60.09349671330224 49.8528 1
100 49.8528 0
100 48.3528 1
56.5719 48.3528 1
62.91500000000001 51.05459999999999 0
62.04539528210499 52.8528 1
88.50961479642677 52.8528 0
87.93738956348443 55.8528 1
20.11962354780552 55.8528 0
20.86012634845574 54.5065 1
59.43714257363166 54.5065 0
76.18350000000001 79.1421 1
79.36789999999999 78.98099999999999 0
76.18350000000001 79.1421 0
76.07179668844296 79.8528 1
20.60923830053543 79.8528 0
17.78530394270218 82.8528 1
75.60027574476618 82.8528 0
73.79738601412447 73.8528 1
26.25710701620194 73.8528 0
23.43317265836868 76.8528 1
74.85500597320308 76.8528 0
74.8861 76.941 1
83.28579999999999 76.86269999999999 1
83.06881806558542 76.941 1
100 76.941 0
100 75.61525196883878 1
96.32613828419295 76.941 0
100 79.8528 1
79.1208655463146 79.8528 0
78.27078139736278 82.8528 1
87.4968671299979 82.8528 0
87.4692 82.87700000000001 1
90.19990000000001 80.48849999999999 0
87.48792480512125 76.941 1
100 72.42589836076809 0
100 70.83122155673274 1
100 63.5291 1
97.56219999999999 63.5291 1
73.28370000000001 72.39570000000001 0
77.5084645828164 70.8528 1
27.08994303311268 70.8528 0
26.109957743256 67.8528 1
85.72305642185279 67.8528 0
78.56610000000001 66.91569999999999 1
71.59729999999999 65.06180000000001 0
71.65194668748842 64.8528 1
48.91847976915678 64.8528 0
50.2856 64.75839999999999 1
45.76860000000001 65.0703 0
45.76739159524794 64.8528 1
25.1299724533993 64.8528 0
24.14998716354262 61.8528 1
45.75072394349547 61.8528 0
45.74979999999999 61.6865 1
49.8754 61.1581 0
49.95455060967141 61.8528 1
72.43634890024086 61.8528 0
61.06789999999999 54.8741 1
50.5394 52.5008 0
50.5394 52.5008 0