18.4774 35.3002
15.9387 25.2307
2.71817 29.6881
5.46465 39.4629

30.2362 28.9855
19.1769 21.5609
18.8399 25.7726
23.2722 27.1182
22.5212 38.271
29.1811 39.0745

38.1533 8.1203
34.2343 3.23344
31.7021 5.29356
35.8436 10.0904

45.9089 75.8309
32.6586 69.893
32.6022 72.3662
37.6809 73.0642
37.1611 83.6141
44.8602 84.0398

61.5793 48.4304
57.3077 42.0859
51.7888 38.2502
47.2689 36.3899
42.942 36.5228
38.4756 37.0806
39.7291 42.152
43.125 48.7268
51.8616 44.9109
54.6105 49.1552
56.2339 48.5114
57.2734 50.0764

70.8935 92.6747
66.9088 86.0808
62.5607 89.2717
63.2827 90.7158
59.7324 93.1887
63.1746 98.5381

92.5305 56.0667
90.8449 51.2254
83.883 53.2446
85.2618 57.8627

94.7217 91.1186
92.8187 88.1294
90.1448 89.4078
91.9018 92.0467