47.47 47.8018 0
52.87024780629442 55.29280406612067 1
54.81516083163868 0 0
57.81701615719489 0 1
55.85571766365145 55.75863388517311 0
70.10962535264213 56.58933333693447 1
72.10014352876749 0 0
75.10199885432371 0 1
73.13139878877965 56.02307244434532 0
76.15317222491717 55.45681155175616 1
77.04440885404836 30.11944598890387 0
76.91550000000001 30.284 1
79.50559999999999 26.9777 0
80.12601256445063 27.85224341458687 1
81.10570950543612 0 0
78.10385417987993 0 1
77.19331228942215 25.88620348931306 0
83.4203902329086 19.53599462594671 1
84.10756483099235 0 0
87.10942015654857 0 1
86.66941004561161 12.50924464698942 0
86.2662 12.3521 1
79.63679999999999 29.0872 0
80.07878422325362 29.19491909321364 1
78.87848311349816 63.31881729185356 0
77.32669999999999 55.23690000000001 1
79.15520000000001 64.75999999999999 0
76.53418099563288 65.26896509844596 1
75.31252397706422 100 0
78.31437930262044 100 1
79.09952230123451 77.67881780802449 0
82.08814801458612 78.05492838261958 1
81.31623462817663 100 0
84.31808995373285 100 1
85.07677372793773 78.4310389572147 0
89.5 80.6927924997396 1
89.5 100 0
88.82087294206715 100 1
90.9579 39.24550000000001 1
88.55029999999999 44.8669 0
89.32267437975105 43.06351682242376 1
87.31994527928907 100 0
92.5 100 1
92.5 0 0
91.61220314488287 0 1
90.24636951247876 38.82989647317069 0
89.48718887208821 38.38646058787783 1
90.24815485452083 16.75261762454906 0
98.5 0 1
98.5 100 0
95.5 100 1
95.5 0 0
90.11127548210476 0 1
89.63067001520386 13.66334821566314 0
91.1113 14.2404 1
85.51779999999999 30.5205 0
86.90392529195927 26.4861282532178 1
86.54576661626464 36.66838176363352 0
86.239 36.4892 1
84.0522 42.5997 0
86.29732908371793 43.73132372081663 1
85.26474617072236 73.08708613604438 0
82.27659383072697 72.69751781814898 1
83.77510139659989 30.09577462876155 0
80.79876133359971 29.3703897941589 1
79.2884414907316 72.30794950025359 0
78.88919999999999 72.2559 1
78.43270000000001 77.5949 0
73.53544667650402 65.18023660795396 1
72.310668651508 100 0
69.3088133259518 100 1
70.53796717535238 65.05583433480567 0
70.14680000000001 65.03960000000001 1
68.16630000000001 56.95350000000001 1
70.16962766369534 0 0
69.82443745941973 0 1
66.30695800039558 100 0
63.30510267483938 100 1
66.82258213386353 0 0
63.82072680830731 0 1
61.82665737836551 56.69029352327802 0
58.84118752100848 56.22446370422557 1
60.81887148275111 0 0
36.0921423066472 20.23854239796174 1
36.80402887830141 0 0
39.80588420385762 0 1
39.02332262918509 22.24779373380145 0
41.95450295172297 24.25704506964116 1
42.80773952941384 0 0
45.80959485497004 0 1
44.88568327426086 26.26629640548087 0
47.81686359679874 28.27554774132058 1
48.81145018052625 0 0
51.81330550608247 0 1
49.88477794893738 54.82697424706822 0
49.25109999999999 54.7281 1
48.057 61.8537 0
47.47 47.8018 0