52.6407 56.4238 0
52.5 56.44248537011562 1
52.5 34.9115447136449 0
55.5 42.15452927446276 1
55.5 55.1329985489031 0
47.26130000000001 57.1382 1
50.8433 64.3372 0
55.5 74.10206854891899 1
55.5 62.50470770670915 0
52.5 63.68525978862823 1
52.5 71.31348312929717 0
49.5 68.52489770967537 1
49.5 61.63747451144611 0
43.5 69.75457777294812 1
43.5 9.42376010031365 0
45.8629 3.52909 1
42.1645 12.7554 0
40.5 13.04221056095632 1
40.5 100 0
37.5 100 1
37.5 12.27596449372504 0
35.7611 6.457369999999999 1
37.8647 13.4963 0
1.5 0 1
1.5 100 0
4.5 100 1
4.5 0 0
7.5 0 1
7.5 100 0
10.5 100 1
10.5 0 0
13.5 0 1
13.5 100 0
16.5 100 1
16.5 0 0
19.5 0 1
19.5 100 0
22.5 100 1
22.5 0 0
25.5 0 1
25.5 100 0
28.5 100 1
28.5 0 0
31.5 0 1
31.5 100 0
34.5 100 1
34.5 0 0
35.7611 4.895619512127915 1
45.8629 1.967339512127916 0
45.8629 0 1
35.7611 0 0
35.7611 1.772118536383748 1
41.87444538734047 0 0
46.5 0 1
46.5 66.72467883322724 0
47.00960000000001 66.21000000000001 1
40.56789999999999 72.7159 0
43.5 75.52770595161439 1
43.5 100 0
46.5 100 1
46.5 78.40462619814184 0
49.5 81.28154644466932 1
49.5 100 0
52.5 100 1
52.5 82.0792246181654 0
51.4389 83.14089999999999 1
58.0779 76.4983 0
55.5 79.07759786714865 1
55.5 100 0
58.5 100 1
58.5 61.32415562479009 0
61.5 60.14360354287102 1
61.5 100 0
64.5 100 1
64.5 58.96305146095196 0
64.83760000000001 58.8302 1
62.2679 52.07769999999999 0
61.5 52.42436052330896 1
61.5 47.87777993073091 0
64.27090000000001 46.7106 1
56.08410000000001 27.893 0
59.36150000000001 27.9927 1
62.798 19.1557 0
64.5 19.24378962022433 1
64.5 0 0
61.5 0 1
61.5 22.49352220282264 0
55.5 28.19597071979338 1
55.5 0 0
58.5 0 1
58.5 33.44601703229588 0
61.5 40.34160505203498 1
61.5 33.67698770905825 0
64.5 33.58281327870692 1
64.5 57.94307543292992 0
72.71430000000001 54.012 1
76.6943 32.29349999999999 0
76.5 33.35377752512562 1
76.5 100 0
79.5 100 1
79.5 0 0
82.5 0 1
82.5 100 0
85.5 100 1
85.5 0 0
88.5 0 1
88.5 100 0
91.5 100 1
91.5 0 0
94.5 0 1
94.5 100 0
97.5 100 1
97.5 0 0
100 0 1
100 100 0
73.5 100 1
73.5 49.7245061683417 0
72.71430000000001 54.012 0
70.5 53.65519201390379 1
70.5 100 0
67.5 100 1
67.5 53.17177786121958 0
65.7234 52.88549999999999 0
69.01849999999999 35.7987 1
69.01849999999999 43.32100030529172 1
70.2209 35.89149999999999 1
69.01849999999999 35.7987 1
69.54169999999999 31.5038 0
76.5 32.2720478413444 1
76.5 0 0
73.5 0 1
73.5 31.9408256284428 0
70.5 31.6096034155412 1
70.5 0 0
67.5 0 1
67.5 19.39905922108979 0
68.0669 19.4284 1
67.37700000000001 33.49250000000001 0
67.5 30.98505790694303 1
67.5 50.48859657640624 0
67.86250000000001 50.46380000000001 1
69.01849999999999 43.32100030529172 0
58.5 53.77867953610604 1
58.5 49.14146313553539 0
58.4097 49.1795 1
50.7409 30.6645 0
52.5 29.75206070332385 1
52.5 0 0
49.5 0 1
49.5 56.84089411458527 0
52.6407 56.4238 0