49.5805 48.3142 0
49.5805 48.3142 1
61.7218 27.8418 0
61.5 27.67625158425773 1
61.5 0 0
58.5 0 1
58.5 25.43709357151286 0
61.7218 27.8418 0
61.5 28.21579440916541 1
61.5 44.3576247844573 0
82.5 38.57864414899585 1
82.5 0 0
85.5 0 1
85.5 40.13669090107565 0
82.95699999999999 38.0031 1
80.28309999999999 41.3706 0
82.5 43.22548758731325 1
82.5 100 0
79.5 100 1
79.5 0 0
100 0 1
100 100 0
97.5 100 1
97.5 0 0
94.5 0 1
94.5 100 0
91.5 100 1
91.5 0 0
88.5 0 1
88.5 100 0
85.5 100 1
85.5 40.78785616732213 0
85.79249999999999 40.38209999999999 1
83.27520000000001 43.8741 0
64.5 51.47673426833589 1
64.5 0 0
1.5 0 1
1.5 100 0
4.5 100 1
4.5 0 0
7.5 0 1
7.5 100 0
10.5 100 1
10.5 0 0
13.5 0 1
13.5 100 0
16.5 100 1
16.5 0 0
19.5 0 1
19.5 100 0
22.5 100 1
22.5 75.99138909368733 0
25.5 75.1158280202464 1
25.5 100 0
28.5 100 1
28.5 75.48450321850191 0
31.5 79.71660052537837 1
31.5 100 0
34.5 100 1
34.5 83.94869783225482 0
24.8215 71.53880000000001 1
25.6721 75.06559999999999 0
25.5 74.35203042558194 1
25.5 71.25240591162546 0
25.3013 70.97210000000001 1
36.4742 86.7337 0
37.5 85.96987996112495 1
37.5 100 0
40.5 100 1
40.5 83.73605259065783 0
43.5 81.50222522019072 1
43.5 100 0
46.5 100 1
46.5 79.26839784972361 0
49.5 77.0345704792565 1
49.5 100 0
52.5 100 1
52.5 74.80074310878942 0
52.9372 74.4752 1
41.8374 57.7792 0
49.5805 48.3142 0