49.5805 48.3142 0
49.5 48.26194797981394 1
49.5 69.30506259211879 0
52.5 73.81757633110507 1
52.5 43.39140163409191 0
56.65170000000001 42.4303 1
66.16589999999999 66.54130000000001 0
67.5 66.01146017309267 1
67.5 100 0
70.5 100 1
70.5 64.82000564890257 0
73.5 63.62855112471249 1
73.5 100 0
76.5 100 1
76.5 0 0
73.5 0 1
73.5 62.43756367843972 0
73.8612 63.4851 1
69.82089999999999 51.7676 0
70.5 53.7370958913942 1
70.5 0 0
67.5 0 1
67.5 52.43698060841425 0
65.1859 53.1044 1
60.1057 41.0489 0
58.5 41.69108702374059 1
58.5 33.27433015080757 0
55.5 38.33286589244973 1
55.5 100 0
58.5 100 1
58.5 47.11428407643312 0
61.5 54.71692013621744 1
61.5 100 0
64.5 100 1
64.5 62.31955619600177 0
31.5 49.27072839606537 1
31.5 66.02662741396097 0
28.5 68.42009987723827 1
28.5 54.1289030307383 0
25.5 53.56466861534042 1
25.5 70.81357234051561 0
22.5 72.31904366295737 1
22.5 0 0
25.5 0 1
25.5 47.43656120218579 0
25.174 47.3686 0
23.6521 50.1704 1
25.174 47.3686 0
28.5 48.06197103825137 1
28.5 0 0
31.5 0 1
31.5 48.68738087431694 0
31.762 48.742 1
30.5319 51.2244 0
34.5 63.63315495068366 1
34.5 0 0
37.5 0 1
37.5 61.23968248740634 0
40.5 58.84621002412902 1
40.5 42.42010721367089 0
40.08880000000001 42.1532 0
40.5 41.61694136180641 1
40.5 0 0
43.5 0 1
43.5 37.70454857342902 0
46.5 33.79215578505163 1
46.5 0 0
49.5 0 1
49.5 29.87976299667425 0
52.5 25.96737020829687 1
52.5 0 0
55.5 0 1
55.5 23.19793555876799 0
54.9426 22.7819 1
40.08880000000001 42.1532 0
43.5 44.36738746905191 1
43.5 60.2800351141462 0
46.5 64.7925488531325 1
46.5 46.31466772443292 0
49.5805 48.3142 0