116 7
116 9
96 9
96 19
99 19
99 38
84 38
84 35
82 35
82 39
79 39
79 36
69 36
69 39
68 39
68 34
59 34
59 32
63 32
63 27
58 27
58 20
66 20
71 27
95 27
90 21
90 16
94 16
94 12
77 12
77 14
47 14
47 31
37 31
37 11
26 11
26 15
9 15
9 22
20 22
20 27
27 27
27 33
37 42
36 42
36 53
23 53
23 41
19 41
19 39
15 39
15 62
11 62
11 71
30 71
30 85
19 85
19 91
47 91
47 77
43 73
46 73
46 61
44 61
44 40
51 40
51 50
49 50
49 54
57 54
57 68
49 75
50 75
50 83
68 83
68 74
75 74
80 70
80 59
73 59
73 50
85 50
85 47
92 47
92 71
96 71
96 85
92 85
92 96
121 96
121 86
124 86
124 47
109 47
109 45
118 40
118 34
108 34
108 26
120 26
120 22
124 22
124 12
122 12
122 8
117 8
117 7
