9.19752 85.9731
7.77632 79.4293
3.16487 80.477
4.67595 87.1004

17.2043 15.1295
14.8557 11.0514
10.7257 13.776
12.6245 18.0602

32.7466 35.8964
25.9618 33.6189
21.1695 32.3213
18.7434 41.2965
14.4217 40.1952
14.2205 41.7474
13.083 41.8254
11.125 45.4499
19.2198 46.3188
24.3587 44.5948
28.7797 42.1465
31.4588 38.5254

33.7509 10.3359
27.7382 4.46397
14.9911 18.3332
20.8839 24.2102

37.0538 69.7659
28.3438 60.9894
26.0283 64.0041
33.8901 72.6367

42.0829 13.5902
38.8566 1.40369
35.0117 2.08681
38.283 14.4682

34.0922 46.6982
30.1971 44.2643
27.2886 48.41
31.549 51.0759

75.0301 44.025
74.4116 40.6818
42.9558 49.8569
43.4469 52.5118

49.632 41.724
46.5153 40.4182
44.3855 47.2001
47.2405 48.447

62.0334 79.5872
54.7575 77.4282
53.5212 82.1279
61.3376 83.9328

86.5079 45.1874
62.8501 54.8656
73.0865 62.5238

84.526 83.2864
74.3103 69.0774
68.0675 74.0419
77.8471 87.839

79.5284 93.9416
72.5565 89.9356
70.9842 93.0494
70.0893 95.7283
76.8744 99.3441
77.9338 96.6233