26.9207 44.55970000000001 0
25.76913656127837 43.5 1
100 43.5 0
100 46.5 1
24.84794267962827 46.5 0
21.64314344182216 49.5 1
100 49.5 0
100 52.5 1
18.43834420401605 52.5 0
15.23354496620994 55.5 1
100 55.5 0
100 58.5 1
0 58.5 0
0 61.5 1
100 61.5 0
100 64.5 1
0 64.5 0
0 67.5 1
100 67.5 0
100 70.5 1
0 70.5 0
0 73.5 1
100 73.5 0
100 76.5 1
0 76.5 0
0 79.5 1
100 79.5 0
100 82.5 1
0 82.5 0
0 85.5 1
100 85.5 0
100 88.5 1
0 88.5 0
0 91.5 1
100 91.5 0
100 94.5 1
0 94.5 0
0 97.5 1
100 97.5 0
100 100 1
0 100 0
12.1949492490918 55.5 1
0 55.5 0
0 52.5 1
12.72949127412639 52.5 0
15.77528192282724 49.5 1
0 49.5 0
0 46.5 1
18.8210725715281 46.5 0
21.86686322022895 43.5 1
0 43.5 0
0 40.5 1
100 40.5 0
100 37.5 1
0 37.5 0
0 34.5 1
100 34.5 0
100 31.5 1
0 31.5 0
0 28.5 1
100 28.5 0
100 25.5 1
0 25.5 0
0 22.5 1
100 22.5 0
100 19.5 1
0 19.5 0
0 16.5 1
100 16.5 0
100 13.5 1
0 13.5 0
0 10.5 1
100 10.5 0
100 7.5 1
0 7.5 0
0 4.5 1
100 4.5 0
100 1.5 1
0 1.5 0
26.9207 44.55970000000001 1
23.7517 41.6435 1
10.9275 54.2749 1
13.6899 56.94499999999999 1
26.9207 44.55970000000001 0
26.9207 44.55970000000001 0