54.8139 48.8861 0
54.8139 48.8861 1
67.0361 45.3436 0
67.3619966659943 46.5 1
100 46.5 0
100 43.5 1
40.09497980019738 43.5 0
42.93823948317187 40.5 1
100 40.5 0
99.61709999999999 38.5155 1
99.61709999999999 29.4376 1
100 29.4376 1
100 38.5155 1
97.87880000000001 38.5155 1
99.61709999999999 38.1724 1
98.3323 29.4376 1
99.61709999999999 29.4376 0
100 28.5 1
53.66594893700274 28.5 0
54.0279 28.799 1
49.3873 24.9655 0
48.86247740480437 25.5 1
37.25916411778783 25.5 0
38.13120000000001 26.3045 1
14.0798 4.115790000000001 0
13.75484551477983 4.5 1
0 4.5 0
0 1.5 1
100 1.5 0
100 4.5 1
14.4962635255497 4.5 0
14.0798 4.115790000000001 0
12.7931 5.637119999999999 1
23.92458551538326 15.5492 1
0 15.5492 1
0 29.2721 0
0 22.41482088618336 1
2.669247376519742 15.5492 0
0 13.5 1
21.62328850021355 13.5 0
18.25422201304337 10.5 1
0 10.5 0
0 7.5 1
14.88515552587319 7.5 0
17.15783812548538 15.5492 1
30.58525261010212 27.5057 0
26.07408768350354 27.5057 1
12.6466731988868 15.5492 0
9.678232915341738 15.5492 1
7.46566 21.2402 1
9.829049999999999 15.5492 1
11.9436 17.4218 1
17.4956 22.7335 1
20.288 27.3242 0
20.3391448841756 27.5057 1
37.352 27.5057 0
35.09641753670071 27.5057 1
21.66900305208397 15.5492 0
19.02229947905691 25.24339088186025 1
21.56292275690496 27.5057 0
20.61932867665936 28.5 1
45.91679398930033 28.5 0
42.97111057379628 31.5 1
21.46469866303296 31.5 0
21.7149 32.3879 0
21.55242776421411 34.5 1
40.02542715829225 34.5 0
37.07974374278821 37.5 1
21.3216542651574 37.5 0
22.338 43.04470000000001 0
22.34387636807059 43.5 1
39.71175170817621 43.5 0
39.9114 43.69370000000001 1
35.3467 39.265 0
36.61962535055434 40.5 1
20.21519793521171 40.5 0
19.2289 42.96210000000001 1
18.95816709543417 42.80240000000001 0
12.83524424603837 42.80240000000001 1
2.68837 38.57006322630714 0
2.68837 41.82057204384523 1
5.042266992382938 42.80240000000001 0
22.338 43.04470000000001 1
1.63529 42.80240000000001 1
18.95816709543417 42.80240000000001 1
14.5766 40.2178 0
14.92632876474362 40.4240980996681 1
2.68837 35.31955440876905 0
2.68837 33.6943 1
2.68837 29.2721 0
2.68837 29.94025276218774 1
2.979601625367404 29.2721 0
4.6159 29.2721 1
5.24403 29.6241 1
5.380882164153979 29.2721 1
4.6159 29.2721 0
3.771504886474499 29.2721 1
9.106756487237657 15.5492 0
5.8880019318787 15.5492 1
0.5527503311155415 29.2721 0
1.18837 29.2721 1
1.18837 42.80240000000001 0
0.1332766432071967 42.80240000000001 1
0.2865566432071968 45.7598 0
0 46.5 1
18.10793577392421 46.5 0
22.3851 46.694 0
39.9114 43.69370000000001 0
45.78149916614635 37.5 1
97.06435854239703 37.5 0
94.65832764844436 34.5 1
48.62475884912082 34.5 0
51.46801853209531 31.5 1
92.25229675449168 31.5 0
92.0222 31.2131 0
93.96770000000001 29.6114 0
100 25.5 1
58.17979842862657 25.5 0
56.5675 26.3678 0
54.60805479154078 25.5 1
50.03433292030782 25.5 0
51.20115824523715 22.5 1
34.00732117603953 22.5 0
30.75547823429122 19.5 1
46.59851974277761 19.5 0
46.26900000000001 20.3346 1
48.9229 19.4061 0
48.99204523715304 19.5 1
48.65450882067852 19.5 0
52.8306 24.7128 1
56.5675 26.3678 1
59.9372 24.5541 0
58.81049426016325 22.5 1
100 22.5 0
100 19.5 1
57.16494768525928 19.5 0
68.5500336990992 10.5 1
20.99994940904631 10.5 0
17.74810646729801 7.5 1
68.54105844185673 7.5 0
68.54069999999999 7.380190000000001 1
73.0694 5.855499999999999 0
72.68306798185628 7.5 1
100 7.5 0
100 10.5 1
71.97829689372546 10.5 0
71.27352580559463 13.5 1
100 13.5 0
100 16.5 1
55.51940111035532 16.5 0
54.4538 14.5573 1
50.7187 15.9781 1
48.7372 14.0832 0
47.78299042134562 16.5 1
27.50363529254292 16.5 0
24.25179235079462 13.5 1
69.13338305231801 13.5 0
63.04633229922371 46.5 1
22.38259612254405 46.5 0
22.3851 46.694 1
1.78857 45.7598 0
0 49.5 1
55.00246053570449 49.5 0
55.92391615895494 52.5 1
0 52.5 0
0 55.5 1
73.22806718367346 55.5 0
72.67910000000001 53.7591 1
78.77590000000001 51.6854 0
76.38092807542074 52.5 1
56.03030718514532 52.5 0
68.0177518077565 64.5 1
46.98160841965267 64.5 0
47.3964 64.14400000000001 1
42.31480000000001 59.24630000000001 1
38.1647 62.70269999999999 0
39.60878207094086 61.5 1
29.19324068147932 61.5 0
28.2615 59.7026 1
21.7747 62.0992 0
22.50539990225987 64.5 1
13.33129760706371 64.5 0
11.72851128785667 61.5 1
23.39653533338897 61.5 0
21.7747 62.0992 0
0 88.5 1
19.3484831992707 88.5 0
17.44649639103389 91.5 1
0 91.5 0
0 100 1
100 100 0
100 97.5 1
0 97.5 0
0 94.5 1
20.90624909542942 94.5 0
17.0415 92.1388 1
24.415 96.6437 0
25.66790146181545 94.5 1
46.23094821787414 94.5 0
47.6602 94.8612 1
32.69499999999999 91.07919999999999 0
34.36008624008461 91.5 1
27.42127384855162 91.5 0
28.765 89.20089999999999 0
23.03974952779068 85.5 1
33.63265423117052 85.5 0
33.12846676818091 88.5 1
27.68071562161325 88.5 0
28.765 89.20089999999999 1
21.7706 84.67959999999999 0
21.25047000750751 85.5 1
0 85.5 0
0 82.5 1
56.98346656686036 82.5 0
55.14441902671101 85.5 1
40.18057037318702 85.5 0
58.82251410700971 79.5 1
0 79.5 0
0 76.5 1
60.66156164715908 76.5 0
62.50060918730843 73.5 1
37.68151702536973 73.5 0
40.45626591362287 70.5 1
64.33965672745779 70.5 0
66.17870426760715 67.5 1
43.48617375380445 67.5 0
42.8408 68.0539 1
47.3964 64.14400000000001 0
44.6531224615636 61.5 1
100 61.5 0
100 64.5 1
73.54207388535031 64.5 0
69.45650000000001 62.15300000000001 1
80.93510000000001 68.74700000000001 0
78.76436687898089 67.5 1
100 67.5 0
100 70.5 1
79.84892039747473 70.5 0
77.99008479703215 73.5 1
100 73.5 0
100 76.5 1
76.13124919658958 76.5 0
74.272413596147 79.5 1
100 79.5 0
100 82.5 1
72.41357799570443 82.5 0
70.55474239526185 85.5 1
100 85.5 0
100 88.5 1
68.69590679481928 88.5 0
66.8370711943767 91.5 1
100 91.5 0
100 94.5 1
64.97823559393413 94.5 0
64.7509 94.86689999999999 1
53.9171 87.50210000000001 0
55.38503518086031 88.5 1
49.02020630630631 88.5 0
48.37881491491491 91.5 1
59.79810817673257 91.5 0
64.21118117260482 94.5 1
47.73742352352352 94.5 0
49.19799999999999 87.66839999999999 1
33.887 83.98660000000001 0
35.24509999999999 76.3246 1
29.9604 71.33349999999999 0
32.25434372983911 73.5 1
0 73.5 0
0 70.5 1
30.67307974548129 70.5 0
26.39907912282776 67.5 1
33.23821380240256 67.5 0
33.79689999999999 66.8466 1
38.1647 62.70269999999999 0
36.27028967639181 64.5 1
30.74838814138696 64.5 0
31.1125 65.20240000000001 1
24.1712 68.58600000000001 0
23.6932622407973 67.5 1
11.84127136499878 67.5 0
14.2147 66.15350000000001 1
8.45149 69.42310000000001 0
7.387380277461707 67.5 1
0 67.5 0
0 64.5 1
5.727389030196937 64.5 0
5.29059 63.7106 1
11.1046 60.3322 0
9.094891002249586 61.5 1
0 61.5 0
0 58.5 1
74.17407301457726 58.5 0
74.84229999999999 60.6191 1
81.02350000000001 58.45999999999999 0
80.90898561900792 58.5 1
100 58.5 0
100 55.5 1
80.0414647506864 55.5 0
79.04615875476043 52.5 1
100 52.5 0
100 49.5 1
65.78353646393973 49.5 0
68.01410000000001 48.8139 1
55.9331 52.5299 0
54.8139 48.8861 0