19.1372 90.9574
10.0947 81.095
8.16939 88.409
14.6777 95.8347

27.568 52.701
27.214 44.2231
24.7185 37.0949
19.385 31.6411
12.5079 29.5741
10.213 47.1852
22.7802 49.6601
22.518 51.271

42.9144 90.5987
30.3558 88.7849
29.7133 92.3398
42.2979 94.057

60.2355 45.2872
41.8146 40.9597
39.6821 49.089
58.0393 53.3147

79.2753 39.9345
69.0551 27.6128
54.2136 40.2689
55.7516 42.2795

77.0077 15.9601
76.4276 12.5204
75.5599 9.83252
67.9522 10.9439
68.7123 13.763
69.0183 16.8679

65.9061 85.0625
60.414 79.9964
57.634 82.7571
58.6022 83.8364
56.1362 85.9954
58.717 88.203
64.5553 86.3677