63.3481 47.5762 0
39.5843 59.5162 0
36.34128153619201 61.5 1
0 61.5 0
0 94.5 1
100 94.5 0
100 97.5 1
0 97.5 0
0 100 1
100 100 0
100 79.5 1
0 79.5 0
0 76.5 1
100 76.5 0
100 73.5 1
22.78817185074114 73.5 0
21.9254 76.0018 1
11.4057 71.39789999999999 0
16.20890193097157 73.5 1
0 73.5 0
0 70.5 1
11.23575279674096 70.5 0
10.66793721618954 67.5 1
0 67.5 0
0 64.5 1
10.10012163563811 64.5 0
10.0444 64.2056 1
24.1333 69.59950000000001 0
23.82275317307842 70.5 1
36.00771190455755 70.5 0
33.68321492698358 67.5 1
18.64939307736518 67.5 0
10.81337461206178 64.5 1
31.43702939816199 64.5 0
31.3839 64.5325 1
39.5843 59.5162 0
41.13850721258572 61.5 1
85.24032157975705 61.5 0
85.23910000000001 62.6514 1
99.3486 62.1546 0
99.3486 62.6514 1
99.3486 62.1546 1
99.3546 56.49930000000001 1
100 56.49930000000001 1
100 62.6514 1
85.23910000000001 62.6514 0
85.243504434778 58.5 1
0 58.5 0
0 55.5 1
100 55.5 0
100 64.5 1
43.48885585547168 64.5 0
45.83920449835763 67.5 1
100 67.5 0
100 70.5 1
41.92758690690691 70.5 0
37.7032 72.68819999999999 1
46.3819 68.1927 0
57.87925156686701 85.5 1
100 85.5 0
100 82.5 1
0 82.5 0
0 85.5 1
54.63771171211893 85.5 0
53.2804 88.1738 1
56.02160000000001 89.13499999999999 0
55.6336 90.0916 1
60.9036 92.5753 0
58.62199151266256 91.5 1
0 91.5 0
0 88.5 1
54.21067407407408 88.5 0
53.2804 88.1738 0
55.3019 84.19159999999999 1
63.2662 88.2347 0
61.48888861908492 91.5 1
100 91.5 0
100 88.5 1
63.12179651200294 88.5 0
63.2662 88.2347 0
63.3481 47.5762 0