52.9606 48.7196 0
52.63285218224691 49.5 1
59.07821721332986 49.5 0
61.62572051954868 49.1999 1
57.1122 49.7316 0
57.52472750753716 49.1999 1
40.53788523433535 41.2482 0
47.61405570300606 41.2482 1
54.84188183733959 44.63161312340607 0
50.72670071545859 40.5 1
0 40.5 0
0 41.5239 1
0 57.7377 0
0 58.5 1
40.48167817518522 58.5 0
46.68157286847944 61.5 1
0 61.5 0
2.12887 57.7377 1
2.12887 41.5239 0
0 37.5 1
51.91169801636023 37.5 0
54.31681327465546 34.5 1
0 34.5 0
0 31.5 1
56.72192853295067 31.5 0
24.43535458578545 7.5 1
100 7.5 0
100 1.5 1
0 1.5 0
18.81728547993809 7.5 1
0 7.5 0
0 4.5 1
22.29729096810843 4.5 0
24.9807 2.18672 1
15.3425 10.4955 0
15.34650561955605 10.5 1
0 10.5 0
0 13.5 1
100 13.5 0
100 10.5 1
21.06784234703344 10.5 0
17.8769 13.3427 1
27.3146 4.934979999999999 0
26.94520270061785 4.5 1
100 4.5 0
100 58.5 1
48.85308493496615 58.5 0
47.5931625192059 61.5 1
100 61.5 0
100 64.5 1
25.87273792492395 64.5 0
25.6901 63.7389 1
19.6499 65.9496 0
20.24447970801849 67.5 1
0 67.5 0
0 64.5 1
23.61057938661963 64.5 0
34.281783481891 55.5 1
4.487911664841182 55.5 0
11.95579967552893 49.5 1
33.05363319490259 49.5 0
34.48828992619664 46.5 1
13.17134007106091 46.5 0
13.8794 48.926 1
3.75771 51.94629999999999 0
3.871482311062431 52.5 1
31.61897646360853 52.5 0
30.9543 53.8899 1
47.4392 61.86660000000001 0
39.717 81.92689999999999 1
35.8464 83.80359999999999 0
38.53500987904302 82.5 1
8.918478159079005 82.5 0
10.252647688908 83.4075 1
8.806370986956114 83.4075 1
8.297039999999999 87.53049999999999 1
9.74331670195188 87.53049999999999 0
8.297039999999999 87.53049999999999 1
1.85135 86.55420000000001 1
1.739806497960622 87.53049999999999 0
0 91.5 1
17.37458575288105 91.5 0
21.38608325448051 94.5 1
0 94.5 0
0 97.5 1
25.39758075607998 97.5 0
26.451 98.2878 1
12.06670597534804 87.53049999999999 1
9.74331670195188 87.53049999999999 1
10.252647688908 83.4075 1
11.4751 83.4075 0
0 100 1
100 100 0
100 97.5 1
26.97151718226601 97.5 0
28.4629 95.24279999999999 1
11.4751 83.4075 1
9.939810000000001 85.93989999999999 1
12.06670597534804 87.53049999999999 0
13.36308825128159 88.5 1
0 88.5 0
0.2300482269800307 87.53049999999999 1
1.184731729019409 79.17449999999999 0
0 79.17449999999999 1
2.69449 79.17449999999999 1
9.216640000000002 80.0864 0
10.79057642992598 79.5 1
5.022552095624482 79.5 0
0 76.5 1
10.42154237317683 76.5 0
10.7311 75.49029999999999 1
16.3048 76.79740000000001 0
15.03663507000227 76.5 1
76.10759262327107 76.5 0
76.51159999999999 75.06360000000001 1
93.1086 80.61320000000001 0
90.35419999999999 88.2123 1
74.352 82.74180000000001 0
82.42023289278859 85.5 1
40.67350006364023 85.5 0
41.5277 85.07060000000001 1
37.77670000000001 86.9562 0
36.88508582122692 85.5 1
14.47857025423943 85.5 0
18.78462079795188 88.5 1
100 88.5 0
100 91.5 1
23.09067134166433 91.5 0
27.39672188537678 94.5 1
100 94.5 0
100 85.5 1
91.3373110420971 85.5 0
92.42470297008856 82.5 1
100 82.5 0
100 79.5 1
89.77939061553985 79.5 0
80.8073926337033 76.5 1
100 76.5 0
100 73.5 1
0 73.5 0
0 70.5 1
100 70.5 0
100 67.5 1
25.0977892714378 67.5 0
26.5026 67.12479999999999 1
20.6954 68.67580000000001 0
15.9715 78.70339999999999 0
15.3698540199285 79.5 1
75.26380110963507 79.5 0
74.42000959599906 82.5 1
40.04709262016095 82.5 0
50.11300735072641 55.5 1
57.94066405407717 55.5 0
58.1193 56.74379999999999 1
69.2748 56.575 0
69.23222859202207 55.5 1
100 55.5 0
100 52.5 1
69.11342466278137 52.5 0
69.08250000000001 51.7191 1
80.60489999999999 50.02930000000001 0
80.53255314347561 49.5 1
100 49.5 0
100 46.5 1
80.12250105661909 46.5 0
79.71244896976256 43.5 1
100 43.5 0
100 40.5 1
68.80507900101236 40.5 0
71.19370000000001 37.5557 0
71.13836474549507 37.5 1
100 37.5 0
100 34.5 1
68.15800992476315 34.5 0
65.1776551040312 31.5 1
100 31.5 0
100 28.5 1
62.19730028329927 28.5 0
60.4982 26.7897 0
59.1270437912459 28.5 1
0 28.5 0
0 25.5 1
68.91972805859166 25.5 0
70.70580000000001 27.6268 1
73.16220000000001 25.2569 0
72.91022698848053 25.5 1
100 25.5 0
100 22.5 1
71.02566238053865 22.5 0
68.70072754126846 19.5 1
100 19.5 0
100 16.5 1
14.57013246622753 16.5 0
14.6843 15.9598 1
8.3917 14.4127 0
7.946148778662963 16.5 1
0 16.5 0
0 19.5 1
7.305774292958411 19.5 0
6.76263 22.0445 1
13.1699 23.1254 0
13.30207396449704 22.5 1
66.4003487919822 22.5 0
63.9521 19.5847 1
66.50720000000001 18.2919 0
64.11950174040842 19.5 1
13.93610321536229 19.5 0
13.1699 23.1254 0
9.462705386252189 22.5 1
0 22.5 0
4.595438614163335 41.5239 1
3.62887 41.73209720660125 0
3.62887 41.5239 1
11.719 41.5239 0
12.29575071128463 43.5 1
35.92294665749068 43.5 0
36.99979999999999 41.2482 1
51.47192501972576 41.2482 1
59.392 49.1999 1
61.62572051954868 49.1999 1
66.8175 48.5883 1
66.7357483046857 47.28280760442777 0
65.07524346535385 47.4784177538109 1
66.62813131384937 45.5642724397309 0
66.19180956654122 43.7212097269405 1
79.59460000000001 42.6378 1
67.07074691133542 42.6378 1
66.19180956654122 43.7212097269405 0
66.5111 43.69540000000001 1
66.7357483046857 47.28280760442777 1
62.9396 47.73 1
59.392 49.1999 1
53.98664227320181 49.1999 0
57.50980070163429 52.5 1
51.37292976648665 52.5 0
52.9606 48.7196 0