46.7594 44.1887 0
46.7594 44.1887 1
53.4738 39.2103 0
74.80869999999999 29.496 1
77.18340000000001 27.6048 0
90.34050280630424 20.45942967884866 1
82.02660739434961 19.8330834768819 0
82.18039999999999 18.9502 1
93.9802 21.1326 0
76.16369055099395 28.41689184737451 1
100 30.21265438136329 0
100 33.22115589229652 1
27.19915510834655 27.73653882190471 0
28.27480825934241 21.80057257430307 1
71.21242549888646 25.03537553331313 0
73.79481102208157 28.23842692541776 1
27.73698168384448 24.76855569810389 0
27.1473 28.0227 1
0 25.97749646951024 1
0 5.031324566300754 0
0 4.627918092468166 1
52.03782059810258 8.548305549277224 0
51.8511 9.508279999999999 1
57.2047 10.1614 0
72.9308562838452 7.113828355573679 1
57.7674699107301 5.971460188408789 0
57.36743229980699 8.949823956944481 1
74.38097538987245 10.23157788436789 0
72.01499999999999 9.451709999999999 1
79.92169999999999 12.0579 0
86.30518091904665 17.14691802434749 1
100 18.17864833763037 0
100 21.1871498485636 1
93.08156545316487 20.66593386168279 0
93.9802 21.1326 1
80.98670000000001 14.385 0
80.68809999999999 15.5111 1
69.31610000000001 13.813 0
69.06562673144964 15.84813703734167 1
46.01964018005955 14.11191527464252 0
46.3642 13.8624 1
38.79940000000001 19.3405 0
42.25663268287754 16.83692206534589 1
68.69875884679581 18.8289997225752 0
68.49080000000001 20.5187 1
81.47030000000001 23.0267 0
81.50933415554121 22.80261503300419 1
100 24.19565135949683 0
100 27.20415287043006 1
75.50324218711171 25.35863395825567 0
79.54456659089922 22.65459480411227 1
28.81263483484034 18.83258945050224 0
29.35046141033826 15.86460632670142 1
36.36648780320584 16.3931746170545 0
35.54219999999999 15.3946 1
43.55459999999999 10.1273 0
42.47588958221881 10.83643726019406 1
30.42611456133412 9.928640079099775 0
29.88828798583619 12.8966232029006 1
38.37001405378062 13.5356133086867 0
43.55459999999999 10.1273 0
44.18487180302374 10.96518731900412 1
100 15.17014682669714 0
100 7.935741649814089 1
97.6009 7.755000000000001 1
97.7834 10.4906 1
97.7834 7.768749052182514 0
97.6009 7.755000000000001 1
92.702 7.93962 0
92.7328653953125 8.605657706763797 1
82.79622372204528 7.857058227943513 0
80.83850925478382 10.71807087110227 1
92.87277326736984 11.62469949514174 0
92.9537 13.371 1
97.70590000000001 12.8803 1
97.76280649442282 13.73330496516762 0
98.5 13.78884311298565 1
98.5 7.822735741464651 0
100 6.144642293897455 1
84.19653951431093 4.95405268906431 0
84.45910000000001 4.27061 1
75.4145 0.773898 0
77.05306965391571 1.407381644570559 1
100 3.136140782964225 0
98.30576196552073 0 1
100 0.1276392720309957 0
100 0 1
0 0 0
0 1.619416581534936 1
52.61454060242751 5.583252550312013 0
52.818 4.53722 1
57.9092 4.91625 0
58.37198918927317 0 1
75.22042226975785 1.269314989683241 0
74.07563927680152 4.191571672628459 1
18.43821641302559 0 0
30.477 9.647829999999999 1
12.1947 5.95004 0
10.69366767682864 5.836956319238771 1
9.23291 14.94512535435801 0
1.732909999999999 26.10804918193545 1
1.732909999999999 5.161877278725967 0
4.73291 5.387889095424841 1
4.73291 26.33406099863432 0
7.73291 26.56007281533319 1
7.73291 5.613900912123713 0
9.23291 5.726906820473149 1
9.23291 24.4175 0
9.23291 25.94757350380099 1
14.99506022758134 27.10718340402512 0
34.32058849784788 40.30705423159137 1
0 37.7214347127337 0
0 34.71293320180045 1
37.01714999820173 37.50170430850321 0
37.61790000000001 36.8974 1
40.45467489017236 39.28123573565712 1
42.29259999999999 39.41970000000001 1
49.2632 34.0926 0
47.68715450798885 35.2970518320507 1
0 31.70443169086723 0
0 28.695930179934 1
100 36.22965740322975 0
100 39.23815891416298 1
50.42379324817688 35.50322272982349 0
53.06260927916966 38.71052544245632 1
100 42.24666042509621 0
100 45.25516193602944 1
50.3644210139374 41.51575280951597 0
35.27652613049808 55.42157951992621 1
100 60.29766949069558 0
100 63.30617100162881 1
32.78469413227802 58.24235320525074 0
30.29286213405796 61.06312689057528 1
100 66.31467251256205 0
100 69.32317402349528 1
29.84362445653132 64.03778406029937 0
28.7406 62.8203 1
32.3438 66.79740000000001 0
50.88679999999999 80.77109999999999 1
73.10329999999999 90.88579999999999 0
71.61900793920452 94.26154109676878 1
86.74444609918211 95.40105034906978 0
86.98216147021131 92.41045766575775 1
72.89941323200753 91.34950182794799 0
73.10329999999999 90.88579999999999 0
66.44585493872219 87.85480683900224 1
87.21987684124053 89.41986498244569 0
87.45759221226973 86.42927229913366 1
58.52752590253073 84.24976001783932 0
63.889475671469 78.63671166541482 1
22.70101079900672 75.53368507446052 0
25.76675348284875 72.75614825469609 1
64.60694471209081 75.68226231491363 0
65.32441375271259 72.72781296441244 1
28.83249616669077 69.97861143493168 0
31.89823885053279 67.20107461516724 1
66.04188279333439 69.77336361391127 0
66.75190000000001 66.84960000000001 1
71.22730000000001 70.4477 0
70.83796791811218 70.13468758460908 1
100 72.33167553442851 0
100 75.34017704536174 1
73.1652569774937 73.31852070497371 0
97.4299 79.45529999999999 1
95.84030000000001 98.96379999999999 1
86.53809999999999 97.99700000000001 0
89.68398472267165 98.5 1
69.75538430228053 98.5 0
70.39435937732284 97.0467722440857 1
100 99.27718045130743 0
98.5 99.16417454295799 1
98.5 79.53591841501648 0
100 78.34867855629497 1
74.73570341454069 76.44533536666205 0
75.70167900252088 79.52661084343731 1
87.93302295432812 80.44808693250957 0
87.69530758329893 83.4386796158216 1
64.49816542910935 81.69107020232482 0
70.7176 80.29859999999999 1
63.0701 82.01079999999999 0
63.17200663084719 81.59116101591601 1
9.875560022801171 77.57595210875635 0
8.030370000000001 78.6223 1
12.4667 76.10659999999999 0
12.00884194710315 74.72816623890392 1
22.46423961776806 75.51584737952263 0
22.6 75.62520000000001 1
16.1687 70.44489999999999 0
17.42775057708106 69.11940901169962 1
9.95894885663289 68.55672986323225 0
10.98389540186802 71.64244805106807 1
18.34382474454772 72.19692505157286 0
0 98.5 1
67.97813596390307 98.5 0
63.51300291758729 96.65935830066672 1
0 91.87446190953182 0
0 88.86596039859859 1
51.14220875276186 92.71887490200015 0
47.0193 91.40559999999999 1
69.69839999999999 98.62960000000001 1
0 93.37871266499843 0
0 95.5 1
28.15720920240026 95.5 0
47.72931853899169 89.45325555193094 1
0 85.85745888766536 0
0 82.84895737673213 1
48.79425733969683 86.52498362533785 0
49.85919614040195 83.5967116987448 1
0 79.8404558657989 0
1.554721068444179 78.25061985817035 1
0 73.56802690137218 0
3.49487 69.81319999999999 1
9.703309999999998 67.78710000000001 0
7.835244664330151 68.39673578235445 1
2.90115427031777 68.02501487111871 0
2.645623386549588 67.25539314226759 1
0 67.05607909296921 1
0 78.13349141379067 1
6.417920000000001 78.61699999999999 0
4.796853689481393 78.49487328605679 1
1.024557076030982 67.13326642832436 0
0 64.79794831113276 1
20.09460764250063 66.31182123751029 0
22.35461178148723 60.46508076271027 1
0 58.7809452892663 0
0 61.78944680019953 1
22.7614647079202 63.50423346332096 0
24.0633 62.1337 1
20.2936 58.4524 0
21.4068823503336 57.38517990161904 1
0 55.77244377833307 0
0 52.76394226739984 1
24.31656493800205 54.59588593990449 0
27.22624752567051 51.80659197818993 1
0 49.75544075646661 0
0 46.74693924553338 1
30.13593011333896 49.01729801647538 0
31.3002 47.9012 1
37.07040000000001 53.3909 0
36.10849649395223 52.47575638675428 1
100 57.28916797976235 0
100 54.28066646882912 1
32.6743335593189 49.20853440792224 0
34.65068678056623 46.34892595764661 1
0 43.73843773460015 0
0 40.72993622366693 1
33.43297420253515 43.24868530272076 0
32.39279999999999 44.51900000000001 1
36.8404 48.1236 0
38.15733102505956 46.61310696971813 1
100 51.2721649578959 0
100 48.26366344696267 1
40.61864163993768 43.79003388662785 0
46.7594 44.1887 1
46.24880280491172 44.15023300011225 1
40.45467489017236 39.28123573565712 0
38.46700686023036 37.61093256961668 1
44.10373360111565 38.03558818659755 0
42.29259999999999 39.41970000000001 1
46.7594 44.1887 0
46.7594 44.1887 0