51.1708 39.36799999999999 0
49.72020000000001 3.063674595238189 1
42.75417710450105 0 0
35.30237496193138 0 1
49.72020000000001 6.34099613945585 0
49.72020000000001 9.61831768367351 1
30.3515 1.099914137924088 0
30.3515 4.377235682141748 1
49.72020000000001 12.89563922789117 0
49.72020000000001 14.5343 1
45.9228 22.4613 0
47.5 19.16892511191868 1
47.5 66.46521647454699 0
49.5699 66.92269999999999 1
48.1435 73.78749999999999 0
47.5 73.64462407395047 1
47.5 90.2609210045662 0
35.5 100 1
35.5 85.0451478404818 0
32.5 85.93122445356624 1
32.5 100 0
29.5 100 1
29.5 86.81730106665069 0
38.1356 84.26669999999999 1
32.9579 72.56559999999999 0
32.5 72.82079149068977 1
32.5 47.62010948905109 0
17.5 53.75077349503582 1
17.5 100 0
20.5 100 1
20.5 0 0
17.5 0 1
17.5 50.42236210520642 0
18.9362 52.4263 1
15.2254 47.2486 0
14.5 47.95543414858042 1
14.5 0 0
11.5 0 1
11.5 50.87865229820996 0
10.6501 51.7068 1
14.9577 56.09529999999999 0
5.5 66.65057990527944 1
5.5 0 0
2.5 0 1
2.5 67.59201171288046 0
0.490498 68.81229999999999 1
0.05388129999999999 72.61410000000001 0
2.5 72.87540236837509 1
2.5 100 0
0 100 1
0 0 0
8.5 0 1
8.5 66.57079606241842 0
10.5717 66.51570000000001 1
11.326 63.80710000000001 1
15.0465 69.40440000000001 0
14.5 68.58221898938314 1
14.5 55.6290040463367 0
11.5 52.57266176757359 1
11.5 64.06887400886978 0
15.0465 69.40440000000001 0
8.5 85.83108085090262 1
8.5 73.51634191486991 0
5.5 73.19587214162252 1
5.5 88.40604628061601 0
4.911580000000001 88.9111 1
9.385300000000001 94.47280000000001 0
8.5 93.372200720206 1
8.5 100 0
5.5 100 1
5.5 89.64261996861671 0
9.385300000000001 94.47280000000001 0
11.5 92.84784947525011 1
11.5 100 0
14.5 100 1
14.5 90.54262813215198 0
15.5025 89.7723 1
11.2465 83.47370000000001 0
11.5 83.84886332236843 1
11.5 73.38977109205496 0
11.3913 73.8252 1
12.3592 69.94800000000001 0
14.5 69.51494865478361 1
14.5 88.28866595394737 0
23.5 85.50238341259546 1
23.5 100 0
26.5 100 1
26.5 87.70337767973513 0
24.7854 88.2098 1
20.622 79.44049999999999 0
23.5 77.83656658614288 1
23.5 0 0
26.5 0 1
26.5 76.16464155432519 0
29.5 74.49271652250746 1
29.5 47.95506014014559 0
29.819 48.64749999999999 1
26.8792 42.2662 0
29.5 41.27065232815964 1
29.5 0 0
30.3515 0 1
49.72020000000001 0 0
50.5 0 1
50.5 82.15482377115231 0
35.5 78.310499532611 1
35.5 46.47047445255474 0
37.6828 45.634 1
35.0874 39.1482 0
32.5 40.13106021295778 1
32.5 16.49464373109502 0
30.3515 15.5396 0
32.5 11.18548508701507 1
32.5 6.960812221340916 0
34.2129 7.71415 1
30.3515 15.5396 0
35.5 17.82819327416465 1
35.5 40.17927077136473 0
51.1708 39.36799999999999 0