51.1708 39.36799999999999 0
38.5 19.16174281723427 1
38.5 100 0
41.5 100 1
41.5 20.49529236030389 0
44.5 21.82884190337352 1
44.5 68.96636181221274 0
45.1716 65.95060000000001 1
43.6486 72.7895 0
44.5 72.97853584061937 1
44.5 100 0
47.23480000000001 92.59188911354653 1
51.8672534456217 94.43520000000001 0
55.92440000000001 94.43520000000001 1
47.23480000000001 94.43520000000001 0
47.23480000000001 95.93520000000001 1
62.7544 95.93520000000001 0
60.72622656762925 94.43520000000001 1
62.7544 88.98823290337091 0
57.52500885587642 94.43520000000001 1
62.7544 80.39087763445698 0
65.5 78.76110042462844 1
65.5 100 0
68.5 100 1
68.5 73.24075341748241 0
86.5 53.98528741026773 1
86.5 73.48546795212766 0
83.5 79.4354947052436 1
83.5 55.43181776262414 0
80.5 56.87834811498054 1
80.5 85.38552145835956 0
78.60769999999999 89.1386 1
91.31649999999999 63.9327 0
89.5 67.5354411990117 1
89.5 52.53875705791133 0
92.5 51.09222670555492 1
92.5 64.61871376743653 0
95.5 66.35765867855571 1
95.5 49.64569635319853 0
97.07679999999999 48.8854 1
90.8492 38.62779999999999 0
89.5 39.34206559942416 1
89.5 0 0
92.5 0 1
92.5 41.34686449996788 0
95.5 46.28822232641788 1
95.5 0 0
98.5 0 1
98.5 100 0
95.5 100 1
95.5 69.08272663913729 0
96.54259999999999 66.96199999999999 1
93.1765 73.80889999999999 0
89.5 78.13197894357793 1
89.5 100 0
92.5 100 1
92.5 73.38029849282731 0
92.07509999999999 73.11109999999999 1
82.77199999999999 91.2501 0
80.5 90.09808693657999 1
80.5 100 0
83.5 100 1
83.5 89.83066002837765 0
86.5 83.98131948597779 1
86.5 100 0
77.5 100 1
77.5 58.32487846733694 0
74.5 59.77140881969335 1
74.5 100 0
71.5 100 1
71.5 61.21793917204975 0
69.4982 65.125 1
67.16900000000001 84.06229999999999 0
65.80029999999999 84.3776 1
64.81120000000001 65.8785 0
65.5 65.92664583772392 1
65.5 59.35295416737138 0
68.5 65.5031261475886 1
68.5 62.66446952440614 0
67.86490000000001 62.97069999999999 1
61.95229999999999 53.9258 0
62.5 53.63584797746471 1
62.5 0 0
59.5 0 1
59.5 74.90306817717902 0
56.5 73.80689208682043 1
56.5 39.86044556167116 0
56.58499999999999 39.8683 1
57.2364 35.2075 0
56.5 35.14978353403885 1
56.5 0 0
53.5 0 1
53.5 34.91465398775493 0
57.2364 35.2075 0
68.12639999999999 49.29870619042777 1
86.6233 31.63025876891663 0
86.6233 35.7789763067499 1
74.67903054243229 47.18827715713003 0
84.42210553423686 42.03029961543433 1
86.6233 39.92769384458315 0
71.5 44.00184666618404 1
71.5 38.76635919013388 0
68.5 35.79663024467453 1
68.5 46.86748048939405 0
68.12639999999999 47.22434742151114 1
68.12639999999999 50.65723548961999 1
86.6233 40.86498870190228 1
86.6233 29.5559 0
83.5 26.15423683197713 1
83.5 0 0
86.5 0 1
86.5 29.42161092478558 0
86.6233 29.5559 1
81.1669 23.6132 0
80.5 24.21735550323991 1
80.5 0 0
77.5 0 1
77.5 26.93510405582608 0
74.5 29.65285260841225 1
74.5 0 0
71.5 0 1
71.5 32.37060116099843 0
68.5 35.08834971358461 1
68.5 0 0
65.5 0 1
65.5 52.0476499354602 0
61.95229999999999 53.9258 0
62.5 54.76365335216317 1
62.5 75.99924426753759 0
62.7544 76.09219999999999 1
62.7544 100 0
62.7544 98.93520000000001 1
47.23480000000001 98.93520000000001 0
47.23480000000001 100 1
47.23480000000001 90.97749999999999 1
53.9362 72.87010000000001 0
53.5 74.04872653773839 1
53.5 39.58323009124155 0
51.1708 39.36799999999999 0