14.6157 43.6954
13.6129 37.5353
12.5269 34.928
3.56751 38.6377
7.0945 47.2645

17.6677 20.3305
14.9359 18.9529
13.5943 14.2438
9.03318 15.3964
9.21745 16.9126
3.71191 26.4714
11.364 32.465

30.9099 74.9898
19.5248 67.4607
16.9294 70.9224
28.821 78.5638

43.1937 29.08
43.0989 24.2044
40.3431 18.029
36.6096 13.255
30.4655 10.2385
29.373 14.9136
28.4019 15.0781
26.6629 22.6844
26.0502 23.8695
25.0342 27.8417
38.5999 30.8984
38.1065 32.4237
42.3919 33.8294

42.8424 65.7005
42.1775 62.9916
26.8749 63.0928
26.4087 68.1872
31.2109 68.0496

56.6457 92.9364
42.8538 81.5077
39.5445 87.5526
43.5392 90.821
54.0678 96.8184

58.9299 21.4399
57.9275 14.5263
49.217 15.633
50.5787 22.5256

61.4974 67.2052
56.1383 53.1041
49.5205 55.4631
53.5509 70.0167

60.9715 45.6296
55.8718 44.0788
53.7393 50.5066
59.0176 51.8971

78.2658 25.0549
77.2514 12.4386
64.1866 14.5705
60.9647 27.0132

77.2717 27.9796
73.2725 25.8657
66.5703 31.3212
72.2809 34.8942

95.5921 69.2665
86.2834 56.2425
70.5711 67.7998
71.9607 69.9157

80.1814 37.6605
75.9309 34.0878
75.2931 36.1163
72.7241 38.4391
76.5407 42.4433
78.9772 39.8871

85.9801 35.2525
81.5049 30.261
77.4926 34.2967
82.5924 38.7138

83.7185 75.6184
76.079 72.0746
73.2327 78.4543
81.1872 82.1725