83.5 58.5 0
83.5 58.5 1
102.5 58.5 1
102.5 86.5 1
102.7928932188135 86.5 1
98.79289321881346 90.50000000000001 1
93.5 90.5 1
93.5 83.5 1
96.5 83.5 0
95 83.5 1
95 90.5 0
94 90.5 1
94 83.5 0
96 90.5 1
96 83.5 0
96.5 83.5 0
96.5 71.5 0
96.5 83.5 1
96.5 71.5 1
92.5 71.5 1
92.5 64.5 0
93 64.5 1
93 71.5 0
94 71.5 1
94 64.5 0
95 64.5 1
95 71.5 0
96 71.5 1
96 64.5 0
97 64.5 1
97 90.5 0
98 90.5 1
98 64.5 0
99 64.5 1
99 90.29289321881348 0
100 89.29289321881348 1
100 64.5 0
101 64.5 1
101 88.29289321881348 0
102 87.29289321881348 1
102 64.5 0
102.5 58.99999999999987 1
12.70710678118654 59.00000000000001 0
11.70710678118653 60.00000000000001 1
102.5 59.99999999999987 0
102.5 60.99999999999987 1
10.70710678118653 61.00000000000001 0
9.707106781186528 62.00000000000001 1
102.5 61.99999999999987 0
102.5 62.99999999999987 1
8.707106781186528 63.00000000000001 0
9.5 63.5 0
9.5 64.00000000000003 1
102.5 63.99999999999987 0
102.5 64.5 1
82.5 64.5 1
82.5 70.5 1
80.5 70.5 1
80.5 74.5 0
82 74.5 1
82 88.5 0
81 88.5 1
81 74.5 0
80.5 74.5 1
82.5 74.5 1
82.5 88.5 1
74.5 88.5 1
74.5 67.5 0
75 67.5 1
75 88.5 0
76 88.5 1
76 67.5 0
77 67.5 1
77 88.5 0
78 88.5 1
78 67.5 0
79 67.5 1
79 88.5 0
80 88.5 1
80 67.5 0
81 67.5 1
81 70.5 0
82 70.5 1
82 67.5 0
82.5 66.99999999999991 1
42.37282460409232 66.99999999999997 0
43.22996746123516 67.99999999999997 1
56.5 67.99999999999994 0
56.5 68.99999999999994 1
44.08711031837802 68.99999999999997 0
44.94425317552088 69.99999999999997 1
56.5 69.99999999999994 0
56.5 70.99999999999994 1
45.80139603266373 70.99999999999997 0
46.65853888980659 71.99999999999997 1
56.5 71.99999999999994 0
38.5 50.5 1
33.5 42.5 1
33.5 41.5 1
40.5 41.5 1
40.5 32.5 0
40.5 32.99999999999997 1
15.5 33.00000000000001 0
15.5 34.00000000000001 1
40.5 33.99999999999997 0
40.5 34.99999999999997 1
15.5 35.00000000000001 0
15.5 36.00000000000001 1
40.5 35.99999999999997 0
40.5 36.99999999999997 1
15.5 37.00000000000001 0
15.5 38.00000000000001 1
40.5 37.99999999999997 0
40.5 38.99999999999997 1
15.5 39.00000000000001 0
15.5 39.20710678118655 0
14.70710678118654 40.00000000000001 1
40.5 39.99999999999997 0
40.5 40.99999999999997 1
13.70710678118654 41.00000000000001 0
12.70710678118654 42.00000000000001 1
33.5 41.99999999999999 0
33.5 42.5 0
33.81249999999999 42.99999999999999 1
13.5 43.00000000000001 0
13.5 44.00000000000001 1
34.43749999999999 43.99999999999999 0
35.06249999999999 44.99999999999999 1
13.5 45.00000000000001 0
13.5 46.00000000000001 1
35.68749999999999 45.99999999999997 0
36.31249999999999 46.99999999999997 1
13.5 47.00000000000001 0
13.5 48.00000000000001 1
36.93749999999999 47.99999999999997 0
37.56249999999999 48.99999999999997 1
13.5 49.00000000000001 0
13.5 50.00000000000001 1
38.18749999999999 49.99999999999997 0
38.5 50.5 1
39.5 50.5 1
59.5 50.5 1
59.5 49.5 1
59.5 46.5 1
64.5 46.5 0
83.5 54.9999999999999 1
15.5 55.00000000000001 0
15.5 56.00000000000001 1
83.5 55.9999999999999 0
83.5 58.5 0