83.5 58.5 0
83.5 58.5 1
83.5 48.5 1
103.5 48.5 1
103.5 51.5 1
118.5 51.5 1
118.5 85.5 1
125.5 85.5 1
125.5 55.5 0
125 55.5 1
125 85.5 0
124 85.5 1
124 55.5 0
123 55.5 1
123 85.5 0
122 85.5 1
122 55.5 0
119 85.5 1
119 55.5 0
118.5 55.5 1
139.5 55.5 1
139.5 60.5 1
160.5 60.5 0
160.5 59.99999999999979 1
139.5 59.99999999999982 0
139.5 58.99999999999982 1
164.5 58.99999999999979 0
164.5 57.99999999999979 1
139.5 57.99999999999982 0
139.5 56.99999999999982 1
164.5 56.99999999999979 0
164.5 55.99999999999979 1
139.5 55.99999999999982 0
160 60.5 1
160 94.5 0
159 94.5 1
159 60.5 0
158 60.5 1
158 94.5 0
157.5 89.5 0
157 89.5 1
157 60.5 0
156 60.5 1
156 89.5 0
155 89.5 1
155 60.5 0
154 60.5 1
154 89.5 0
153 89.5 1
153 60.5 0
152 60.5 1
152 89.5 0
151 89.5 1
151 60.5 0
150 60.5 1
150 89.5 0
149 89.5 1
149 60.5 0
148 60.5 1
148 89.5 0
147 89.5 1
147 60.5 0
146 60.5 1
146 89.5 0
145 89.5 1
145 60.5 0
144 60.5 1
144 89.5 0
143 89.5 1
143 60.5 0
142.5 60.5 1
142.5 89.5 1
157.5 89.5 1
157.5 94.5 1
164.5 94.5 1
164.5 88.5 1
170.5 88.5 1
170.5 84.5 1
160.5 84.5 0
161 84.5 1
161 94.5 0
162 94.5 1
162 84.5 0
163 84.5 1
163 94.5 0
164 94.5 1
164 84.5 0
164.5 85 1
170.5 85 0
170.5 86 1
164.5 86 0
164.5 87 1
170.5 87 0
170.5 88 1
164.5 88 0
160.5 84.5 1
160.5 59.5 1
164.5 59.5 1
164.5 53.5 1
155.5 53.5 1
155.5 49.5 1
146.5 49.5 1
146.5 45.5 1
165.5 45.5 1
165.5 36.5 1
161.5 36.5 1
161.5 26.5 1
147.5 26.5 1
147.5 39.5 1
127.5 39.5 1
127.5 29.82460947032089 1
130.9596875762567 25.5 1
130.5 25.5 1
130.5 22.5 1
85.5 22.5 1
85.50000000000001 17.13278221853733 1
81.70983873226437 10.5 1
72.5 10.5 1
72.5 16.5 1
45.5 16.5 1
45.5 18.5 1
41.5 18.5 0
41.5 16.99999999999997 1
28.5 16.99999999999999 0
28.5 17.99999999999999 1
41.5 17.99999999999997 0
41.5 18.5 1
41.5 16.5 1
28.5 16.5 1
28.5 22.5 1
16.5 22.5 1
16.5 24.5 1
12.5 24.5 1
12.5 32.5 1
15.5 32.5 1
15.5 39.20710678118655 1
12.20710678118655 42.5 1
13.5 42.5 1
13.5 54.5 1
15.5 54.5 1
15.5 56.20710678118655 1
8.207106781186548 63.5 1
9.5 63.5 1
9.5 73.5 1
21.5 73.5 1
21.5 69.5 0
21.5 72 1
9.5 72.00000000000003 0
9.5 73.00000000000003 1
21.5 73 0
21.5 71 1
9.5 71.00000000000003 0
9.5 70.00000000000003 1
21.5 70 0
21.5 69.5 1
28.5 69.5 1
28.5 64.5 0
28.5 66 1
9.5 66.00000000000003 0
9.5 67.00000000000003 1
28.5 67 0
28.5 69 1
9.5 69.00000000000003 0
9.5 68.00000000000003 1
28.5 68 0
9.5 65.00000000000003 1
28.5 65 0
28.5 64.5 1
40.2299674612352 64.50000000000001 1
47.08711031837807 72.50000000000001 1
56.5 72.5 1
56.5 67.5 1
82.5 67.5 0
82.5 65.99999999999991 1
41.51568174694945 65.99999999999997 0
40.65853888980659 64.99999999999997 1
82.5 64.99999999999991 0
82.5 64.5 0
83.5 58.5 0