83.5 58.5 0
83.5 48.5 0
93.5 37.5 1
93.5 30.5 1
93.5 29.5 1
116.5 29.5 1
116.5 36.5 0
116.5 35.99999999999986 1
127.5 35.99999999999984 0
127.5 34.99999999999984 1
116.5 34.99999999999986 0
116.5 33.99999999999986 1
127.5 33.99999999999984 0
127.5 32.99999999999984 1
116.5 32.99999999999986 0
116.5 31.99999999999986 1
127.5 31.99999999999984 0
127.5 30.99999999999984 1
116.5 30.99999999999986 0
116.5 29.99999999999986 1
127.5 29.99999999999984 0
127.5 29.82460947032089 0
130.5 22.99999999999984 1
16.5 23.00000000000001 0
16.5 24.00000000000001 1
130.5 23.99999999999984 0
130.5 24.99999999999984 1
12.5 25.00000000000001 0
12.5 26.00000000000001 1
130.5596875762569 25.99999999999984 0
129.7596875762569 26.99999999999984 1
12.5 27.00000000000001 0
12.5 28.00000000000001 1
128.9596875762568 27.99999999999984 0
128.1596875762568 28.99999999999984 1
12.5 29.00000000000001 0
12.5 30.00000000000001 1
49.5 29.99999999999996 0
49.5 30.99999999999996 1
12.5 31.00000000000001 0
12.5 32.00000000000001 1
40.5 31.99999999999997 0
40.5 32.5 1
40.5 31.5 1
49.5 31.5 1
49.5 30.5 1
49.5 29.5 1
57.5 29.5 1
57.5 38.5 1
64.5 38.5 0
57.5 37.99999999999994 1
127.5 37.99999999999984 0
127.5 36.99999999999984 1
116.5 36.99999999999986 0
116.5 36.5 1
116.5 37.5 1
94.5 37.5 1
93.5 37.5 0
93.5 36.99999999999989 1
57.5 36.99999999999994 0
57.5 35.99999999999994 1
93.5 35.99999999999989 0
93.5 34.99999999999989 1
57.5 34.99999999999994 0
57.5 33.99999999999994 1
93.5 33.99999999999989 0
93.5 32.99999999999989 1
57.5 32.99999999999994 0
57.5 31.99999999999994 1
93.5 31.99999999999989 0
93.5 30.99999999999989 1
57.5 30.99999999999994 0
57.5 29.99999999999994 1
93.5 29.99999999999989 0
85.5 22.5 0
85.5 21.9999999999999 1
28.5 21.99999999999999 0
28.5 20.99999999999999 1
85.5 20.9999999999999 0
85.5 19.9999999999999 1
28.5 19.99999999999999 0
28.5 18.99999999999999 1
85.5 18.9999999999999 0
85.5 17.9999999999999 1
45.5 17.99999999999996 0
45.5 16.99999999999996 1
85.42412444655005 16.9999999999999 0
84.85269587512147 15.9999999999999 1
72.5 15.99999999999992 0
72.5 14.99999999999992 1
84.28126730369291 14.9999999999999 0
83.70983873226433 13.99999999999991 1
72.5 13.99999999999992 0
72.5 12.99999999999992 1
83.13841016083575 12.99999999999991 0
82.56698158940719 11.99999999999991 1
72.5 11.99999999999992 0
72.5 10.99999999999992 1
81.99555301797861 10.99999999999991 0
83.5 58.5 0