83.5 58.5 0
64.5 46.5 1
64.5 45.5 1
64.5 38.5 0
64.5 38.99999999999993 1
127.5 38.99999999999984 0
121 55.5 1
121 85.5 0
120 85.5 1
120 55.5 0
118.5 54.99999999999986 1
164.5 54.99999999999979 0
164.5 53.99999999999979 1
118.5 53.99999999999986 0
118.5 52.99999999999986 1
155.5 52.9999999999998 0
155.5 51.9999999999998 1
118.5 51.99999999999986 0
118.5 51.5 0
103.5 50.99999999999987 1
155.5 50.9999999999998 0
155.5 49.9999999999998 1
103.5 49.99999999999987 0
103.5 48.99999999999987 1
146.5 48.99999999999982 0
146.5 47.99999999999982 1
59.5 47.99999999999994 0
59.5 46.99999999999994 1
146.5 46.99999999999982 0
146.5 45.99999999999982 1
64.5 45.99999999999993 0
64.5 44.99999999999993 1
165.5 44.99999999999979 0
147.5 29.99999999999981 1
161.5 29.99999999999979 0
161.5 28.99999999999979 1
147.5 28.99999999999981 0
147.5 26.99999999999981 1
161.5 26.99999999999979 0
161.5 27.99999999999979 1
147.5 27.99999999999981 0
147.5 30.99999999999981 1
161.5 30.99999999999979 0
161.5 31.99999999999979 1
147.5 31.99999999999981 0
147.5 32.99999999999982 1
161.5 32.99999999999979 0
161.5 33.99999999999979 1
147.5 33.99999999999982 0
147.5 34.99999999999982 1
161.5 34.99999999999979 0
161.5 35.99999999999979 1
147.5 35.99999999999982 0
147.5 36.99999999999982 1
165.5 36.99999999999979 0
165.5 37.99999999999979 1
147.5 37.99999999999982 0
147.5 38.99999999999982 1
165.5 38.99999999999979 0
165.5 39.99999999999979 1
64.5 39.99999999999993 0
64.5 40.99999999999993 1
165.5 40.99999999999979 0
165.5 41.99999999999979 1
64.5 41.99999999999993 0
64.5 42.99999999999993 1
165.5 42.99999999999979 0
165.5 43.99999999999979 1
64.5 43.99999999999993 0
83.5 49.9999999999999 1
59.5 49.99999999999994 0
59.5 48.99999999999994 1
83.5 48.9999999999999 0
83.5 50.9999999999999 1
13.5 51.00000000000001 0
13.5 52.00000000000001 1
83.5 51.9999999999999 0
83.5 52.9999999999999 1
13.5 53.00000000000001 0
13.5 54.00000000000001 1
83.5 53.9999999999999 0
83.5 58.5 0