49.72580000000001 59.8749 0
69.26760148220859 34.5 1
100 34.5 0
100 31.5 1
75.80891680650313 31.5 0
76.7962 32.68640000000001 1
59.8801 36.76139999999999 0
58.0347 34.7373 0
56.59917574150325 28.5 1
67.12472455396593 28.5 0
62.75262866922449 31.5 1
0 31.5 0
0 28.5 1
55.79718259323609 28.5 0
53.2288363974302 25.5 1
0 25.5 0
0 22.5 1
50.66049020162431 22.5 0
41.27268637330785 16.5 1
53.95816016423517 16.5 0
51.52480894307928 19.5 1
0 19.5 0
0 16.5 1
37.78268620452126 16.5 0
0 1.5 1
100 1.5 0
100 4.5 1
0 4.5 0
0 7.5 1
100 7.5 0
100 10.5 1
0 10.5 0
0 13.5 1
100 13.5 0
100 16.5 1
59.27114652203151 16.5 0
62.23351604339054 19.5 1
100 19.5 0
100 22.5 1
61.41277054923582 22.5 0
59.00597314536952 25.5 1
100 25.5 0
100 28.5 1
73.31241513717521 28.5 0
71.0634 25.7974 1
58.0347 34.7373 0
58.38053278448305 34.5 1
0 34.5 0
0 37.5 1
100 37.5 0
100 40.5 1
0 40.5 0
0 43.5 1
100 43.5 0
100 46.5 1
0 46.5 0
0 49.5 1
100 49.5 0
100 52.5 1
0 52.5 0
0 55.5 1
100 55.5 0
100 58.5 1
0 58.5 0
20.24192742659566 76.5 1
0 76.5 0
0 73.5 1
20.46887441931796 73.5 0
20.4975 73.1216 1
26.9283 73.46350000000001 0
26.92608426157258 73.5 1
61.77140180305132 73.5 0
67.34630000000001 67.61070000000001 0
67.30934060483079 61.5 1
85.89622843273233 61.5 0
86.9537 60.974 1
52.74550000000001 77.9896 0
55.74019514563106 76.5 1
26.74396877438733 76.5 0
33.95829999999999 86.59729999999999 1
31.1857 88.93029999999999 0
31.69708010287184 88.5 1
0 88.5 0
0 91.5 1
33.40984811281757 91.5 0
33.90770000000001 92.0752 1
36.7163 90.18799999999999 0
34.7637336583298 91.5 1
100 91.5 0
100 94.5 1
0 94.5 0
0 97.5 1
100 97.5 0
100 100 1
0 100 0
0 79.5 1
20.01498043387335 79.5 0
19.9549 80.29419999999999 1
26.4958 80.5881 0
26.56185328720209 79.5 1
53.59451884767167 79.5 0
54.1699 80.52359999999999 1
88.15450000000001 63.5034 0
87.20341171028701 61.5 1
100 61.5 0
100 64.5 1
86.1645673106074 64.5 0
80.17440268269468 67.5 1
100 67.5 0
100 70.5 1
74.18423805478196 70.5 0
68.19407342686924 73.5 1
100 73.5 0
100 76.5 1
62.20390879895653 76.5 0
56.21374417104381 79.5 1
100 79.5 0
100 82.5 1
0 82.5 0
0 85.5 1
100 85.5 0
100 88.5 1
35.41975503662239 88.5 0
49.6896 67.60059999999999 1
67.34630000000001 67.61070000000001 0
67.34563045231394 67.5 1
73.83381511789182 67.5 0
79.86502177531207 64.5 1
67.32748552857237 64.5 0
67.80260846047156 70.5 1
0 70.5 0
0 67.5 1
49.69007137735092 67.5 0
49.70412835600658 64.5 1
0 64.5 0
0 61.5 1
49.71818533466224 61.5 0
49.72580000000001 59.8749 0