48.25109999999999 47.24930000000001 0
49.5 46.88579439031651 1
49.5 41.24596961195904 0
55.5 46.68513255028789 1
55.5 30.11310668418128 0
58.5 33.53022384681454 1
58.5 45.53974683564402 0
64.24209999999999 40.0707 1
71.012 6.95323 0
70.5 7.352353030236872 1
70.5 0 0
67.5 0 1
67.5 9.690964535531055 0
66.4315 10.5239 1
64.964 16.1609 1
62.5095 19.7422 0
61.5 19.44433263262137 1
61.5 0 0
64.5 0 1
64.5 16.83791087797922 0
58.5 18.5591398618082 1
58.5 0 0
55.5 0 1
55.5 22.12314335260115 0
55.7988 20.3954 1
54.3456 28.7982 1
64.24209999999999 40.0707 0
64.5 38.8090867541618 1
64.5 43.24897540635629 0
61.5 44.39436112100016 1
61.5 36.94734100944778 0
52.5 37.43324155451799 1
52.5 46.01261252703641 0
48.25109999999999 47.24930000000001 0
48.25109999999999 47.24930000000001 1
53.0485 54.2482 0
55.5 56.20999866705107 1
55.5 100 0
58.5 100 1
58.5 58.61073128020757 0
58.9452 58.967 0
61.5 59.5851373454001 1
61.5 100 0
64.5 100 1
64.5 60.31099143816678 0
66.3595 60.76090000000001 0
67.5 60.44872883832404 1
67.5 100 0
70.5 100 1
70.5 59.6275859316797 0
73.28569999999999 58.8651 1
65.88890000000001 42.7187 0
67.5 46.23555391520658 1
67.5 24.13347707011919 0
70.5 9.457867386076593 1
70.5 52.78422361020982 0
79.5 60.66895395331443 1
79.5 0 0
76.5 0 1
76.5 63.52455261754247 0
78.255 64.0043 1
79.34729999999999 60.63330000000001 0
76.2302 63.4508 1
74.33170000000001 68.75620000000001 0
88.5 88.04794335198341 1
88.5 0 0
91.5 0 1
91.5 83.07642491139239 0
90.96780000000001 82.86349999999999 1
87.78639999999999 89.5471 0
88.5 90.25523223409195 1
88.5 90.1092477894737 0
88.54640000000001 90.14580000000001 1
87.68520000000001 92.17689999999999 1
87.68520000000001 95.76897922278724 1
86.9777 96.75470000000001 0
88.31049836053592 92.32532639825877 1
87.68520000000001 93.19652015930089 0
82.5 100 1
82.5 68.98919763851043 0
82.898 69.02860000000001 1
84.43109999999999 64.9033 0
82.5 61.90210425798369 1
82.5 64.41297923444975 0
82.23660000000001 64.34610000000001 1
82.55600000000001 61.38249999999999 0
82.5 61.36942454888272 1
82.5 0 0
85.5 0 1
85.5 100 0
86.9777 98.34428946600445 1
87.86442202547354 98.65530000000001 0
94.04706349638892 98.65530000000001 1
94.80520000000001 97.00415694179708 0
94.80520000000001 98.65530000000001 1
86.9777 98.65530000000001 1
86.9777 100 1
94.80520000000001 100 1
94.80520000000001 93.40940000000001 0
94.5 93.28981895674301 1
94.5 87.79056963974995 0
92.6044 92.5471 1
95.70779999999999 84.75989999999999 0
94.5 84.27667807594938 1
94.5 0 0
97.5 0 1
97.5 100 0
100 100 1
100 0 0
73.5 0 1
73.5 100 0
76.5 100 1
76.5 69.44947190220751 0
80.3158 70.6695 1
80.696 68.81059999999999 0
80.3158 70.6695 0
79.5 70.40866376063235 1
79.5 100 0
46.5 100 1
46.5 45.05869766940009 0
45.23609999999999 46.66500000000001 1
52.8822 36.94750000000001 0
52.5 36.72232501221299 1
52.5 0 0
49.5 0 1
49.5 35.14249983172951 0
49.607 35.0179 1
42.00020000000001 43.8759 0
46.5 38.6359530577904 1
46.5 0 0
43.5 0 1
43.5 42.1294062838513 0
19.5 51.3429274787356 1
19.5 43.38643060617603 0
16.6318 44.7539 1
20.0693 33.7587 0
19.5 35.57966505018182 1
19.5 0 0
22.5 0 1
22.5 35.04316426717253 0
21.7649 33.15470000000001 1
24.7697 40.874 0
22.5 41.95612303296919 1
22.5 55.70381682478143 0
25.5 60.06470617082724 1
25.5 0 0
28.5 0 1
28.5 64.42559551687305 0
32.05929999999999 69.59950000000001 1
19.4208 51.2278 0
16.5 52.16256742954008 1
16.5 0 0
13.5 0 1
13.5 53.12268188058781 0
10.5 54.08279633163554 1
10.5 0 0
7.5 0 1
7.5 55.04291078268326 0
6.943849999999999 55.2209 0
7.5 56.05368323522227 1
7.5 100 0
4.5 100 1
4.5 0 0
1.5 0 1
1.5 100 0
10.5 100 1
10.5 60.5459060270353 0
6.943849999999999 55.2209 1
21.4767 76.98249999999999 0
19.5 74.02257440247439 1
19.5 100 0
16.5 100 1
16.5 69.53035161066137 0
13.5 65.03812881884832 1
13.5 100 0
22.5 76.26859000623665 1
22.5 100 0
25.5 100 1
25.5 74.17562608432709 0
28.5 72.08266216241756 1
28.5 100 0
31.5 100 1
31.5 69.98969824050801 0
32.05929999999999 69.59950000000001 0
31.5 68.78648486291885 1
31.5 0 0
34.5 0 1
34.5 100 0
37.5 100 1
37.5 0 0
40.5 0 1
40.5 100 0
43.5 100 1
43.5 45.16861367471182 0
52.5 53.44799642097803 1
52.5 100 0
49.5 100 1
49.5 49.07131321757619 0
48.25109999999999 47.24930000000001 0