45.84269999999999 54.1267 0
35.53413777599552 46.5 1
100 46.5 0
100 49.5 1
39.58906148769434 49.5 0
43.64398519939317 52.5 1
100 52.5 0
100 55.5 1
45.6573773541114 55.5 0
45.4764 56.8411 1
30.2563 52.59650000000001 0
30.27379074126572 52.5 1
0 52.5 0
0 55.5 1
40.66754260236536 55.5 0
53.03802913254221 73.5 1
0 73.5 0
0 76.5 1
51.98454425873308 76.5 0
51.93640000000001 76.6371 1
56.3047 78.11089999999999 0
56.90485347644065 76.5 1
100 76.5 0
100 79.5 1
0 79.5 0
0 82.5 1
100 82.5 0
100 85.5 1
0 85.5 0
0 88.5 1
100 88.5 0
100 91.5 1
0 91.5 0
0 94.5 1
100 94.5 0
100 97.5 1
0 97.5 0
0 100 1
100 100 0
96.552578026177 42.5988 1
100 37.69296729955045 0
100 32.4751627177651 1
92.885927475963 42.5988 0
89.219276925749 42.5988 1
100 27.25735813597975 0
100 22.03955355419441 1
85.552626375535 42.5988 0
81.885975825321 42.5988 1
100 16.82174897240906 0
97.66784729278197 14.9227 1
78.219325275107 42.5988 0
76.386 42.5988 1
70.27930000000001 38.5977 0
71.01566544287223 37.5 1
36.309406962377 37.5 0
36.35590000000001 37.6061 1
19.5355 45.7848 0
18.53693935968546 43.5 1
0 43.5 0
0 40.5 1
17.22580406515481 40.5 0
15.91466877062417 37.5 1
0 37.5 0
0 34.5 1
14.60353347609352 34.5 0
13.29239818156287 31.5 1
0 31.5 0
0 28.5 1
12.48438807034585 28.5 0
12.0657 28.6932 1
29.0217 20.869 0
29.28105529597174 20.869 1
37.19448594783908 22.78794542393625 0
34.6177 19.5945 1
67.8442 25.8075 1
56.7394 35.8918 1
48.3133 34.57989999999999 1
35.02981865735403 34.57989999999999 0
33.53144489007938 31.16051798420381 1
47.63244125856417 34.57989999999999 0
46.31140000000001 32.3456 0
46.61575842976134 31.24641846815278 1
32.01791801396712 27.70655563273009 0
30.50439113785485 24.25259328125637 1
47.41673756681271 28.35370583478776 0
47.5476 27.8811 1
43.9256 25.4871 1
38.26479999999999 24.1144 1
35.64609198876082 20.869 1
29.0217 20.869 0
25.48712317425424 22.5 1
0 22.5 0
0 25.5 1
18.98575562230004 25.5 0
0 1.5 1
100 1.5 0
100 4.5 1
0 4.5 0
0 7.5 1
100 7.5 0
100 10.5 1
0 10.5 0
0 13.5 1
100 13.5 0
100 14.9227 1
100 42.5988 0
100 43.5 1
24.23444358761172 43.5 0
0 58.5 1
100 58.5 0
100 61.5 1
0 61.5 0
0 64.5 1
100 64.5 0
100 67.5 1
0 67.5 0
0 70.5 1
54.09151400635133 70.5 0
54.4576 69.45750000000001 1
59.0278 70.80170000000001 0
58.02252709325234 73.5 1
100 73.5 0
100 70.5 1
58.00203795566136 70.5 0
71.9074 21.4147 0
73.3792 18.8422 1
76.6448 20.2179 0
74.94066811077997 19.5 1
83.09052922323124 19.5 0
86.1611 14.9227 0
88.32657501770197 16.5 1
94.72612329897981 16.5 0
92.61796622290967 19.5 1
92.44527472803347 19.5 0
92.55950000000001 19.5832 1
86.1611 14.9227 0
85.10300651995777 16.5 1
0 16.5 0
0 19.5 1
73.00285401749272 19.5 0
71.9074 21.4147 1
74.8537 22.5854 0
74.91830821119325 22.5 1
81.07805192650474 22.5 0
79.06557462977824 25.5 1
66.1997208836311 25.5 0
50.15602218734911 22.5 1
74.63877387033398 22.5 0
77.05309733305174 28.5 1
64.87922731969496 28.5 0
61.57563658955009 31.5 1
75.04062003632524 31.5 0
73.02814273959874 34.5 1
58.27204585940521 34.5 0
73.18269541875983 40.5 1
30.40427497890863 40.5 0
31.36129797022237 46.5 1
0 46.5 0
0 49.5 1
30.81754435574405 49.5 0
31.8547 43.7778 1
45.84269999999999 54.1267 0
45.84269999999999 54.1267 0