12.5714 5.15829
0.178351 5.57239
3.13709 10.2762

25.4611 75.1732
18.7035 69.9621
13.8248 63.9476
5.60638 73.2787
10.0534 82.1908
14.7726 86.2733

39.5031 41.4049
19.5279 45.3833
21.1204 55.5436
37.2557 52.5838

42.6607 18.8879
30.1582 11.6929
30.8867 10.1369
27.0585 7.08613
23.4737 14.19
22.9037 21.8911
25.3667 27.9765
28.9106 32.3657
33.1255 35.8751
35.5862 30.9748
34.9386 30.5791
39.6243 22.5469
40.5957 23.1405

38.4793 83.8101
34.5244 80.981
30.7029 89.2652
34.845 91.1759

53.0928 87.7148
47.3681 81.7593
41.3447 77.404
36.5085 82.2878
42.9122 86.9828
48.5967 92.7183

49.6537 43.1642
49.0167 35.127
41.2223 36.363
41.8594 44.4001

65.6462 16.8533
55.451 11.164
51.2442 10.1526
48.8268 17.4455
56.6006 20.2786
63.2441 24.0256

76.5962 53.8419
71.8392 41.4213
66.7936 43.6307
72.5106 55.4783

78.3566 14.0438
78.1636 6.04113
71.0908 5.99581
70.6729 14.0312

99.4516 42.6008
93.5503 29.7273
92.2122 30.499
93.0393 32.2317
82.0155 39.2225
80.6986 37.8565
78.7961 39.1636
87.5566 50.2734

98.0503 55.9775
90.477 51.6945
81.3323 67.8925
89.0327 72.3595