48.88549999999999 51.2462 0
50.5 51.06242502339728 1
50.5 63.59014267596703 0
23.5 66.38286945223354 1
23.5 100 0
26.5 100 1
26.5 63.37537340847886 0
29.5 60.36787736472418 1
29.5 100 0
32.5 100 1
32.5 77.99867751218167 0
30.4098 75.5154 1
34.7606 80.68440000000001 0
35.5 79.94721600470561 1
35.5 100 0
37.75607371195495 98.9196 1
35.884 97.20571456484657 0
42.19882457065165 98.9196 1
35.884 93.13837152161551 0
35.884 91.10470000000001 1
45.62820000000001 78.52770000000001 0
44.5 79.98388638779991 1
44.5 38.63978884378157 0
41.5 36.22471932431962 1
41.5 83.85603597422056 0
38.5 87.72818556064121 1
38.5 33.80964980485766 0
23.5 41.95578599703117 1
23.5 0 0
26.5 0 1
26.5 52.08651489032198 0
25.1801 52.127 1
23.3612 41.1155 0
20.5 41.18245300435117 1
20.5 0 0
17.5 0 1
17.5 41.25265397354366 0
16.4895 41.27630000000001 1
17.143 54.3372 0
17.5 54.32625804035781 1
17.5 71.01995813163325 0
14.5 68.58724506844285 1
14.5 0 0
11.5 0 1
11.5 66.15453200525243 0
8.5 63.72181894206203 1
8.5 0 0
5.5 0 1
5.5 66.01688102192983 0
7.28627 62.7376 1
1.13438 74.03139999999999 0
2.5 71.52435921155939 1
2.5 0 0
0 0 1
0 100 0
8.5 100 1
8.5 77.93992508356604 0
5.5 76.34799185178133 1
5.5 100 0
2.5 100 1
2.5 74.75605861999662 0
11.5 79.53185831535077 1
11.5 100 0
14.5 100 1
14.5 91.35619392081813 0
14.1423 91.34630000000001 1
16.3236 84.0198 0
17.5 84.2601078407468 1
17.5 73.44609187478702 0
18.641 71.9452 1
12.4787 80.05119999999999 0
14.5 77.39234570858284 1
14.5 90.14486551139228 0
14.1423 91.34630000000001 0
20.5 91.52215289456373 1
20.5 100 0
17.5 100 1
17.5 91.43917340769093 0
20.8307 91.53129999999999 1
22.0654 85.1927 0
20.5 84.87292960395695 1
20.5 54.23430879966715 0
21.4693 54.2046 1
22.9675 66.91669999999999 1
30.1713 59.6949 1
29.5064 51.9943 0
29.5 51.99449630631256 1
29.5 0 0
32.5 0 1
32.5 73.69475801480402 0
33.8115 72.57980000000001 1
38.3308 77.1249 0
35.5 74.27793939105615 1
35.5 0 0
38.5 0 1
38.5 31.81491144899135 0
37.6022 33.0869 1
41.9397 26.9416 0
41.5 27.56455986397695 1
41.5 0 0
44.5 0 1
44.5 28.73729927236811 0
47.5 30.841387784302 1
47.5 0 0
50.5 0 1
50.5 32.94547629623588 0
52.9755 34.68170000000001 1
56.0736 30.6775 0
56.5 31.04587371447035 1
56.5 0 0
53.5 0 1
53.5 34.00379970627158 0
56.0736 30.6775 0
59.5 33.63762123654126 1
59.5 0 0
62.5 0 1
62.5 36.22936875861217 0
65.5 38.82111628068309 1
65.5 0 0
68.5 0 1
68.5 55.56422830277386 0
77.5 48.4396782901087 1
77.5 20.097766931528 0
76.99940000000001 19.3944 0
77.5 18.74673286174396 1
77.5 0 0
80.5 0 1
80.5 14.86538764646604 0
82.06030000000001 12.8467 1
76.99940000000001 19.3944 1
85.41890000000001 31.2242 1
86.71979999999999 29.12 0
86.5 29.47552552848028 1
86.5 47.20035112382867 0
83.5 43.58424400515497 1
83.5 28.52805376566305 0
80.5 24.31291034859552 1
80.5 45.75291309555833 0
83.2534 43.28700000000001 1
87.83150000000001 48.8053 0
86.5 50.10752501537516 1
86.5 100 0
89.5 100 1
89.5 20.52242840861874 0
86.5 20.13910196711685 1
86.5 28.9467466530886 0
83.5 26.58205129033059 1
83.5 24.71630137300957 0
82.69370000000001 25.9465 1
88.48390000000001 17.1122 1
85.45580000000001 15.10143336602528 1
85.45580000000001 0 1
99.93889999999999 0 1
99.93889999999999 30.6489 0
99.93889999999999 5.863838647462124 1
98.90425546918885 0.259945 0
95.85355182306296 0.259945 1
99.93889999999999 22.38721288248738 0
99.93889999999999 30.6489 0
98.5 31.0031670906344 1
98.5 100 0
100 100 1
100 0 1
99.93889999999999 0 0
99.93889999999999 0.259945 1
85.45580000000001 0.259945 0
85.45580000000001 0.9168747669943627 1
88.10218490442747 0.259945 0
83.5 0 1
83.5 13.80271225948066 0
85.45580000000001 9.326786299562219 1
86.97479407566826 16.11009972597343 0
88.48390000000001 15.98486971567638 1
92.19460000000001 32.5556 0
92.5 32.48040841651279 1
92.5 91.32860436640178 0
92.04669999999999 91.44659999999999 1
92.83179999999999 95.67599999999999 0
92.5 93.88856538020633 1
92.5 100 0
95.5 100 1
95.5 94.90443698468124 0
96.38300000000001 94.6491 1
95.55760000000001 90.53270000000001 0
95.5 90.54769348884901 1
95.5 31.7417877535736 0
74.5 51.12644348465908 1
74.5 0 0
71.5 0 1
71.5 53.81320867920945 0
70.614 54.6067 1
71.95679999999999 55.94350477782717 1
71.95679999999999 60.6378 1
70.614 55.67317453349538 1
70.614 54.6067 0
74.5 58.47535010920195 1
74.5 100 0
77.5 100 1
77.5 58.2899356558096 0
82.92769999999999 56.96778947137594 1
81.1018 58.5329 0
79.01931508668454 58.96326637120129 1
82.92769999999999 55.61310788621009 0
82.6283 53.89409999999999 1
82.92769999999999 53.60128274907748 1
82.92769999999999 53.63746267469739 1
82.6283 53.89409999999999 0
83.5 53.04156560578106 1
83.5 100 0
80.5 100 1
80.5 65.89480177124182 0
82.92769999999999 65.43100000000001 1
81.1018 58.5329 1
77.79249999999999 59.21680000000001 1
79.86770000000001 66.01560000000001 0
71.5 60.69817366130559 1
71.5 100 0
54.3599 92.88793165288783 1
49.98102173555729 98.9196 0
46.27380724518576 98.9196 1
54.3599 87.78144388429592 0
55.3747 68.75649999999999 1
52.515 62.88120000000001 0
53.5 64.90489846487395 1
53.5 50.72094163547028 0
65.5 61.21328955429358 1
65.5 100 0
68.5 100 1
68.5 61.09467318826869 0
65.6148 61.476 1
64.45259999999999 58.8164 1
64.1771 55.76949999999999 0
65.5 55.70668246356371 1
65.5 41.33771582366812 0
66.59649999999999 39.7684 1
62.44070000000001 45.7162 0
62.5 45.63132956831416 1
62.5 100 0
59.5 100 1
59.5 43.70314207423603 0
57.8759 43.89655279211166 1
49.18361459954446 44.30402383287803 0
48.88549999999999 51.2462 1
48.88549999999999 46.88019635974304 1
49.081 42.3276 0
47.5 41.05485836324354 1
47.5 64.64564045656309 0
44.63 65.65539999999999 1
47.142 71.78809999999999 0
47.5 71.65627049084748 1
47.5 79.96407503578914 0
50.5 82.2662040599196 1
50.5 70.55155393370339 0
53.5 69.44683737655933 1
53.5 84.56833308405007 0
54.3599 85.22819999999999 1
54.3599 100 1
35.884 100 1
35.884 98.9196 1
54.3599 98.9196 0
53.6882362259288 98.9196 1
54.3599 97.99441942147971 0
56.5 100 1
56.5 50.37945824754328 0
57.4335 50.2732 1
57.8759 45.3982 1
57.8759 42.59136345784086 1
52.19499999999999 38.7025 0
55.5542698643717 41.00209017419442 1
49.99579800795351 41.26265643589201 0
49.27835304884118 42.09785544722088 0
49.081 42.3276 1
49.27835304884118 42.09785544722088 1
48.88549999999999 51.2462 0
48.88549999999999 51.2462 0