12.1027 53.5492
9.76142 50.0864
2.75935 54.9415
5.34568 58.5524

35.2001 47.7394
28.5329 37.309
24.6113 40.5777
15.7794 29.1537
9.85616 34.1313
18.9953 47.4657
22.9841 44.4273
29.7233 52.9618

39.3858 82.5172
32.0838 68.3175
18.5167 74.0356
26.6094 89.1695

52.8564 74.5573
50.0202 69.3055
46.1791 65.4628
41.1009 62.7818
40.3704 78.3665
47.5526 75.2309
48.4781 76.3405

69.7495 91.9238
68.3468 84.0399
59.4022 85.8559
60.2979 93.693

76.9424 76.6939
72.2496 73.5631
70.684 76.6919
71.6041 77.2444
68.8135 83.1429
73.1844 85.7674

93.7365 67.5755
81.1666 62.1653
79.1851 66.801
67.4179 62.6161
64.8132 69.458
78.052 75.7816
79.8551 70.9455
91.0652 74.9077

91.1441 8.09838
89.316 2.70782
84.4054 4.5334
86.4766 10.5227

76.0339 59.4862
75.816 52.9645
72.5603 53.7224
69.929 53.4769
70.6115 59.8286
72.7782 60.2442

82.3624 31.0567
73.9407 25.3335
65.3489 37.161
76.9533 42.7047