59.43340000000001 41.93389999999999 0
59.15456238800827 37.5 1
27.37670861663883 37.5 0
31.2152 40.3399 0
28.6442 44.24299999999999 1
25.726 41.76739999999999 0
25.53648687671151 40.5 1
0 40.5 0
0 43.5 1
27.76836278881887 43.5 0
28.6442 44.24299999999999 0
29.13361943583305 43.5 1
100 43.5 0
100 40.5 1
67.73776625188538 40.5 0
67.8168 39.7895 1
59.1049 36.7103 0
38.9991 71.3544 1
30.8103 74.48419999999999 0
33.38535813790018 73.5 1
0 73.5 0
0 76.5 1
31.37971654574614 76.5 0
32.2898 79.7218 0
32.77142778781227 79.5 1
100 79.5 0
100 76.5 1
39.28578019284741 76.5 0
40.10420000000001 76.12309999999999 1
32.2898 79.7218 0
32.2271466664121 79.5 1
0 79.5 0
0 82.5 1
100 82.5 0
100 85.5 1
0 85.5 0
0 88.5 1
100 88.5 0
100 91.5 1
0 91.5 0
0 94.5 1
100 94.5 0
100 97.5 1
0 97.5 0
0 100 1
100 100 0
67.63980000000001 41.3807 1
59.43340000000001 41.93389999999999 0
59.43340000000001 41.93389999999999 0