59.43340000000001 41.93389999999999 0
59.34322537904893 40.5 1
31.10974098024647 40.5 0
31.2152 40.3399 1
26.4403 36.80719999999999 0
25.92773548958525 37.5 1
0 37.5 0
0 34.5 1
100 34.5 0
100 37.5 1
61.33917754936347 37.5 0
100 1.5 1
0 1.5 0
0 4.5 1
100 4.5 0
100 7.5 1
0 7.5 0
0 10.5 1
100 10.5 0
100 13.5 1
0 13.5 0
0 16.5 1
100 16.5 0
100 19.5 1
0 19.5 0
0 22.5 1
100 22.5 0
100 25.5 1
0 25.5 0
0 28.5 1
100 28.5 0
100 31.5 1
0 31.5 0
0 46.5 1
100 46.5 0
100 49.5 1
0 49.5 0
0 52.5 1
100 52.5 0
100 55.5 1
0 55.5 0
0 58.5 1
100 58.5 0
100 61.5 1
0 61.5 0
0 64.5 1
100 64.5 0
100 67.5 1
0 67.5 0
0 70.5 1
100 70.5 0
100 73.5 1
39.49632200180342 73.5 0
59.43340000000001 41.93389999999999 0