59.4791 69.77369999999999 0
59.4791 69.77369999999999 1
60.7681 77.1627 0
62.5 76.88905293086751 1
62.5 82.30457522535622 0
59.5 82.08474387903459 1
59.5 69.89350612878201 0
22.0613 64.80160000000001 1
18.924 60.9834 0
20.5 59.52731904839803 1
20.5 49.89239803494441 0
22.6458 46.7573 1
20.4423 49.97669999999999 0
17.5 48.07176555755645 1
17.5 84.56241743975298 0
20.5 82.07869588507754 1
20.5 62.90144519810028 0
22.0613 64.80160000000001 0
23.5 63.54858487543427 1
23.5 85.02017615715621 0
20.8417 81.79580000000001 1
23.5142 85.03739999999999 0
23.5 85.04917274022662 1
23.5 100 0
20.5 100 1
20.5 87.53637137965111 0
17.5 90.02357001907563 1
17.5 100 0
26.5 100 1
26.5 60.93577791519435 0
28.7967 58.9355 1
25.8636 55.56789999999999 0
23.5 57.31766708041015 1
23.5 40.82517897212853 0
26.5 56.29857424908799 1
26.5 41.92574705308006 0
27.2901 42.21559999999999 1
29.4919 35.86539999999999 0
32.5 27.27501899685397 1
32.5 80.68725084290477 0
33.1785 80.4451 1
34.63930000000001 87.0797 0
32.5 87.31740936933386 1
32.5 100 0
29.5 100 1
29.5 87.1196554736245 0
29.5653 87.64349999999999 1
28.8601 81.9863 0
29.5 81.75792516672843 1
29.5 23.53555506712559 0
26.5 19.79609113739721 1
26.5 34.84607431840512 0
24.6063 34.2009 1
22.7837 40.5624 0
23.5 38.06226697574893 1
23.5 16.05662720766883 0
22.2905 14.549 0
11.5 0 1
11.5 100 0
8.5 100 1
8.5 0 0
5.5 0 1
5.5 100 0
2.5 100 1
2.5 0 0
0 0 1
0 100 0
14.5 100 1
14.5 91.92424522949975 0
14.812 92.25210000000001 1
11.9035 89.19579999999999 0
14.5 87.04613899442842 1
14.5 0 0
17.5 0 1
17.5 35.87390873783215 0
15.1149 37.03830000000001 1
17.3549 40.9731 0
17.5 40.88171742930759 1
17.5 46.6678563681497 0
16.8328 47.63979999999999 1
18.9276 44.5882 0
20.5 45.50549676725298 1
20.5 0 0
23.5 0 1
23.5 13.60169119233074 0
22.2905 14.549 1
35.13209999999999 30.5559 0
35.5 30.21709830837681 1
35.5 100 0
38.5 100 1
38.5 27.45437725681505 0
39.5598 26.4784 1
27.2975 10.6274 0
26.5 11.25202073097663 1
26.5 0 0
29.5 0 1
29.5 13.47448639488514 0
32.5 17.35247013366171 1
32.5 0 0
35.5 0 1
35.5 21.23045387243829 0
38.5 25.10843761121486 1
38.5 0 0
41.5 0 1
41.5 100 0
44.5 100 1
44.5 0 0
47.5 0 1
47.5 100 0
50.5 100 1
50.5 0 0
54.3353 5.227093455601198 1
59.84372127308944 0.9122429999999999 0
54.97876381926834 0.9122429999999999 1
54.3353 1.416280366803591 0
53.5 0 1
53.5 95.10295063276575 0
53.32210000000001 95.5652 1
53.32210000000001 100 1
66.78059999999999 100 1
66.78059999999999 90.32990000000001 1
66.79089999999999 82.619 0
65.5 82.52440657167782 1
65.5 76.41504103214501 0
67.273 76.13489999999999 1
65.92959999999999 68.8297 0
59.4791 69.77369999999999 0