59.4791 69.77369999999999 0
80.5 60.67296811533002 1
80.5 25.65782675526427 0
80.87719999999999 25.3441 1
80.87719999999999 0 1
54.3353 0 1
54.3353 0.9122429999999999 1
80.87719999999999 0.9122429999999999 0
79.24351274766295 0.9122429999999999 1
80.87719999999999 3.058042329703874 0
80.87719999999999 8.01049958976968 1
75.47299880373785 0.9122429999999999 0
71.70248485981276 0.9122429999999999 1
80.87719999999999 12.96295684983549 0
80.87719999999999 17.91541410990129 1
67.93197091588766 0.9122429999999999 0
64.16145697196254 0.9122429999999999 1
80.87719999999999 22.8678713699671 0
86.5 22.57633019933909 1
86.5 0 0
83.5 0 1
83.5 33.24843338663256 0
82.02850000000001 38.48309999999999 0
89.5 58.19320274090811 1
89.5 40.78832596422582 0
86.5 39.80478790449537 1
86.5 58.18131487516038 0
85.68870000000001 58.1781 0
83.5 59.23048650221112 1
83.5 38.91804660661185 0
82.02850000000001 38.48309999999999 1
87.65710000000001 18.4601 0
89.5 19.05259655260274 1
89.5 0 0
92.5 0 1
92.5 20.01710339388998 0
95.50649999999999 20.9837 0
95.5 21.01350712624139 1
95.5 100 0
98.5 100 1
98.5 0 0
95.5 0 1
95.5 20.98161023517721 0
95.50649999999999 20.9837 1
91.03569999999999 41.4855 0
92.5 34.77064231457457 1
92.5 58.20509060665584 0
94.49600000000001 58.21299999999999 1
93.6772 63.40430000000001 0
92.5 63.41133312731768 1
92.5 100 0
89.5 100 1
89.5 64.65008919558713 0
84.7816 76.1788 1
86.63239999999999 64.41980000000001 0
86.5 65.26099926518262 1
86.5 100 0
83.5 100 1
83.5 75.99126088134719 0
80.5 75.55226481708496 1
80.5 100 0
77.5 100 1
77.5 75.11326875282276 0
75.48220000000001 74.81800000000001 0
74.5 74.480038999123 1
74.5 100 0
66.78059999999999 91.82991640480677 1
56.09366734750317 91.87989789355322 0
55.84500204250949 94.88109368065969 1
66.78059999999999 94.82994921442031 0
66.78059999999999 97.82998202403385 1
53.32210000000001 97.89292579734723 0
55.79470000000001 95.48820000000001 1
53.32210000000001 95.5652 1
58.5373 82.01419999999999 0
56.5 87.30785169121032 1
56.5 10.09699316045983 0
54.3353 7.1325 1
72.6377 32.19710000000001 0
71.5 30.63905321815718 1
71.5 69.93852454997631 0
73.01859999999999 66.75700000000001 0
74.5 65.15594433775632 1
74.5 30.64817811153589 0
77.5 28.15300243340008 1
77.5 62.11544972844894 0
77.1636 62.27719999999999 1
73.01859999999999 66.75700000000001 1
71.32980000000001 70.29509999999999 1
71.83340000000001 73.5625 0
71.5 71.39937220015887 1
71.5 100 0
68.5 100 1
68.5 26.53064120661771 0
65.5 22.42222919507824 1
65.5 68.89256991706068 0
62.5 69.33160565072475 1
62.5 18.31381718353877 0
59.5 14.2054051719993 1
59.5 69.7706413843888 0
59.4791 69.77369999999999 0