21.5849 25.9981
12.9455 14.7126
1.87289 22.9587
10.0699 34.3098

18.9902 10.5174
9.67427 9.60194
8.70466 11.0849
15.8495 16.2712
18.7759 13.0283

18.1968 54.1041
10.0682 44.3135
7.17449 46.7946
15.4058 56.3866

26.4944 91.8517
22.7453 86.337
9.7393 94.3537
13.4883 99.8684
19.4362 96.3263
20.2603 97.3849
25.8267 93.5276
25.3792 92.5159

27.3095 64.9546
26.5302 59.2274
18.8919 60.2266
19.7911 65.9476

40.551 14.8525
33.9206 13.3581
32.1498 19.596
38.3767 20.9343

50.1353 71.1449
48.4148 64.1278
38.3265 67.2581
32.9001 67.3061
35.5704 74.8906

48.1892 22.3137
41.4574 19.704
39.477 25.221
46.4597 27.7353

84.3722 52.4112
72.3305 48.6114
68.7485 49.6392
67.7405 53.9231
82.4696 58.7401

73.3989 6.91582
71.8198 3.57338
67.8873 5.04354
69.3484 8.36418

96.9254 80.1971
92.7727 74.6557
82.2331 81.7823
84.5461 85.6697
76.5397 91.9114
80.237 97.646
90.0775 91.4799
87.8457 87.3367

98.7573 47.2037
91.1262 42.6615
84.4127 62.6052
92.9701 65.0721