47.66240000000001 54.7877 0
56.5 59.63005322402117 1
56.5 0 0
57.73650000000001 1.16642 1
57.73650000000001 0 1
75.0599 0 1
75.0599 5.32368 1
72.15090000000001 14.2533 0
74.5 7.042378603643863 1
74.5 17.93103752913753 0
72.46950000000001 20.1166 1
79.119 12.9593 0
77.5 14.70193759681179 1
77.5 0 0
80.5 0 1
80.5 14.17415803852018 0
83.5 16.81324139518964 1
83.5 0 0
86.5 0 1
86.5 26.87976222802608 0
83.5 26.69345518223235 1
83.5 19.27843665097267 0
80.5 20.25259629183547 1
80.5 37.9896678718893 0
74.12479999999999 39.5222 0
50.5 44.2625880986115 1
50.5 66.34522516296173 0
39.3732 53.27760000000001 0
41.5 45.30105365632782 1
41.5 0 0
44.5 0 1
44.5 34.04957771546995 0
45.1153 31.7419 1
39.3732 53.27760000000001 0
41.5 53.66505363605656 1
41.5 81.03892922147375 0
41.5565 81.03999999999999 1
41.4238 88.46809999999999 0
35.5 88.23974197400335 1
35.5 100 0
38.5 100 1
38.5 88.35538971329063 0
41.4238 88.46809999999999 0
53.5 81.99689070729909 1
53.5 100 0
56.5 100 1
56.5 84.50635106003853 0
59.5 87.01581141277794 1
59.5 100 0
62.5 100 1
62.5 87.60241909745963 0
61.5629 88.7414 1
67.26679999999999 81.80869999999999 0
71.75700000000001 84.03360000000001 1
71.75700000000001 92.30690000000001 0
71.75700000000001 91.43141594550002 1
71.93828095605912 92.30690000000001 0
71.75700000000001 93.80690000000001 1
85.2276 93.80690000000001 0
85.2276 96.80690000000001 1
71.75700000000001 96.80690000000001 0
73.4701 92.30690000000001 1
85.2276 91.65979999999999 1
85.2276 92.30690000000001 1
73.4701 92.30690000000001 0
65.5 83.9561244569505 1
65.5 100 0
68.5 100 1
68.5 40.52757332620351 0
71.5 39.99135515335993 1
71.5 100 0
71.75700000000001 99.80690000000001 1
85.2276 99.80690000000001 0
86.5 100 1
86.5 49.67523224803215 0
89.5 49.81210129630649 1
89.5 100 0
92.5 100 1
92.5 0 0
95.5 0 1
95.5 100 0
98.5 100 1
98.5 0 0
89.5 0 1
89.5 27.06606927381981 0
92.0318 27.2233 1
90.05889999999999 49.83759999999999 0
83.5 49.5383631997578 1
83.5 82.18707043578206 0
80.5 82.65880582645343 1
80.5 49.40149415148346 0
79.15870000000001 49.3403 1
81.84700000000001 26.5908 0
77.5 26.72081624987029 1
77.5 83.13054121712477 0
74.5 83.60227660779614 1
74.5 38.09914975614818 0
74.12479999999999 39.5222 1
77.9796 24.9018 1
77.9796 21.07102027811234 1
74.5872 22.1726 1
77.9796 21.93428839461883 0
77.9796 23.43798499692674 1
72.46950000000001 23.82506222154964 0
72.57911305626158 22.31366544726662 1
72.46950000000001 22.20724600935105 0
71.5 25.35698331512434 1
71.5 14.05603454607892 0
68.5 13.14683749313187 1
68.5 25.56772934039951 0
32.77200000000001 12.97491488165442 1
29.36700492490039 5.49497 0
27.7189 5.49497 1
16.3757 5.49497 0
16.3757 4.499999999999998 1
32.77200000000001 4.499999999999998 0
32.66321477470117 5.49497 1
32.77200000000001 5.733944644963263 0
47.5 32.35379885641056 1
47.5 0 0
50.5 0 1
50.5 33.12357978031366 0
53.30880000000001 33.8443 1
47.66240000000001 54.7877 0
47.66240000000001 54.7877 0