47.66240000000001 54.7877 0
44.5 54.21158406118805 1
44.5 100 0
41.5 100 1
41.5 84.20268010550112 0
41.5565 81.03999999999999 0
38.5 80.98207372450415 1
38.5 0 0
35.5 0 1
35.5 82.14869558296948 0
36.2272 80.93899999999999 1
36.2272 82.07669292166239 1
36.45740000000001 82.0539 1
36.2272 80.93899999999999 0
32.5 82.44573626492942 1
32.5 16.70077898377318 0
32.77200000000001 16.5954 1
32.77200000000001 0 0
32.77200000000001 1.5 1
16.3757 1.5 0
11.5 0 1
11.5 100 0
8.5 100 1
8.5 0 0
5.5 0 1
5.5 100 0
2.5 100 1
2.5 0 0
0 0 1
0 100 0
20.5 100 1
20.5 20.11691913701807 0
17.5 12.98405843070325 1
17.5 100 0
14.5 100 1
14.5 0 0
16.3757 0 1
16.3757 10.3109 0
16.3757 8.681306350908024 1
23.88063684410278 5.49497 0
16.3757 10.3109 1
20.9459 21.1771 0
23.5 20.18758359391516 1
23.5 100 0
26.5 100 1
26.5 19.02531539053449 0
29.5 17.86304718715384 1
29.5 100 0
32.5 100 1
32.5 88.1240942347161 0
31.7764 88.09620000000001 1
32.12869999999999 82.48249999999999 0
49.41930000000001 69.8244 1
53.0091 58.2675 0
53.5 58.45910599778624 1
53.5 0 0
57.73650000000001 4.971477722581394 1
58.9563973937086 1.16642 0
65.98401219412196 1.16642 1
75.0599 3.763477146387709 0
75.0599 1.16642 1
57.73650000000001 1.16642 1
57.73650000000001 9.884789999999999 0
59.5 10.41924633429071 1
59.5 78.3202531747381 0
62.3019 77.755 0
62.5 77.9167430300711 1
62.5 11.32844338723776 0
65.5 12.23764044018482 1
65.5 80.36615792261676 0
55.1896 71.8253 1
58.3394 60.348 0
56.5 67.0504400342879 1
56.5 78.92547089279165 0
53.5 79.5306886108452 1
53.5 71.2394170060482 0
50.5 70.19914180371904 1
50.5 100 0
47.5 100 1
47.5 54.75811448631954 0
47.66240000000001 54.7877 0