51.0951 46.32259999999999 0
54.96178002784269 46.5 1
0 46.5 0
0 49.5 1
100 49.5 0
100 52.5 1
0 52.5 0
0 55.5 1
100 55.5 0
100 58.5 1
0 58.5 0
8.639145579234629 25.5 1
0 25.5 0
0 28.5 1
15.2175047299429 28.5 0
21.2742 31.2621 1
7.373250000000001 24.9227 0
9.559225522733151 19.5 1
0 19.5 0
0 22.5 1
8.349878413691631 22.5 0
0 31.5 1
100 31.5 0
100 34.5 1
0 34.5 0
0 37.5 1
38.21871268057785 37.5 0
38.9011 36.4278 1
51.6016 41.9509 0
52.4722957993506 40.5 1
48.26522089225254 40.5 0
53.94880000000001 38.03959999999999 1
64.57859999999999 43.24039999999999 0
58.97755709890787 40.5 1
100 40.5 0
100 37.5 1
41.36664943781572 37.5 0
43.00620164435966 7.5 1
100 7.5 0
100 10.5 1
39.94549612088295 10.5 0
36.88479059740622 13.5 1
100 13.5 0
100 16.5 1
33.8240850739295 16.5 0
33.3509 16.9638 1
44.7491 5.79167 0
43.49082103981435 4.5 1
100 4.5 0
100 1.5 1
0 1.5 0
0 4.5 1
40.48179898607378 4.5 0
42.285 3.26218 1
28.929 12.4305 0
31.74126636941119 10.5 1
0 10.5 0
0 7.5 1
36.11153267774249 7.5 0
28.929 12.4305 0
29.97221841704719 13.5 1
0 13.5 0
0 16.5 1
32.89849728674476 16.5 0
23.59703986612124 25.5 1
82.77827711629462 25.5 0
81.97572743083003 22.5 1
18.33672910855064 22.5 0
23.7674 25.0774 1
17.5133 22.1092 0
17.9338 20.8352 1
11.6303 18.3593 0
14.53445705400057 19.5 1
81.17317774536548 19.5 0
81.15710000000001 19.4399 1
84.84289999999999 18.2846 0
85.18977150098408 19.5 1
100 19.5 0
100 22.5 1
86.04596246935029 22.5 0
86.90215343771646 25.5 1
100 25.5 0
100 28.5 1
22.38766835254741 28.5 0
37.8702 38.0476 1
51.0951 46.32259999999999 0
51.0951 46.32259999999999 0