51.0951 46.32259999999999 0
51.7026 45.1446 1
61.3753 49.16719999999999 0
62.81686066680165 46.5 1
100 46.5 0
100 43.5 1
64.43829213066073 43.5 0
52.27258551908858 73.5 1
29.22642011959976 73.5 0
29.62313444428878 76.5 1
50.97345076959157 76.5 0
50.349 77.94200000000001 1
54.1507 80.09309999999999 0
53.10249755938823 79.5 1
30.01984876897779 79.5 0
30.81327741835584 85.5 1
53.50637065449297 85.5 0
54.61207472075803 82.5 1
30.41656309366682 82.5 0
29.2208 73.45750000000001 0
27.4068 71.6396 1
22.9137 76.1071 0
25.53573939787353 73.5 1
0 73.5 0
0 76.5 1
23.20536046113101 76.5 0
25.43234285714286 79.5 1
0 79.5 0
0 82.5 1
27.6593252531547 82.5 0
29.88630764916654 85.5 1
0 85.5 0
0 88.5 1
57.91268533513778 88.5 0
53.1444 86.4821 1
65.71600000000001 91.8023 0
65.83546156511892 91.5 1
100 91.5 0
100 100 1
0 100 0
0 97.5 1
100 97.5 0
100 94.5 1
0 94.5 0
0 91.5 1
65.00166695237021 91.5 0
65.71600000000001 91.8023 0
70.80734933316202 88.5 1
67.02098817893545 88.5 0
67.4607 87.38730000000001 1
79.1651 91.27879999999999 0
79.92666672515352 88.5 1
100 88.5 0
100 85.5 1
80.74885622258429 85.5 0
80.9145 84.8956 1
68.32140000000001 79.40710000000001 0
68.2854593125 79.5 1
56.61687734825657 79.5 0
56.6481 79.75620000000001 0
55.49379999999999 80.10769999999999 1
66.65010000000001 83.72710000000001 0
67.12483431250001 82.5 1
62.86773393656406 82.5 0
56.25127252690487 76.5 1
100 76.5 0
100 73.5 1
55.88566770555316 73.5 0
55.52006288420147 70.5 1
100 70.5 0
100 67.5 1
50.31691759776537 67.5 0
51.97329999999999 67.0598 1
43.62139999999999 69.27940000000001 0
42.23725056434672 67.5 1
0 67.5 0
0 70.5 1
53.57172026858561 70.5 0
53.8574 69.84030000000001 0
55.5157 70.46420000000001 0
68.53455459415142 79.5 1
100 79.5 0
100 82.5 1
75.4179107023777 82.5 0
50.26585310492506 64.5 1
100 64.5 0
100 61.5 1
48.2647824411135 61.5 0
48.2353 61.4558 1
40.84399999999999 65.7089 0
42.94490112388611 64.5 1
0 64.5 0
0 61.5 1
48.15848650866427 61.5 0
41.78956492567976 40.5 1
0 40.5 0
0 43.5 1
46.58409060543806 43.5 0
51.0951 46.32259999999999 0