54.28700000000001 55.5692 0
54.28700000000001 55.5692 1
52.19750000000001 58.2308 0
53.5 59.12615311302297 1
53.5 100 0
56.5 100 1
56.5 59.87959616226927 0
55.9286 60.79559999999999 1
57.8464 57.7212 0
56.5 56.90717156824184 1
56.5 31.6934938219569 0
54.1837 28.1534 1
60.2811 37.4723 0
59.5 36.27851366648079 1
59.5 100 0
62.5 100 1
62.5 36.18672024837718 0
68.5 38.92363934917815 1
68.5 15.42731834363259 0
68.68610000000001 15.422 1
68.97380000000001 9.971250000000001 0
68.5 9.889435089415961 1
68.5 0 0
65.5 0 1
65.5 7.093340062018878 0
63.2576 6.80578 1
63.2576 15.38306074114663 1
65.6343 18.7663 1
65.6343 15.50921397688312 0
64.13399171181834 15.55208960843271 1
64.2095262231918 16.73813044697172 0
65.6343 18.7663 0
65.5 18.8451924990908 1
65.5 33.88693786355796 0
62.5 29.62452187592934 1
62.5 20.60749702085101 0
56.5 26.52610879738911 1
56.5 18.7655254840673 0
59.5 19.76253022257966 1
59.5 25.36210588830072 0
59.0556 24.7307 1
65.7808 34.2859 0
65.5 34.44858907758605 1
65.5 57.93381059825229 0
65.1763 58.0545 1
67.202 64.67420000000001 0
65.9777 65.22290000000001 1
68.40020000000001 71.547 0
65.9777 65.22290000000001 0
65.5 59.11230564249395 1
65.5 100 0
68.5 100 1
68.5 71.52922438486962 0
69.86920000000001 72.5941 0
71.5 71.98606701770109 1
71.5 100 0
74.5 100 1
74.5 70.86753688102172 0
76.1174 70.2645 1
71.42449999999999 55.72490000000001 0
68.5 56.81528046157294 1
68.5 51.33285812588069 0
67.92099999999999 51.31 1
66.05609999999999 48.0913 0
46.4723 57.3973 1
44.211 70.0872 0
44.5 70.17676867997534 1
44.5 68.46539789501614 0
47.5 71.10654736484045 1
47.5 15.77451126853019 0
44.5 14.77750653001782 1
44.5 56.99857856959129 0
29.5 51.48814026207005 1
29.5 0 0
32.5 0 1
32.5 100 0
29.5 100 1
29.5 53.20742928273786 0
41.5 56.39209664938335 1
41.5 30.79508597202061 0
38.5 32.29243000366891 1
38.5 58.17057574987571 0
39.0856 55.904 1
35.465 69.91759999999999 0
35.5 69.92655439137135 1
35.5 100 0
38.5 100 1
38.5 82.95846242676404 0
38.13760000000001 82.88759999999999 1
40.3325 71.16290000000001 0
38.5 70.69407365177196 1
38.5 80.95173445715068 0
38.13760000000001 82.88759999999999 0
41.5 83.54507191984376 1
41.5 100 0
44.5 100 1
44.5 84.13168141292348 0
45.2038 84.26929999999999 1
48.9147 71.54499999999999 0
47.5 76.39586292004634 1
47.5 100 0
50.5 100 1
50.5 16.77151600704256 0
53.5 17.76852074555493 1
53.5 56.57167867910984 0
54.28700000000001 55.5692 0