54.28700000000001 55.5692 0
30.313 52.2253 1
19.9458 64.7492 0
20.5 64.07970916544485 1
20.5 100 0
17.5 100 1
17.5 62.57342571706276 0
17.1441 63.53299213780585 1
15.71294745044737 60.98367063505522 0
14.6987 62.24119280511702 1
14.4394 61.77930000000001 0
14.5 61.88724718083337 1
14.5 25.18892112823879 0
14.6159 25.1248 1
11.4269 20.9424 0
11.5 21.03827125744748 1
11.5 0 0
14.5 0 1
14.5 24.97279618689245 0
14.6159 25.1248 0
9.070620000000002 28.1927 0
8.5 27.2150208938099 1
8.5 100 0
5.5 100 1
5.5 19.67931528164179 0
6.427210000000001 20.7381 1
0.8953960000000001 14.4213 0
2.5 16.25360357116129 1
2.5 100 0
0 100 1
0 0 0
2.5 0 1
2.5 14.95870475840181 0
5.5 15.9634475330711 1
5.5 0 0
8.5 0 1
8.5 16.96819030774039 0
10.3405 17.5846 0
10.3405 19.51102520459467 1
6.429790000000001 22.66244612790983 0
10.3405 21.53496086818181 1
6.429790000000001 23.668 1
9.070620000000002 28.1927 0
11.5 26.84865697566219 1
11.5 63.80964820589755 0
17.5 56.74040514691157 1
17.5 0 0
20.5 0 1
20.5 53.16242900752439 0
23.5 49.58445286813722 1
23.5 0 0
26.5 0 1
26.5 48.76799362764216 0
25.1846 47.5753 1
14.6987 60.0814 1
17.1441 62.25681844447409 1
17.1441 66.59719999999999 0
14.5 68.42359409522405 1
14.5 100 0
11.5 100 1
11.5 66.59501402795237 0
10.3733 64.58789999999999 1
13.0779 69.4059 0
19.9458 64.7492 0
23.5 60.4556158712092 1
23.5 100 0
26.5 100 1
26.5 56.83152257697353 0
35.5 69.78213184555045 1
35.5 31.74411645193261 0
36.31999999999999 33.3805 1
34.30200000000001 29.3534 0
35.5 28.73399156738704 1
35.5 0 0
38.5 0 1
38.5 27.18288530875694 0
40.53019999999999 26.1332 1
42.5889 30.2516 0
41.5 28.07327107397872 1
41.5 13.78050179150545 0
39.3317 13.0599 0
39.3317 3.759311137228297 1
41.36307863699213 2.26961 0
46.43604718219527 2.26961 1
39.3317 7.479546682336979 0
39.3317 11.19978222744566 1
51.50901572739842 2.26961 0
54.0455 2.26961 1
39.3317 2.26961 0
39.3317 1.5 1
63.2576 1.5 0
63.21114940642205 2.26961 1
63.2576 2.335732553031488 0
63.2576 0 1
63.2576 2.26961 1
63.2576 6.80578 1
63.8152 15.5612 0
63.2576 12.7735951035236 1
55.87862988128441 2.26961 0
59.54488964385324 2.26961 1
63.2576 7.554663828277542 0
63.2576 6.80578 0
71.5 0 1
71.5 39.24383037538871 0
90.55269999999999 22.154 1
89.47559999999999 20.116 0
89.5 20.10247233834892 1
89.5 20.16216767245381 0
91.93459999999999 18.7527 1
90.2294 14.8846 0
89.5 15.00007926205824 1
89.5 0 0
92.5 0 1
92.5 100 0
95.5 100 1
95.5 0 0
98.5 0 1
98.5 100 0
89.5 100 1
89.5 22.59022157534247 0
86.5 23.83337226027398 1
86.5 100 0
83.5 100 1
83.5 22.54711866151866 0
83.934 24.1896 1
82.3023 18.0144 0
83.5 16.3771136692463 1
83.5 17.4501848300149 0
83.77889999999999 17.3188 1
82.59010000000001 13.3049 0
86.5 0 1
86.5 13.6667874790661 0
87.08009999999999 15.3832 1
86.065 12.3797 0
83.5 13.06263706293706 1
83.5 0 0
80.5 0 1
80.5 100 0
77.5 100 1
77.5 0 0
74.5 0 1
74.5 39.56402140159929 0
75.75530000000001 39.69799999999999 1
75.00790000000001 44.15300000000001 0
74.5 44.13817017721519 1
74.5 65.25345159922435 0
71.5 55.95881502056298 1
71.5 51.45129401127289 0
72.179 51.4781 1
72.179 44.07040089451476 1
72.0454 44.0665 1
72.179 51.4781 0
54.28700000000001 55.5692 0