40.7565 31.3949 0
34.5 33.17245455457157 1
34.5 79.83906056302732 0
27.6788 80.07040000000001 1
29.6794 36.97490000000001 1
26.9904 36.73099999999999 1
24.5824 37.41514470828871 0
25.46386895784076 37.16470769706466 1
24.5824 52.96342810879617 0
19.5 24.37094762582918 1
19.5 100 0
22.5 100 1
22.5 34.38288406476033 0
23.1072 36.4093 0
24.5824 35.99017613219787 1
29.6794 34.54205089210338 1
29.6794 36.97490000000001 0
29.6794 36.10141639241839 1
27.34896762566026 36.76352311041225 0
31.5 34.02479430742295 1
31.5 85.15716264305405 0
30.6823 86.60669999999999 1
37.86490000000001 73.8741 0
37.5 74.52095848300058 1
37.5 32.32011480172018 0
40.5 31.46777504886879 1
40.5 75.25354753796697 0
28.5 62.38069461161652 1
28.5 100 0
31.5 100 1
31.5 86.88773121942396 0
34.5 87.91878620080084 1
34.5 100 0
37.5 100 1
37.5 88.94984118217772 0
40.5 89.9808961635546 1
40.5 100 0
43.5 100 1
43.5 88.8097477618588 0
42.8446 90.7867 1
46.88590000000001 78.59649999999999 0
46.5 79.76053092569222 1
46.5 100 0
49.5 100 1
49.5 0 0
46.5 0 1
46.5 78.39448534973948 0
43.5 76.82401644385322 1
43.5 0 0
37.5 21.06491787014879 1
37.5 0 0
40.5 0 1
40.5 30.58125331911351 0
40.7565 31.3949 0