40.7565 31.3949 0
40.7565 31.3949 1
34.98990000000001 13.1026 0
34.5 13.2589874443212 1
34.5 0 0
31.5 0 1
31.5 14.2166570360003 0
28.5 15.17432662767941 1
28.5 0 0
25.5 0 1
25.5 16.13199621935851 0
22.5 17.08966581103761 1
22.5 0 0
1.5 0 1
1.5 100 0
4.5 100 1
4.5 0 0
7.5 0 1
7.5 100 0
10.5 100 1
10.5 0 0
13.5 0 1
13.5 100 0
16.5 100 1
16.5 0 0
19.5 0 1
19.5 18.04733540271672 0
17.7706 18.5994 1
23.1072 36.4093 1
24.5824 35.99017613219787 1
24.5824 79.88999999999999 0
25.5 79.94346048314171 1
25.5 100 0
52.5 100 1
52.5 0 0
55.5 0 1
55.5 100 0
58.5 100 1
58.5 0 0
61.5 0 1
61.5 100 0
64.5 100 1
64.5 0 0
67.5 0 1
67.5 100 0
70.5 100 1
70.5 0 0
73.5 0 1
73.5 100 0
76.5 100 1
76.5 0 0
79.5 0 1
79.5 100 0
82.5 100 1
82.5 0 0
85.5 0 1
85.5 100 0
88.5 100 1
88.5 0 0
91.5 0 1
91.5 100 0
94.5 100 1
94.5 0 0
97.5 0 1
97.5 100 0
100 100 1
100 0 0
40.7565 31.3949 0