26.9374 42.12860000000001 0
100 0 1
100 100 0
97.5 100 1
97.5 0 0
94.5 0 1
94.5 100 0
91.5 100 1
91.5 0 0
88.5 0 1
88.5 100 0
85.5 100 1
85.5 0 0
82.5 0 1
82.5 100 0
79.5 100 1
79.5 0 0
76.5 0 1
76.5 100 0
73.5 100 1
73.5 0 0
70.5 0 1
70.5 100 0
67.5 100 1
67.5 0 0
64.5 0 1
64.5 100 0
61.5 100 1
61.5 0 0
58.5 0 1
58.5 100 0
55.5 100 1
55.5 0 0
52.5 0 1
52.5 100 0
49.5 100 1
49.5 0 0
46.5 0 1
46.5 100 0
43.5 100 1
43.5 0 0
40.5 0 1
40.5 100 0
37.5 100 1
37.5 0 0
34.5 0 1
34.5 100 0
31.5 100 1
31.5 0 0
28.5 0 1
28.5 100 0
25.5 100 1
25.5 42.1307107195301 0
26.9374 42.12860000000001 0