54.6529 57.0736 0
54.6529 57.0736 1
56.64700000000001 60.8184 0
58.5 59.71500822445053 1
58.5 78.73528530623713 0
55.1045 66.30600000000001 1
41.92189999999999 81.6446 0
43.5 83.08425345686075 1
43.5 100 0
46.5 100 1
46.5 85.82106377976947 0
22.5 100 1
22.5 0 0
25.5 0 1
25.5 100 0
28.5 100 1
28.5 0 0
31.5 0 1
31.5 51.30639027691112 0
12.6119 21.8081 1
16.5578 9.20937 1
16.5578 0 1
0.43065 0 1
0.43065 3.497495908790892 0
1.5 3.876235646403208 1
1.5 14.33789727956278 0
0.43065 17.7483 1
4.45243 4.92192 0
4.034525761883796 0 1
16.5578 4.435462289232904 0
13.02042945517292 0 1
16.5578 1.252857148721506 0
19.5 0 1
19.5 100 0
16.5 100 1
16.5 9.393917655541195 0
16.5578 9.20937 0
16.5578 7.618067429744301 1
0.43065 1.906193338535193 0
0.43065 0 1
0 0 1
0 100 0
1.5 100 1
1.5 18.10469586495639 0
4.5 19.10454399220113 1
4.5 100 0
7.5 100 1
7.5 20.10439211944587 0
10.5 21.10424024669061 1
10.5 100 0
13.5 100 1
13.5 18.97251569401151 0
34.5 52.65118400012275 1
34.5 0 0
37.5 0 1
37.5 53.99597772333439 0
40.71980000000001 55.4393 0
40.5 55.91093489575775 1
40.5 100 0
31.5 100 1
31.5 52.36330040772189 0
30.9441 51.05719999999999 1
36.5852 64.31110000000001 0
37.5 62.34817187152325 1
37.5 100 0
34.5 100 1
34.5 59.41187249472621 0
36.5852 64.31110000000001 1
40.71980000000001 55.4393 0
40.5 55.34077144654603 1
40.5 0 0
43.5 0 1
43.5 79.80840344848514 0
46.5 76.31775668684477 1
46.5 0 0
49.5 0 1
49.5 72.82710992520444 0
52.5 69.3364631635641 1
52.5 0 0
53.58329999999999 16.8737 1
55.5254 24.3661 0
55.5 24.2681097008393 1
55.5 56.33356650303277 0
58.5 53.71274193580138 1
58.5 0 0
55.5 0 1
55.5 19.00032468140022 0
54.4158 16.6579 1
57.5153 23.3544 0
67.5 26.30677668988365 1
67.5 0 0
70.5 0 1
70.5 25.19582897645636 0
68.2483 23.6366 1
63.2376 41.5164 0
64.5 37.0117480511705 1
64.5 0 0
61.5 0 1
61.5 51.09191736856998 0
54.6529 57.0736 0