54.6529 57.0736 0
61.5 71.02342435245416 1
61.5 57.92862110807252 0
62.57080000000001 57.291 1
62.7808 49.973 0
67.5 43.9644291593019 1
67.5 100 0
70.5 100 1
70.5 40.04753944286672 0
73.5 31.87784727508932 1
73.5 100 0
76.5 100 1
76.5 41.36302858545554 0
76.3725 41.3729 1
77.39240000000001 34.6046 1
80.8158 29.6036 0
79.5 31.52575803002863 1
79.5 0 0
82.5 0 1
82.5 28.10675916986507 0
85.5 25.44049477703478 1
85.5 0 0
88.5 0 1
88.5 24.22152151021822 0
90.4896 23.5483 0
91.5 23.40635085328525 1
91.5 0 0
94.5 0 1
94.5 22.98488664094931 0
95.2594 22.8782 1
95.21369999999999 27.3879 0
94.79400000000001 41.2337 1
93.61060000000001 27.3783 1
94.79400000000001 27.38538666957769 1
94.79400000000001 41.2337 0
94.5 41.25030505679736 1
94.5 74.26374090774669 0
91.5 72.61925150686221 1
91.5 41.41974441187249 0
90.70050000000001 41.4649 0
88.5 41.31154874811928 1
88.5 70.9747621059777 0
85.5 69.33027270509322 1
85.5 41.55829848771266 0
82.5 41.80504822730605 1
82.5 67.68578330420874 0
80.00569999999999 66.3185 1
76.86859999999999 72.91079999999999 1
78.17939999999999 73.66682276151914 1
78.17939999999999 76.08512777548052 1
79.244 76.60929999999999 1
78.17939999999999 81.018 0
79.5 81.47690349013658 1
79.5 100 0
82.5 100 1
82.5 82.51939210925644 0
85.5 83.56188072837634 1
85.5 100 0
88.5 100 1
88.5 84.6043693474962 0
89.71190000000001 85.02549999999999 0
91.20249999999999 80.62700000000001 1
94.8843 74.4744 0
94.5 75.11659788690315 1
94.5 100 0
100 100 1
100 0 0
97.5 0 1
97.5 100 0
91.5 100 1
91.5 80.12985227334457 0
90.97980000000001 81.01519999999999 1
79.244 76.60929999999999 0
80.93964207767399 77.24588458988939 1
78.17939999999999 75.88683684419459 0
78.17939999999999 73.66682276151914 1
84.673 77.41210000000001 1
78.17939999999999 74.21487591852363 0
76.86859999999999 72.91079999999999 0
79.5 67.38117766727231 1
79.5 41.13076000793866 0
76.3725 41.3729 0
76.5 40.52677954701441 1
76.5 0 0
73.5 0 1
73.5 27.27323135215876 0
75.27780000000001 28.5043 1
72.19880000000001 34.34699999999999 1
69.06489999999999 44.86320000000001 0
64.5 42.24143566317163 1
64.5 72.42659738574474 0
65.1874 72.79179999999999 1
63.5355 77.27449999999999 0
64.5 74.65717198377627 1
64.5 100 0
61.5 100 1
61.5 76.3907385812247 0
59.37569999999999 81.9408 1
51.36109999999999 90.25569999999999 0
49.5 88.5578741026782 1
49.5 100 0
52.5 100 1
52.5 89.07412642053254 0
55.5 85.96171906395827 1
55.5 100 0
58.5 100 1
58.5 82.84931170738403 0
59.37569999999999 81.9408 1
55.1045 66.30600000000001 0
55.5 67.7537344540176 1
55.5 58.66440290858031 0
54.6529 57.0736 0