45.1733 52.721 0
48.9923 55.7831 1
48.25920000000001 57.337 0
50.5 58.63545714331498 1
50.5 41.70321584122702 0
53.5 43.4254493899379 1
53.5 60.37384139445072 0
56.5 62.11222564558646 1
56.5 45.14768293864877 0
29.4858 33.0552 1
29.2905 27.7952 0
19.9379 2.71358 1
12.7464 2.71358 0
16.33587057090625 2.71358 1
19.9379 4.370433397675324 0
19.9379 6.021509999999999 1
8.61816 31.7735 0
8.240099999999991 31.62179100438047 1
8.240099999999991 100 0
5.240099999999993 100 1
5.240099999999993 30.4179424436796 0
2.240099999999992 29.21409388297872 1
2.240099999999992 100 0
0 100 1
0 0 1
1.84264 0 1
1.84264 29.0546 0
1.84264 25.13274850709372 1
11.12296524180568 2.71358 0
7.876095725417043 2.71358 1
1.84264 17.28904552128117 0
1.84264 9.445342535468626 1
4.629226209028404 2.71358 0
1.84264 1.5 1
19.9379 1.5 0
20.24009999999999 0 1
20.24009999999999 78.39467655859733 0
17.24009999999999 79.45061542646587 1
17.24009999999999 12.1589052601385 0
14.24009999999999 18.98379434769705 1
14.24009999999999 80.50655429433439 0
11.24009999999999 81.56249316220294 1
11.24009999999999 25.8086834352556 0
23.2401 28.22819631284666 1
23.2401 0 0
26.2401 0 1
26.2401 28.01350159207779 0
29.2401 27.79880687130892 1
29.2401 0 0
32.2401 0 1
32.2401 100 0
29.2401 100 1
29.2401 33.07494672672672 0
43.6054 55.80501638612351 1
43.6054 9.736750000000001 1
43.9662 7.118779999999999 0
44.2401 7.170465893467336 1
44.2401 0 0
47.2401 0 1
47.2401 7.736576446231155 0
48.94119999999999 8.057580000000002 0
50.2765 8.378416221464938 1
53.09488976324218 3.9372 0
41.2401 0 1
41.2401 64.06176576151125 0
22.6075 77.56139999999999 1
24.8767 92.00299999999999 0
23.2401 81.58738103296312 1
23.2401 33.55716227560895 0
26.2401 33.31605450116784 1
26.2401 100 0
24.8767 100 1
10.4764 100 1
10.4764 81.8313 0
10.4764 86.21353223889449 1
13.27586559328436 93.8981 0
14.8723 93.8981 1
24.8767 93.8981 0
24.8767 93.52967466322414 1
22.93175016134221 93.8981 0
24.8767 95.3981 1
10.4764 95.3981 0
10.4764 98.3981 1
24.8767 98.3981 0
35.2401 100 1
35.2401 0 0
38.2401 0 1
38.2401 100 0
41.2401 100 1
41.2401 68.17581256544503 0
43.4191 73.6062 1
46.9499 78.0059 0
47.2401 78.24899875368661 1
47.2401 100 0
44.2401 100 1
44.2401 74.62924115214682 0
43.4191 73.6062 1
40.9743 67.51339999999999 1
41.5672 59.8141 1
43.6054 55.80501638612351 1
45.1733 52.721 0
45.1733 52.721 0