45.1733 52.721 0
44.5 54.04536267158426 1
44.5 11.42885735017207 0
43.6054 9.736750000000001 1
45.1455 12.6498 0
46.7307 13.7593 1
50.2765 9.264720000000001 0
50.2401 9.231813614917996 1
50.2401 0 0
50.2765 1.5 1
76.78829999999999 1.5 0
73.4113133732854 3.9372 1
76.78829999999999 6.286145937010438 0
76.78829999999999 3.9372 1
50.2765 3.9372 1
50.2765 27.97475554644662 1
48.6974 30.4631 0
47.5 36.84543289673501 1
47.5 12.78415182638615 0
50.2765 13.97737031431685 1
56.64797840231584 3.9372 0
60.20106704138951 3.9372 1
50.2765 19.57632440716876 0
50.2765 25.17527850002067 1
63.75415568046317 3.9372 0
68.15757112442847 3.9372 1
76.78829999999999 9.940515312336814 0
86.5 21.84184360404751 1
86.5 0 0
83.5 0 1
83.5 25.12307545622525 0
82.3914 26.3356 1
88.07390000000001 20.1204 0
89.5 21.26164915961791 1
89.5 0 0
92.5 0 1
92.5 23.66242573829663 0
93.55950000000001 24.5103 1
87.61580000000001 30.9732 0
89.5 33.12049406579457 1
89.5 28.92440948567391 0
92.5 25.66235049884752 1
92.5 80.55632067998599 0
92.59710000000001 80.28020000000001 1
92.31180000000001 81.0915 0
98.5 83.26765880628903 1
98.5 100 0
95.5 100 1
95.5 82.21267085844198 0
92.5 81.15768291059493 1
92.5 100 0
89.5 100 1
89.5 38.35324410240973 0
86.5 52.53704808458723 1
86.5 38.6228776517372 0
85.7988 38.6859 1
85.21000000000001 33.4802 0
86.5 33.37203667712704 1
86.5 29.98272567184748 0
83.5 27.31968302580201 1
83.5 52.36734495323302 0
81.9736 52.28100000000001 1
80.495 65.1369 0
80.5 65.13733028004668 1
80.5 100 0
83.5 100 1
83.5 82.69596446241675 0
85.71430000000001 82.97110000000001 1
86.74199999999999 76.35400000000001 0
86.5 77.91217670526419 1
86.5 100 0
56.2401 100 1
56.2401 70.6925721808183 0
53.6296 76.63499999999999 0
53.2401 77.40492063588252 1
53.2401 100 0
50.2401 100 1
50.2401 80.76208028731804 0
51.15430000000001 81.52789999999999 1
53.6296 76.63499999999999 0
53.2401 75.80003125464467 1
53.2401 76.39541893564356 0
52.9832 76.23740000000001 1
57.69289999999999 68.2192 0
58.66249999999999 68.81569999999999 1
60.7401 64.5692 0
59.2401 67.63511740469772 1
59.2401 100 0
60.7401 100 1
60.7401 64.5692 0
59.5 63.85060989672219 1
59.5 46.02160144722561 0
59.057 46.6156 1
62.0973 42.539 0
62.5 42.73891744401956 1
62.5 100 0
63.5698 98.89694095706281 1
64.6026 98.63630000000001 1
63.5698 92.70480000000001 0
65.5 92.21739965677861 1
65.5 44.22824531106372 0
68.5 45.71757317810788 1
68.5 91.45986104437361 0
71.5 90.70232243196861 1
71.5 56.04545819930451 0
83.5 75.88214791546466 1
83.5 65.39549830805134 0
85.637 65.57939999999999 1
86.89160000000001 52.5592 0
86.5 56.62321268930336 1
86.5 76.31877846870526 0
86.74199999999999 76.35400000000001 0
95.5 80.74363935800844 1
95.5 0 0
98.5 0 1
98.5 81.22258044244995 0
80.495 65.1369 0
80.5 65.09342678209117 1
80.5 0 0
77.5 0 1
77.5 100 0
76.23820000000001 100 1
63.5698 100 0
65.32904540591639 100 1
76.23820000000001 97.24692825895809 0
76.23820000000001 95.69990000000001 1
75.3989 89.71780000000001 0
74.5 89.94478381956361 1
74.5 56.03008110736796 0
74.67189999999999 56.0292 1
74.64570000000001 48.3849 0
74.5 44.96815469056013 1
74.5 48.38525801580124 0
70.51995795147266 48.39503782323411 1
68.78540000000001 47.53392932519034 0
68.78540000000001 48.3993 1
72.97763992229079 48.38899877738666 0
72.9761 47.9397 1
76.03970000000001 41.9658 0
74.5 41.00947171609018 1
74.5 18.26912256307999 0
71.5 22.95617678502953 1
71.5 39.14613155129868 0
68.5 27.64323100697906 1
68.5 37.28279138650717 0
65.5 35.41945122171568 1
65.5 32.3302852289286 0
64.08519999999999 34.5407 1
76.03970000000001 15.86357010123476 1
76.03970000000001 12.93358579565129 0
76.03970000000001 15.70982686195731 1
61.36683148526627 38.56166894422702 0
60.00576654249286 37.90517979314738 1
49.465 32.821 0
49.86187420066304 33.01242628605787 1
48.6974 32.25352765501498 0
49.465 32.821 1
46.30419999999999 39.2945 0
47.5 39.98098229251616 1
47.5 54.58656377847603 0
45.1733 52.721 0