70.5 100.5 0
89.5 100.5 0
89.5 99.99999999999972 1
102.5 99.99999999999955 0
102.5 98.99999999999955 1
89.5 98.99999999999972 0
89.5 96.99999999999972 1
102.5 96.99999999999955 0
102.5 97.99999999999955 1
89.5 97.99999999999972 0
89.5 100.5 0
88.5 105.9999999999997 1
98.5 105.9999999999996 0
98.5 104.9999999999996 1
88.5 104.9999999999997 0
88.5 103.9999999999997 1
98.5 103.9999999999996 0
98.5 103.5 0
102.5 100.9999999999995 1
15.5 101.0000000000006 0
15.5 102.0000000000006 1
102.5 101.9999999999995 0
102.5 102.9999999999995 1
15.5 103.0000000000006 0
15.5 104.0000000000006 1
88.29289321881376 103.9999999999997 0
87.29289321881373 104.9999999999997 1
15.5 105.0000000000006 0
15.5 106.0000000000006 1
86.29289321881373 105.9999999999997 0
85.2928932188137 106.9999999999998 1
15.5 107.0000000000006 0
15.5 108.0000000000006 1
84.2928932188137 107.9999999999998 0
60.5 108.5 0
60.5 109.0000000000001 1
15.5 109.0000000000006 0
15.5 110.0000000000006 1
60.5 110.0000000000001 0
60.5 111.0000000000001 1
15.5 111.0000000000006 0
15.5 112.0000000000006 1
60.5 112.0000000000001 0
60.5 115.0000000000001 1
15.5 115.0000000000006 0
15.5 116.0000000000006 1
60.5 116.0000000000001 0
60.5 114.0000000000001 1
15.5 114.0000000000006 0
15.5 113.0000000000006 1
60.5 113.0000000000001 0
60.5 108.5 0
70.5 98.99999999999994 1
15.5 99.0000000000006 0
15.5 100.0000000000006 1
70.5 99.99999999999994 0
70.5 100.5 0