70.5 100.5 0
70.5 100.5 1
89.5 100.5 1
89.5 96.5 1
102.5 96.5 1
102.5 103.5 1
98.5 103.5 1
98.5 106.5 1
88.5 106.5 1
88.5 103.7928932188135 1
83.79289321881345 108.5 1
60.5 108.5 1
60.5 116.5 1
92.5 116.5 1
92.5 111.5 1
99.5 111.5 1
99.5 115.5 1
107.5 115.5 1
107.5 125.5 1
87.5 125.5 1
87.5 128.5 1
63.5 128.5 1
63.5 125.5 0
63.5 127 1
87.5 126.9999999999997 0
87.5 127.9999999999997 1
63.5 128 0
63.5 126 1
87.5 125.9999999999997 0
87.5 125.5 0
92.5 116.5 0
92.5 114.9999999999997 1
99.5 114.9999999999996 0
99.5 113.9999999999996 1
92.5 113.9999999999997 0
92.5 111.9999999999997 1
99.5 111.9999999999996 0
99.5 112.9999999999996 1
92.5 112.9999999999997 0
92.5 115.9999999999997 1
107.5 115.9999999999995 0
107.5 116.9999999999995 1
15.5 117.0000000000006 0
15.5 118.0000000000006 1
107.5 117.9999999999995 0
107.5 118.9999999999995 1
15.5 119.0000000000006 0
15.5 119.5 1
13.5 119.5 1
13.5 128.5 1
20.5 128.5 1
20.5 132.5 1
40.5 132.5 1
40.5 129.5 0
46.5 129.5 0
46.5 130.0000000000002 1
61.5 130.0000000000001 0
61.5 131.0000000000001 1
46.5 131.0000000000002 0
46.5 132.0000000000002 1
62.21991141228933 132.0000000000001 0
63.10880030117821 133.0000000000001 1
46.5 133.0000000000002 0
46.5 134.0000000000002 1
63.99768919006709 134 0
64.88657807895595 135 1
46.5 135.0000000000002 0
46.5 136.0000000000002 1
65.77546696784484 136 0
68.44213363451146 138.9999999999999 1
46.5 139.0000000000002 0
46.5 142.0000000000002 1
78.5 141.9999999999998 0
78.5 142.9999999999998 1
46.5 143.0000000000002 0
46.5 144.0000000000002 1
78.5 143.9999999999998 0
78.5 144.5 0
84.5 144.9999999999998 1
46.5 145.0000000000002 0
46.5 146.0000000000002 1
84.5 145.9999999999998 0
84.5 146.9999999999998 1
46.5 147.0000000000002 0
57.5 158.5 0
57.5 160.0000000000001 1
81.5 159.9999999999998 0
81.5 160.9999999999998 1
57.5 161.0000000000001 0
57.5 162.0000000000001 1
81.5 161.9999999999998 0
81.5 162.9999999999998 1
57.5 163.0000000000001 0
57.5 164.0000000000001 1
81.5 163.9999999999998 0
81.5 164.9999999999998 1
57.5 165.0000000000001 0
57.5 176.0000000000001 1
65.5 176 0
65.5 175 1
57.5 175.0000000000001 0
57.5 174.0000000000001 1
65.5 174 0
65.5 173 1
57.5 173.0000000000001 0
57.5 172.0000000000001 1
78.5 171.9999999999998 0
78.5 170.9999999999998 1
57.5 171.0000000000001 0
57.5 170.0000000000001 1
78.5 169.9999999999998 0
78.5 168.9999999999998 1
57.5 169.0000000000001 0
57.5 168.0000000000001 1
78.5 167.9999999999998 0
78.5 166.9999999999998 1
57.5 167.0000000000001 0
57.5 166.0000000000001 1
78.5 165.9999999999998 0
78.5 165.5 0
81.5 158.9999999999998 1
57.5 159.0000000000001 0
57.5 158.5 0
46.5 158.0000000000002 1
76.42412444655002 157.9999999999999 0
75.85269587512147 156.9999999999999 1
46.5 157.0000000000002 0
46.5 156.0000000000002 1
75.28126730369289 155.9999999999999 0
74.70983873226433 154.9999999999999 1
46.5 155.0000000000002 0
46.5 154.0000000000002 1
74.13841016083575 153.9999999999999 0
73.56698158940719 152.9999999999999 1
46.5 153.0000000000002 0
46.5 152.0000000000002 1
72.99555301797861 151.9999999999999 0
72.42412444655005 150.9999999999999 1
46.5 151.0000000000002 0
46.5 150.0000000000002 1
74.5 149.9999999999999 0
74.5 148.9999999999999 1
46.5 149.0000000000002 0
46.5 148.0000000000002 1
74.5 147.9999999999999 0
74.5 147.5 0
78.5 140.9999999999998 1
46.5 141.0000000000002 0
46.5 140.0000000000002 1
69.33102252340035 139.9999999999999 0
67.55324474562261 138 1
46.5 138.0000000000002 0
46.5 137.0000000000002 1
66.66435585673372 137 0
65.77546696784484 136 0
63.10880030117821 133.0000000000001 0
61.5 131.1900996611745 0
60.5 128.5 0
61.5 129.0000000000001 1
20.5 129.0000000000006 0
20.5 130.0000000000006 1
40.5 130.0000000000003 0
40.5 132.0000000000003 1
20.5 132.0000000000006 0
20.5 131.0000000000006 1
40.5 131.0000000000003 0
40.5 129.5 1
46.5 129.5 1
46.5 169.5 1
52.5 169.5 1
52.5 158.5 0
52 158.5 1
52 169.5 0
51 169.5 1
51 158.5 0
50 158.5 1
50 169.5 0
49 169.5 1
49 158.5 0
48 158.5 1
48 169.5 0
47 169.5 1
47 158.5 0
46.5 158.5 1
57.5 158.5 1
57.5 176.5 1
65.5 176.5 1
65.5 172.5 1
78.5 172.5 1
78.5 165.5 1
81.5 165.5 1
81.5 158.5 1
76.70983873226439 158.5 1
72.13841016083582 150.5 1
74.5 150.5 1
74.5 147.5 1
84.5 147.5 1
84.5 144.5 1
78.5 144.5 1
78.5 140.5 1
69.77546696784486 140.5 1
61.5 131.1900996611745 1
61.5 128.5 1
60.5 128.5 1
60.5 122.5 0
60.5 123.0000000000001 1
13.5 123.0000000000006 0
13.5 124.0000000000006 1
60.5 124.0000000000001 0
60.5 127.0000000000001 1
13.5 127.0000000000006 0
13.5 128.0000000000006 1
60.5 128.0000000000001 0
60.5 126.0000000000001 1
13.5 126.0000000000006 0
13.5 125.0000000000006 1
60.5 125.0000000000001 0
60.5 122.5 1
62.5 122.5 1
62.5 125.5 1
63.5 125.5 0
62.5 125 1
107.5 124.9999999999995 0
107.5 123.9999999999995 1
62.5 124 0
62.5 123 1
107.5 122.9999999999995 0
107.5 121.9999999999995 1
13.5 122.0000000000006 0
13.5 121.0000000000006 1
107.5 120.9999999999995 0
107.5 119.9999999999995 1
13.5 120.0000000000006 0
15.5 119.5 1
15.5 93.06752080632556 1
20.81897503240933 97.5 0
15.5 96.32179150461999 1
16.913850194456 97.5 0
18.47590012963733 97.5 1
15.5 95.02008322530223 0
15.5 93.71837494598444 1
20.03795006481866 97.5 0
24.5 97.5 0
24.5 97.00000000000048 1
70.5 96.99999999999994 0
70.5 100.5 0