52.2559 47.0742 0
52.2559 47.0742 1
61.30110000000001 52.82210000000001 0
61.52581807478647 52.5 1
90.22997494667993 52.5 0
89.67985408787146 49.5 1
63.61881473532483 49.5 0
65.71181139586321 46.5 1
89.12973322906299 46.5 0
88.57961237025452 43.5 1
67.80480805640155 43.5 0
73.14547133032551 58.5 1
100 58.5 0
90.57159999999999 54.363 1
99.25620000000001 52.9854 1
99.46923743849391 54.363 0
100 55.5 1
69.26899633671866 55.5 0
65.76349999999999 52.7871 1
79.91159999999999 63.7363 0
77.02194632393235 61.5 1
100 61.5 0
100 64.5 1
79.41294257091729 64.5 0
77.45409447971898 67.5 1
100 67.5 0
100 70.5 1
75.49524638852068 70.5 0
73.53639829732236 73.5 1
100 73.5 0
100 76.5 1
71.57755020612407 76.5 0
70.0599 78.82429999999999 1
55.09010000000001 67.57820000000001 0
55.14652987201764 67.5 1
44.6790029623253 67.5 0
44.62649999999999 67.46549999999999 0
42.0549 70.4092 1
39.75 70.5334 0
40.36983623188405 70.5 1
0 70.5 0
0 67.5 1
44.59636099126949 67.5 0
44.62649999999999 67.46549999999999 1
47.6318 69.44030000000001 0
47.2714187445082 70.5 1
58.97933819279572 70.5 0
46.8481 82.5119 1
59.3438 85.28700000000001 0
60.2217627207325 82.5 1
0 82.5 0
0 79.5 1
100 79.5 0
100 82.5 1
65.20803005559321 82.5 0
60.6443 81.15870000000001 1
73.1909 84.84620000000001 0
72.9797004494863 85.5 1
100 85.5 0
100 88.5 1
72.01059881054306 88.5 0
71.078 91.387 1
60.0823 89.4752 0
59.44444606496621 91.5 1
86.28315968804864 91.5 0
87.6113 89.6739 1
93.60659999999999 94.32759999999999 0
93.50550238390011 94.5 1
100 94.5 0
100 91.5 1
89.96384041515353 91.5 0
87.6113 89.6739 0
84.75290000000001 93.60400000000001 1
91.38040000000001 98.12389999999999 0
91.74626312462135 97.5 1
100 97.5 0
100 100 1
0 100 0
0 97.5 1
90.46557948405939 97.5 0
86.06669897785349 94.5 1
0 94.5 0
0 91.5 1
51.19858904971954 91.5 0
51.29219999999999 91.6934 1
58.7818 93.6035 0
51.29219999999999 91.6934 0
49.74650605674454 88.5 1
0 88.5 0
0 85.5 1
48.29442306376954 85.5 0
41.00227491385093 76.5 1
66.96600023563724 76.5 0
62.97266921421648 73.5 1
45.99894458706261 73.5 0
46.3159 73.30969999999999 1
39.1142 77.6336 1
36.3969 75.20599999999999 0
37.8453207447685 76.5 1
0 76.5 0
0 73.5 1
37.62114102212901 73.5 0
37.4196 57.3322 0
35.48960225518759 55.5 1
63.80584527114279 55.5 0
57.31135872179892 64.5 1
0 64.5 0
0 61.5 1
27.86625097604259 61.5 0
27.0937 61.0167 1
31.4173 63.72150000000001 0
33.50424371057862 61.5 1
59.47618757158021 61.5 0
61.6410164213615 58.5 1
36.32253366409466 58.5 0
37.4196 57.3322 1
32.6833 52.8359 0
30.17995004659694 55.5 1
0 55.5 0
0 58.5 1
27.36096807887457 58.5 0
27.59677030033742 52.5 1
60.79422637311018 52.5 0
56.07326741418605 49.5 1
32.05587161097793 49.5 0
32.62220000000001 51.06310000000001 1
22.1534 54.0564 0
21.33200860862905 52.5 1
0 52.5 0
0 49.5 1
19.7487561194792 49.5 0
19.0526 48.18089999999999 1
27.8726 44.5064 0
27.52047700401625 43.5 1
0 43.5 0
0 46.5 1
23.08730893999184 46.5 0
26.47082578387392 40.5 1
0 40.5 0
0 37.5 1
34.85470024066061 37.5 0
26.3829 40.2487 1
40.3424 35.7195 0
41.08506830249149 37.5 1
59.22435172438529 37.5 0
61.40786106962101 34.5 1
0 34.5 0
0 31.5 1
63.59137041485673 31.5 0
65.77487976009246 28.5 1
0 28.5 0
0 25.5 1
67.95838910532817 25.5 0
70.1418984505639 22.5 1
0 22.5 0
0 19.5 1
100 19.5 0
100 16.5 1
0 16.5 0
0 13.5 1
100 13.5 0
100 10.5 1
0 10.5 0
0 7.5 1
100 7.5 0
100 4.5 1
0 4.5 0
0 1.5 1
100 1.5 0
98.0315782421572 31.7894 1
98.86451188236776 40.5411 0
99.02936851536225 41.70359999999999 1
100 47.98015844292007 0
100 54.363 1
100 41.70359999999999 1
88.25020000000001 41.70359999999999 1
97.73820000000001 43.16930000000001 1
97.51153843379754 41.70359999999999 0
97.28049999999999 39.7296 1
79.79910000000001 40.5411 0
79.79822266427422 40.5 1
69.89780471693993 40.5 0
71.99080137747828 37.5 1
79.73418356020295 37.5 0
79.67014445613168 34.5 1
74.08379803801665 34.5 0
79.79910000000001 40.5411 0
80.68447959334566 40.5 1
97.35382199188936 40.5 0
97.35773364021057 40.5411 1
100 40.5411 1
100 41.70359999999999 0
100 40.5411 1
100 31.7894 0
100 31.5 1
76.17679469855503 31.5 0
91.42351538744865 25.5 1
75.71410268684156 25.5 0
71.28537469419501 22.5 1
100 22.5 0
100 25.5 1
94.31958760550867 25.5 0
100 28.5 1
78.26979135909338 28.5 0
78.87090000000001 27.6384 1
70.51949999999999 21.9812 0
57.04084237914957 40.5 1
42.3364049536987 40.5 0
43.04949999999999 42.20959999999999 1
31.141 46.97490000000001 0
32.32777662476654 46.5 1
52.67382368867811 46.5 0
54.85733303391385 43.5 1
39.82478625689883 43.5 0
52.2559 47.0742 0