55 42 0
10 42 1
10 12 0
6 12 1
6 42 0
2 42 1
2 12 0
0 2 1
120 2 0
120 6 1
0 6 0
0 10 1
120 10 0
118 12 1
118 75 0
120 76 1
0 76 0
0 80 1
120 80 0
114 75 1
114 12 0
110 12 1
110 75 0
106 75 1
106 12 0
102.0359579358507 12 1
106 32.81122083678402 0
106 54.18877916321598 1
102.0359579358507 75 0
95 75 0
95 72 1
51.65420560747664 72 0
50 75 0
48.34579439252336 72 1
0 72 0
0 68 1
46.14018691588785 68 0
45.29770000000001 66.47210000000001 1
35.7342 64.6353 0
36.32926749162844 64 1
0 64 0
0 60 1
40.07595404367279 60 0
41.1832 47.8647 1
50 52 1
58.8168 47.8647 0
55 42 0