43.2345 62.79179999999999 0
43.35154865433137 64.5 1
100 64.5 0
100 67.5 1
43.55711355480796 67.5 0
43.76267845528456 70.5 1
100 70.5 0
100 73.5 1
43.96824335576115 73.5 0
44.17380825623773 76.5 1
100 76.5 0
100 79.5 1
50.42412644524869 79.5 0
49.97320000000001 79.09119999999999 1
56.8613 85.33580000000001 0
56.72464272626225 85.5 1
100 85.5 0
100 82.5 1
53.73327354834576 82.5 0
49.97320000000001 79.09119999999999 0
49.60339411764706 79.5 1
44.37937315671432 79.5 0
44.40770000000001 79.9134 1
29.689 79.56370000000001 0
29.68566307461713 79.5 1
0 79.5 0
0 82.5 1
47.76979663357444 82.5 0
47.27889999999999 82.06960000000001 1
54.3904 88.3047 0
51.1914739122067 85.5 1
0 85.5 0
0 88.5 1
100 88.5 0
100 91.5 1
0 91.5 0
0 94.5 1
100 94.5 0
100 97.5 1
0 97.5 0
0 100 1
100 100 0
100 61.5 1
0 61.5 0
0 64.5 1
28.89988786672019 64.5 0
29.05704290829957 67.5 1
0 67.5 0
0 70.5 1
29.21419794987897 70.5 0
29.37135299145835 73.5 1
0 73.5 0
0 76.5 1
29.52850803303774 76.5 0
28.8537 63.6183 1
43.2345 62.79179999999999 0
43.2345 62.79179999999999 0