58.7627 49.2081 0
58.96788751059553 49.5 1
21.09145044815536 49.5 0
21.20376938538693 46.5 1
62.91440434947872 46.5 0
62.2419 31.0895 0
63.67845343683268 25.5 1
16.8758089442744 25.5 0
17.326 24.935 1
10.1556 19.6135 0
14.04498449685239 22.5 1
64.44948131240261 22.5 0
65.22050918797254 19.5 1
36.52003295425109 19.5 0
36.0793 20.1933 1
27.7777 13.9544 0
31.16492418375034 16.5 1
0 16.5 0
0 13.5 1
28.0766058821468 13.5 0
30.05001619561599 10.5 1
0 10.5 0
0 7.5 1
32.02342650908517 7.5 0
35.286 2.5402 0
38.04553094122349 4.5 1
100 4.5 0
100 7.5 1
42.26973383114618 7.5 0
43.5641 8.419250000000002 1
35.286 2.5402 0
33.99683682255436 4.5 1
0 4.5 0
0 1.5 1
100 1.5 0
83.8064844650805 19.5 1
100 19.5 0
100 16.5 1
82.51065819477435 16.5 0
84.45070000000001 16.8358 1
66.6951 13.7625 0
65.99153706354244 16.5 1
38.42714223270667 16.5 0
40.33425151116226 13.5 1
100 13.5 0
100 10.5 1
42.24136078961784 10.5 0
36.0793 20.1933 0
35.15678172273958 19.5 1
0 19.5 0
0 22.5 1
7.777376672806147 22.5 0
6.755890000000001 23.7398 1
14.0459 29.0516 0
13.28887422418012 28.5 1
0 28.5 0
0 25.5 1
9.171620186000975 25.5 0
0 37.5 1
100 37.5 0
100 34.5 1
80.17941704379362 34.5 0
80.90483052805098 31.5 1
84.89171758300415 31.5 0
83.38480000000001 30.7545 1
89.065 33.5646 0
89.73387510742481 31.5 1
100 31.5 0
100 28.5 1
90.56433338422391 28.5 0
90.68600000000001 28.5611 1
85.5993 26.0066 0
83.94416397026467 26.0066 1
81.72966397026468 30.7545 0
81.08509577888896 30.7545 1
82.23315933952415 26.0066 0
82.35565749656575 25.5 1
100 25.5 0
100 22.5 1
83.08107098082311 22.5 0
80.05009999999999 35.0348 1
62.2419 31.0895 0
67.51361156059949 43.5 1
0 43.5 0
0 44.0325 1
0 52.1643 0
0 52.5 1
61.07670056913129 52.5 0
58.74303175341932 55.5 1
8.833954668412421 55.5 0
8.349419999999999 54.18380000000001 1
3.55608 55.941 0
3.42557807266938 55.5 1
4.75905230821763 55.5 0
3.03608456529396 54.18380000000001 1
0 54.18380000000001 1
0 63.0389 0
0.963611332804756 63.0389 1
0 59.78260634626487 0
1.774186412167204 52.1643 1
2.075699257143953 44.0325 0
0 40.5 1
100 40.5 0
100 43.5 1
71.38595841423117 43.5 0
70.05590000000001 41.8417 1
58.7627 49.2081 0
58.7627 49.2081 0