36.0031 44.1467
30.2219 37.4739
26.6359 39.968
25.8572 42.3647
34.7222 45.3708

46.0077 22.2392
44.6414 13.4126
40.2281 14.0957
41.0478 16.8825
40.0446 17.1259
41.1042 22.8546

59.0808 89.8172
56.7011 88.6369
54.3416 93.7356
56.8915 95.0851

68.9704 21.922
59.763 20.6324
60.3177 16.2072
58.7524 16.2008
58.5334 15.0819
54.6934 13.5904
54.8391 21.7304
57.1895 26.6146
60.1693 30.6964
64.0958 32.9037
66.8647 33.8542
68.2796 26.8386

60.4644 61.455
58.4851 59.9708
55.7765 64.6115
57.7127 66.2598

98.1356 67.167
94.2971 28.3147
89.8085 28.65
89.7082 30.5579
71.5332 31.5103
73.117 46.4479
91.5289 44.2814
92.289 53.0537
73.9508 54.7156
75.2194 69.3693

94.6082 10.4165
87.6417 7.35539
85.8392 11.5987
92.9196 14.871

87.0468 86.2214
79.4006 84.9233
77.6709 91.5508
85.7745 92.9943