36.7483 49.38720000000001 0
36.57553829951904 49.5 1
100 49.5 0
100 52.5 1
31.9808122228979 52.5 0
27.38608614627675 55.5 1
100 55.5 0
100 58.5 1
22.79136006965559 58.5 0
0 100 1
100 100 0
100 97.5 1
0 97.5 0
0 94.5 1
100 94.5 0
100 91.5 1
0 91.5 0
0 88.5 1
100 88.5 0
100 85.5 1
0 85.5 0
0 82.5 1
100 82.5 0
100 79.5 1
0 79.5 0
0 76.5 1
100 76.5 0
100 73.5 1
0 73.5 0
0 70.5 1
100 70.5 0
100 67.5 1
0 67.5 0
0 64.5 1
100 64.5 0
100 61.5 1
0 61.5 0
0 58.5 1
19.22785523634541 58.5 0
17.68072534380045 55.5 1
0 55.5 0
0 52.5 1
16.13359545125549 52.5 0
20.1255 60.2406 1
36.7483 49.38720000000001 0
36.7483 49.38720000000001 0
31.6768 39.7359 1
14.5679 49.464 0
14.58646555871054 49.5 1
0 49.5 0
0 46.5 1
19.78071438307583 46.5 0
25.05684230116878 43.5 1
0 43.5 0
0 40.5 1
19.65896812869829 40.5 0
16.02079263261553 37.5 1
0 37.5 0
0 34.5 1
12.38261713653278 34.5 0
8.744441640450027 31.5 1
0 31.5 0
0 28.5 1
8.507831886152196 28.5 0
7.072699999999999 30.1215 1
20.9886 41.5964 0
21.95898662813352 40.5 1
30.33297021926172 40.5 0
24.61418535524094 37.5 1
78.28808645240804 37.5 0
77.62880000000001 38.7642 1
84.38810000000001 42.48269999999999 0
85.64184530116731 40.5 1
100 40.5 0
100 37.5 1
87.53887253852139 37.5 0
88.45089999999999 36.0577 1
80.92930000000001 32.4354 0
85.21638151174668 34.5 1
100 34.5 0
100 31.5 1
21.66508255655872 31.5 0
18.02684921044376 28.5 1
100 28.5 0
100 25.5 1
14.38861586432879 25.5 0
0 1.5 1
100 1.5 0
100 4.5 1
0 4.5 0
0 7.5 1
100 7.5 0
100 10.5 1
0 10.5 0
0 13.5 1
100 13.5 0
100 16.5 1
25.76299924815799 16.5 0
26.783 16.8645 1
21.2 14.8694 0
20.49403781876138 16.5 1
0 16.5 0
0 19.5 1
19.51214901874311 19.5 0
19.3405 20.6505 1
24.1572 22.5884 0
24.1977528957529 22.5 1
100 22.5 0
100 19.5 1
25.57398238962945 19.5 0
24.1572 22.5884 0
23.93747953970793 22.5 1
0 22.5 0
0 25.5 1
11.16302501501843 25.5 0
12.5239 23.9624 1
26.4399 35.4372 0
25.30331590267369 34.5 1
79.8526010523322 34.5 0
77.62880000000001 38.7642 0
80.78404887454619 40.5 1
32.07831411208852 40.5 0
33.65473386901246 43.5 1
100 43.5 0
100 46.5 1
35.2311536259364 46.5 0
36.7483 49.38720000000001 0