23.5142 85.0374
20.8417 81.7958
11.9035 89.1958
14.812 92.2521

20.421 39.0421
18.1557 35.5538
15.1149 37.0383
17.3549 40.9731

22.6458 46.7573
18.9276 44.5882
16.8328 47.6398
20.4423 49.9767

39.5598 26.4784
27.2975 10.6274
22.2905 14.549
35.1321 30.5559

28.7967 58.9355
25.8636 55.5679
23.9443 57.7483
23.2031 57.0299
18.924 60.9834
22.0613 64.8016

29.4919 35.8654
24.6063 34.2009
22.7837 40.5624
27.2901 42.2156

34.6393 87.0797
33.1785 80.4451
28.8601 81.9863
29.5653 87.6435

66.7909 82.619
58.5373 82.0142
53.3221 95.5652
55.7947 95.4882
56.218 90.3793
66.7806 90.3299

67.273 76.1349
65.9296 68.8297
59.4791 69.7737
60.7681 77.1627

80.8772 25.3441
62.2762 0.912243
54.3353 7.1325
72.6377 32.1971

94.496 58.213
85.6887 58.1781
77.1636 62.2772
73.0186 66.757
71.3298 70.2951
71.8334 73.5625
75.4822 74.818
84.7816 76.1788
86.6324 64.4198
91.1102 64.7794
91.7356 63.4159
93.6772 63.4043

95.5065 20.9837
87.6571 18.4601
82.0285 38.4831
88.8889 40.5109
91.0357 41.4855