40.08110000000001 52.8479 0
38.30928061451385 55.5 1
100 55.5 0
100 58.5 1
75.47618183587869 58.5 0
70.9297 55.6818 1
78.9684 60.6647 0
78.43249634943643 61.5 1
100 61.5 0
100 64.5 1
52.5724276980586 64.5 0
54.1748 64.95609999999999 1
48.34780000000001 63.2975 0
48.21431258205689 64.5 1
0 64.5 0
0 67.5 1
52.43299058350591 67.5 0
48.084 65.6739 1
53.9491 68.13659999999999 0
53.99427548184248 67.5 1
100 67.5 0
100 70.5 1
0 70.5 0
0 73.5 1
100 73.5 0
100 76.5 1
0 76.5 0
0 79.5 1
100 79.5 0
100 82.5 1
77.11876209917986 82.5 0
80.88814983838682 85.5 1
100 85.5 0
100 88.5 1
84.65753757759379 88.5 0
74.8271 80.67609999999999 1
90.95920000000001 93.5154 0
88.42692531680075 91.5 1
100 91.5 0
100 94.5 1
90.32097316700202 94.5 0
89.3484 96.00040000000001 1
72.72450000000001 83.6592 0
73.54154734001543 82.5 1
0 82.5 0
0 85.5 1
75.20410288464655 85.5 0
79.24517668622175 88.5 1
0 88.5 0
0 91.5 1
83.28625048779696 91.5 0
87.32732428937217 94.5 1
0 94.5 0
0 97.5 1
100 97.5 0
100 100 1
0 100 0
32.49827296988181 61.5 1
0 61.5 0
0 58.5 1
31.24457769459681 58.5 0
30.1414 60.14879999999999 1
33.80159999999999 62.24720000000001 0
34.30079062057813 61.5 1
72.84224498995803 61.5 0
76.7997 64.04499999999999 1
68.97980000000001 59.01609999999999 0
69.28161549050776 58.5 1
36.30503561754598 58.5 0
40.08110000000001 52.8479 0