40.08110000000001 52.8479 0
40.08110000000001 52.8479 1
36.5942 50.50449999999999 0
33.25181513018052 55.5 1
0 55.5 0
0 52.5 1
35.25905256576424 52.5 0
36.5942 50.50449999999999 0
85.35650000000001 39.616 1
78.5067 34.5479 0
78.46459629657008 34.5 1
0 34.5 0
0 37.5 1
82.4966162565853 37.5 0
78.5067 34.5479 0
75.8276211339444 31.5 1
0 31.5 0
0 28.5 1
73.19064597131876 28.5 0
70.55367080869308 25.5 1
0 25.5 0
0 22.5 1
70.16993802492527 22.5 0
0 1.5 1
100 1.5 0
100 4.5 1
0 4.5 0
0 7.5 1
100 7.5 0
100 10.5 1
0 10.5 0
0 13.5 1
100 13.5 0
100 16.5 1
0 16.5 0
0 19.5 1
73.04885607859791 19.5 0
74.8691 17.6032 0
76.52681559412176 19.5 1
100 19.5 0
100 22.5 1
79.1486770356893 22.5 0
91.137 32.3914 1
81.11349999999999 24.7482 0
82.09943093207033 25.5 1
100 25.5 0
100 28.5 1
86.03371238486497 28.5 0
89.96799383765961 31.5 1
100 31.5 0
100 34.5 1
89.44988067159429 34.5 0
87.04954016831383 37.5 1
100 37.5 0
100 40.5 1
0 40.5 0
0 43.5 1
100 43.5 0
100 46.5 1
0 46.5 0
0 49.5 1
100 49.5 0
100 52.5 1
39.56343655799266 52.5 0
40.08110000000001 52.8479 0