50.1955 51.253 0
41.94474022252192 55.5 1
61.86109672915116 55.5 0
60.90115898806704 52.5 1
34.48071038435603 52.5 0
32.2833 51.6168 1
44.0904 56.36239999999999 0
62.6741 58.0408 1
76.86340000000001 52.77630000000001 0
100 58.5 1
43.21283938358218 58.5 0
42.72110000000001 59.6978 1
32.77403755708312 59.6978 1
30.0383 55.09739999999999 1
24.69 58.0462 0
19.7086 60.2473 0
19.35163173558796 61.5 1
0 61.5 0
0 64.5 1
18.49675443596625 64.5 0
19.7086 60.2473 1
22.9252 61.5806 0
22.73075166879172 61.5 1
26.90292450405141 61.5 0
28.82508951422983 64.5 1
21.80131296907032 64.5 0
24.98075949387299 58.5 1
0 58.5 0
0 55.5 1
29.3080959915898 55.5 0
30.0383 55.09739999999999 0
31.07620059579108 56.84272746699877 1
38.52836924113977 59.6978 0
33.84575876075566 61.5 1
100 61.5 0
100 64.5 1
35.62978029611114 64.5 0
45.63770417568645 70.5 1
0 70.5 0
0 67.5 1
30.74725452440826 67.5 0
31.1108 68.06739999999999 1
36.2238 65.49889999999999 0
32.24029822853805 67.5 1
46.03710032471231 67.5 0
46.3107 65.44489999999999 1
57.05110000000001 66.14750000000001 0
61.1546 69.95480000000001 1
66.46109999999999 66.9314 0
66.8101005914406 67.5 1
100 67.5 0
100 70.5 1
68.65146846749016 70.5 0
70.49283634353972 73.5 1
100 73.5 0
100 76.5 1
72.33420421958928 76.5 0
72.79159999999999 77.24520000000001 1
67.71510000000001 79.88499999999999 0
68.4554790059853 79.5 1
100 79.5 0
100 97.5 1
0 97.5 0
0 100 1
100 100 0
100 94.5 1
0 94.5 0
0 91.5 1
100 91.5 0
100 88.5 1
0 88.5 0
0 85.5 1
100 85.5 0
100 82.5 1
26.99724837529589 82.5 0
25.4109 85.04990000000001 1
18.6017 81.0121 0
21.11084078953886 82.5 1
0 82.5 0
0 79.5 1
19.54241037228319 79.5 0
21.40877576931354 76.5 1
0 76.5 0
0 73.5 1
32.33721747674325 73.5 0
32.32266022626739 76.5 1
27.08395691713309 76.5 0
22.9382 74.04159999999999 1
29.7474 78.07939999999999 0
28.86361377232623 79.5 1
67.46074535457493 79.5 0
65.47876110450949 76.5 1
47.64748989503781 76.5 0
47.7894 74.17869999999999 1
53.1583 74.39590000000001 0
53.58111648804616 73.5 1
63.49677685444402 73.5 0
61.51479260437856 70.5 1
54.99695471121672 70.5 0
56.41279293438727 67.5 1
65.46312556724217 67.5 0
69.52226667109886 55.5 1
100 55.5 0
100 52.5 1
76.77457989492478 52.5 0
75.81019221766931 49.5 1
100 49.5 0
100 46.5 1
74.84580454041387 46.5 0
73.88141686315839 43.5 1
100 43.5 0
100 40.5 1
72.91702918590292 40.5 0
72.77610000000001 40.0616 1
58.4186 44.7415 0
62.22740707921109 43.5 1
35.13605366741977 43.5 0
31.68857329474615 46.5 1
58.9812835058988 46.5 0
59.94122124698292 49.5 1
55.13075280861483 49.5 0
55.5792 48.2766 0
47.8608 10.6887 1
40.7281 12.5794 0
43.42236481933161 31.5 1
100 31.5 0
100 28.5 1
40.58048399424962 28.5 0
40.0446 27.9343 1
25.4266 41.4504 0
26.4544813563084 40.5 1
0 40.5 0
3.10795 35.94499999999999 1
7.5061 37.69499999999999 0
7.577532073954984 37.5 1
29.69905634465563 37.5 0
32.94363133300287 34.5 1
8.676487057877814 34.5 0
8.873200000000001 33.96299999999999 1
4.71224 32.1764 0
3.723085342036831 34.5 1
0 34.5 0
0 37.5 1
7.016020428571428 37.5 0
7.5061 37.69499999999999 0
8.873200000000001 33.96299999999999 0
9.439730000000001 31.5354 0
9.754888866944263 28.5 1
39.43278130969732 28.5 0
36.18820632135009 31.5 1
9.443405503686442 31.5 0
9.439730000000001 31.5354 1
7.18125 31.1414 0
9.236810730964468 31.5 1
0 31.5 0
0 28.5 1
7.200740676620855 28.5 0
0 13.5 1
65.77279351659638 13.5 0
65.8279 13.342 1
71.65309999999999 15.8976 0
71.41472736130444 16.5 1
100 16.5 0
100 13.5 1
66.1880430583816 13.5 0
72.40965118515248 10.5 1
100 10.5 0
100 7.5 1
76.13508019134062 7.5 0
76.51609999999999 9.867239999999999 1
69.7534 10.9093 0
69.70649604198354 10.5 1
47.84581105758576 10.5 0
47.7927 9.83137 1
40.077 10.4442 0
40.09401544585987 10.5 1
0 10.5 0
0 7.5 1
69.36270939637055 7.5 0
69.01892275075758 4.5 1
0 4.5 0
0 1.5 1
100 1.5 0
100 4.5 1
75.65221431125323 4.5 0
75.44290000000001 3.19955 1
68.96379999999999 4.018980000000001 0
64.72646788235036 16.5 1
0 16.5 0
0 19.5 1
63.68014224810436 19.5 0
62.6357 22.4946 0
68.99249062860613 25.5 1
0 25.5 0
0 22.5 1
62.64712166413605 22.5 0
62.6357 22.4946 1
69.60079999999999 25.7876 0
69.70646845764855 25.5 1
100 25.5 0
70.22761262676477 19.5 1
100 19.5 0
100 22.5 1
70.80871245259166 22.5 0
71.43112938096968 40.5 1
38.5835340400934 40.5 0
42.03101441276702 37.5 1
100 37.5 0
100 34.5 1
45.47849478544065 34.5 0
45.9092 34.12520000000001 1
30.7011 47.3593 0
29.93405742862462 46.5 1
0 46.5 0
0 43.5 1
27.25614783462235 43.5 0
31.94448770441135 52.5 1
0 52.5 0
0 49.5 1
50.70490580671498 49.5 0
50.1955 51.253 0