63.9714 29.7126 0
63.9714 29.7126 1
57.9589 15.4298 0
58.50000000000001 16.71519261205823 1
58.50000000000001 86.64733639213452 0
61.50000000000001 88.73719461385011 1
61.50000000000001 23.84174562661124 0
41.8605 21.8957 1
38.42659999999999 17.8089 0
37.5 18.46718192992725 1
37.5 0 0
34.5 0 1
34.5 20.03559056196277 0
31.50000000000001 17.18422345039092 1
31.50000000000001 0 0
28.5 0 1
28.5 14.33285633881906 0
27.8936 13.7565 0
1.5 0 1
1.5 100 0
4.5 100 1
4.5 0 0
7.500000000000002 0 1
7.500000000000002 100 0
10.5 100 1
10.5 0 0
13.5 0 1
13.5 100 0
16.5 100 1
16.5 0 0
19.5 0 1
19.5 100 0
22.5 100 1
22.5 0 0
25.5 0 1
25.5 100 0
28.5 100 1
28.5 15.09407659726945 0
27.8936 13.7565 1
33.3357 25.7605 0
31.50000000000001 21.71137506661032 1
31.50000000000001 100 0
33.04000000000001 96.92959999999999 1
59.47457496384671 96.92959999999999 0
58.50000000000001 96.19237195405444 1
58.50000000000001 94.20231253883222 0
61.50000000000001 98.46175524408588 1
61.50000000000001 89.3243496709963 0
61.75279999999999 88.91329999999999 1
57.6647 95.56049999999999 1
47.4776 89.42959999999999 0
46.53950443545622 90.92959999999999 1
49.96999915836174 90.92959999999999 0
44.74079999999999 93.8057 1
33.04000000000001 93.8057 0
33.04000000000001 93.92959999999999 1
54.95479747508523 93.92959999999999 0
57.6647 95.56049999999999 1
61.75279999999999 98.65298860932586 1
61.75279999999999 100 0
61.75279999999999 99.92959999999999 1
33.04000000000001 99.92959999999999 0
33.04000000000001 100 1
33.04000000000001 84.9545 1
36.9644 78.77420000000001 0
33.04000000000001 84.9545 0
33.04000000000001 86.8353309677556 1
42.25444481793262 93.8057 0
37.28173445379785 93.8057 1
33.04000000000001 90.59699290326682 0
33.04000000000001 84.9545 0
34.5 82.6552343797778 1
34.5 25.23265340653153 0
37.5 23.8725745777027 1
37.5 72.83523393138017 0
37.4627 72.8218 1
35.47110000000001 77.85400000000001 1
41.0615 80.90780000000001 1
41.0615 81.25079063461916 1
35.47110000000001 77.87153889954436 1
35.47110000000001 77.85400000000001 0
41.0615 80.90780000000001 1
43.2482 74.90549999999999 0
43.5 82.72480060814161 1
43.5 0 0
40.5 0 1
40.5 20.27652314569441 0
46.5 0 1
46.5 84.53822276133715 0
47.6527 85.23500000000001 1
50.524 81.09110000000001 0
49.5 82.56895100825409 1
49.5 0 0
52.5 0 1
52.5 82.46761994870334 0
55.5 84.55747817041893 1
55.5 0 0
58.50000000000001 0 1
58.50000000000001 15.14573846943489 0
61.50000000000001 13.57082700816096 1
61.50000000000001 0 0
64.5 0 1
64.5 15.1048394589403 0
64.97900000000001 15.4165 1
69.999 27.0028 0
67.5 28.1262637666733 1
67.5 100 0
64.5 100 1
64.5 29.47495976508063 0
63.9714 29.7126 0