63.9714 29.7126 0
69.999 27.0028 0
67.5 21.23503830677293 1
67.5 0 0
70.5 0 1
70.5 100 0
73.5 100 1
73.5 0 0
76.5 0 1
76.5 100 0
79.5 100 1
79.5 0 0
82.5 0 1
82.5 87.96671493757094 0
82.3038 88.1009 0
82.5 88.60538332139021 1
82.5 100 0
85.5 100 1
85.5 96.31919557506274 0
85.65299999999999 96.71260000000001 1
82.3038 88.1009 0
83.62530000000001 87.19710000000001 1
89.39789999999999 93.05619999999999 0
88.5 93.93288070175439 1
88.5 100 0
91.5 100 1
91.5 0 0
100 0 1
100 100 0
97.5 100 1
97.5 0 0
94.5 0 1
94.5 100 0
89.39789999999999 93.05619999999999 0
88.5 92.14484534351939 1
88.5 0 0
85.5 0 1
85.5 89.09989159650766 0
83.62530000000001 87.19710000000001 0
40.5 73.91571098608591 1
40.5 22.51249574887387 0
63.9714 29.7126 0