31.6807 6.35689 0
31.3682038218449 4.5 1
100 4.5 0
30.7277 0.6940489999999999 0
24.9708 1.1187 1
30.7277 0.6940489999999999 0
30.86333356325915 1.5 1
100 1.5 0
100 0 1
0 0 0
0 1.5 1
25.02091153875694 1.5 0
25.2788 3.46228 1
16.9612 4.50606 0
17.00949049799766 4.5 1
0 4.5 0
0 7.5 1
17.3327825351679 7.5 0
0 100 1
100 100 0
100 97.5 1
0 97.5 0
0 94.5 1
100 94.5 0
100 91.5 1
0 91.5 0
0 88.5 1
100 88.5 0
100 85.5 1
0 85.5 0
0 82.5 1
100 82.5 0
100 79.5 1
0 79.5 0
0 76.5 1
100 76.5 0
100 73.5 1
0 73.5 0
0 70.5 1
100 70.5 0
100 67.5 1
0 67.5 0
0 64.5 1
100 64.5 0
100 61.5 1
0 61.5 0
0 58.5 1
100 58.5 0
100 55.5 1
0 55.5 0
0 52.5 1
100 52.5 0
100 49.5 1
0 49.5 0
0 46.5 1
100 46.5 0
100 43.5 1
0 43.5 0
0 40.5 1
100 40.5 0
100 37.5 1
0 37.5 0
0 34.5 1
100 34.5 0
100 31.5 1
0 31.5 0
0 28.5 1
100 28.5 0
100 25.5 1
0 25.5 0
0 22.5 1
100 22.5 0
100 19.5 1
0 19.5 0
0 16.5 1
100 16.5 0
100 13.5 1
0 13.5 0
0 10.5 1
100 10.5 0
100 7.5 1
27.20599930277652 7.5 0
27.3306 7.94847 1
25.1362 8.175380000000001 1
24.979 9.129989999999999 0
31.6807 6.35689 1
26.88840324729201 6.35689 1
26.7245 5.766959999999999 1
31.6807 6.35689 0
31.6807 6.35689 0