31.7976 25.7405
3.09399 6.3954
2.07681 8.21895
26.2317 24.5113

37.7499 15.3266
36.124 12.9434
31.73 16.5817
33.2843 18.7358

12.4429 64.676
9.33821 60.0727
8.16737 61.8477
5.05886 63.3749
7.62787 68.2739
10.6731 66.4859

22.7079 38.6582
20.5645 33.8448
15.8145 35.3916
6.65754 40.9352
7.84114 44.5606

23.6986 98.7599
22.4106 93.3543
11.8313 95.1648

29.6343 72.6946
26.2572 71.4316
21.8878 83.3831
25.4882 84.6349

52.0739 14.63
48.7817 12.7051
41.584 26.9898
46.3828 29.1658
48.9076 24.8553

52.3886 57.6587
52.1226 50.1916
48.2047 50.1596
48.1194 51.607
44.8501 51.3744
45.0981 54.7616
50.5108 57.6176

67.552 78.6979
61.3037 73.7979
55.808 67.8812
51.1522 72.7365
56.681 78.8743
62.5601 83.4224

79.708 47.0759
65.7768 39.7341
62.8735 46.314
76.4449 53.6678

63.4747 24.7685
57.7043 8.15999
55.0192 9.10371
60.1751 24.8221

64.8418 5.65019
64.7896 3.23878
63.7523 1.11145
55.3739 3.58593
56.6131 6.2105
56.555 8.49292