48.4346 49.56019999999999 0
48.4346 49.56019999999999 1
53.6981 43.64790000000001 0
53.5 43.87041859599125 1
53.5 0 0
56.5 0 1
56.5 46.05835625260848 0
59.5 48.63923664014031 1
59.5 0 0
62.5 0 1
62.5 51.22011702767213 0
71.5 43.15272728204377 1
71.5 0 0
74.5 0 1
74.5 37.70928174830175 0
77.5 37.75513444762245 1
77.5 0 0
80.5 0 1
80.5 50.24763061004138 0
78.72040000000001 49.91970000000001 1
78.7474 37.77419999999999 0
72.03460000000001 37.6716 1
70.66849999999999 51.67789999999999 0
65.5 53.80099741520397 1
65.5 0 0
68.5 0 1
68.5 56.3818778027358 0
71.5 58.96275819026762 1
71.5 51.77037728643634 0
74.5 52.10402955259272 1
74.5 61.54363857779946 0
75.02279999999999 61.99339999999999 1
70.44409999999999 67.6798 0
68.5 66.07929501987778 1
68.5 100 0
71.5 100 1
71.5 66.3684518531461 0
74.5 62.64267816192368 1
74.5 100 0
77.5 100 1
77.5 65.54048500395618 0
95.32169999999999 88.73259999999999 1
95.39269999999999 84.83189999999999 0
95.5 84.83110396520848 1
95.5 0 0
92.5 0 1
92.5 100 0
95.5 100 1
95.5 88.72298066024567 0
99.62010000000001 88.50069999999999 0
99.6926 84.80000000000001 1
99.62010000000001 88.50069999999999 0
98.5 88.56112973897265 1
98.5 100 0
100 100 1
100 0 0
98.5 0 1
98.5 84.80884763366589 0
80.5 65.52736710948236 1
80.5 100 0
83.5 100 1
83.5 54.38020493800305 0
82.8023 65.51730000000001 1
83.7217 50.8413 0
83.5 50.80044687781177 1
83.5 0 0
86.5 0 1
86.5 100 0
89.5 100 1
89.5 0 0
44.48913392287304 7.861956788899228 1
13.23771494521474 12.85167169241776 0
13.2225 14.3731 1
13.36623725529895 0 1
44.56775691235445 0 1
44.4739189776583 9.383385096481465 0
48.4346 49.56019999999999 0