48.4346 49.56019999999999 0
50.5 47.24021055951363 1
50.5 0 0
47.5 0 1
47.5 100 0
45.32296505000514 99.36953137023414 1
30.09941463676599 87.74425296930602 0
31.31946588248109 100 1
20.27198677759399 91.56372746589653 0
20.23452432539798 95.30980965272056 1
26.37642878024489 100 0
21.43339167800869 100 1
20.19706187320198 99.05589183954461 0
11.5 100 1
11.5 66.46404651616575 0
8.5 69.5832304203054 1
8.5 100 0
5.5 100 1
5.5 69.89642339955748 0
2.5 66.79417383092968 1
2.5 100 0
0 100 1
0 0 0
2.5 0 1
2.5 62.35189752274704 0
5.5 59.32834806606007 1
5.5 0 0
8.5 0 1
8.5 56.30479860937312 0
10.933 53.8527 1
17.3283 60.4042 1
6.853059999999999 71.29560000000001 1
0.324475 64.5445 1
10.933 53.8527 0
11.5 54.43354851375229 1
11.5 0 0
17.61992416542815 0 1
13.35943450693268 0.680245231759854 0
13.32900461650319 3.72310184692433 1
36.64741417787494 0 0
44.549993703732 1.776243558570273 1
13.29857472607371 6.765958462088808 0
13.26814483564423 9.808815077253286 1
44.51956381330253 4.81910017373475 0
44.5 6.775396364263948 1
44.5 87.90279187495472 0
45.4295 88.7165 1
41.2433 94.36680000000001 0
41.5 94.60801977390449 1
41.5 94.0203206129664 0
44.5 89.97108741818354 1
44.5 97.42710556164695 0
45.33454760781748 98.2113259951112 1
45.31666008932201 100 1
20.18762038071329 100 1
20.3627 82.49279999999999 1
23.8193 76.8193 0
26.5 78.80716536762694 1
26.5 67.91173926518653 0
27.428 68.2825 0
28.6065 66.2021 1
29.7153 63.6947 0
29.5 63.59193820491377 1
29.5 59.86180400995575 0
26.5 62.16005067468301 1
26.5 56.30108568454246 0
14.5 57.50682107328819 1
14.5 18.74475531780109 0
13.1765 18.9729 0
13.2225 14.3731 1
13.1765 18.9729 0
17.5 18.22761587949602 1
17.5 100 0
14.5 100 1
14.5 63.34486261202608 0
23.5 66.71315930350502 1
23.5 77.34338394086674 0
20.3627 82.49279999999999 1
28.2974 89.94900000000001 1
20.34883563790718 83.87917587299049 0
20.34691168198599 84.07156309224845 1
41.20554008695349 100 0
36.26250298471729 100 1
20.30944922978999 87.81764527907251 0
20.3627 82.49279999999999 0
20.5 82.26744226407453 1
20.5 17.71047644119096 0
23.5 17.1933370028859 1
23.5 65.42046771037181 0
22.9915 66.50999999999999 1
25.291 61.583 0
28.6768 60.37730000000001 1
23.7297 51.1135 0
26.5 50.37334036575669 1
26.5 16.67619756458084 0
29.5 16.15905812627578 1
29.5 54.29503934972905 0
27.2514 49.6549 1
31.5696 58.5658 0
29.7153 63.6947 0
29.5 64.1815715909091 1
29.5 81.03180673103233 0
34.3871 79.0497 1
31.4942 82.51060000000001 0
32.5 81.30731844170211 1
32.5 15.64191868797072 0
35.5 15.12477924966566 1
35.5 80.02396118597406 0
38.5 82.65023808230094 1
38.5 14.6076398113606 0
41.5 14.09050037305554 1
41.5 85.27651497862783 0
65.5 63.60950697380676 1
65.5 100 0
62.5 100 1
62.5 61.13971892773576 0
59.5 58.66993088166474 1
59.5 100 0
56.5 100 1
56.5 56.20014283559372 0
53.5 53.73035478952271 1
53.5 100 0
50.5 100 1
50.5 51.26056674345169 0
48.4346 49.56019999999999 0