43.1854 62.36150000000001 0
38.5 62.70960263889314 1
38.5 0 0
35.5 0 1
35.5 62.93248818050741 0
32.5 63.15537372212167 1
32.5 0 0
29.5 0 1
29.5 63.37825926373593 0
26.8869 63.5724 1
25.3076 80.30869999999999 0
26.5 80.30232097191831 1
26.5 100 0
23.5 100 1
23.5 10.10369280425765 0
26.414 9.18563 0
25.63708182926381 0.605362 1
26.414 3.464782117096131 0
26.414 9.18563 1
26.414 0.605362 1
19.0527 0.605362 0
19.0527 0.7756470246724538 1
19.53953337943003 0.605362 0
17.5 0 1
17.5 100 0
14.5 100 1
14.5 0 0
11.5 0 1
11.5 100 0
20.5 100 1
20.5 7.786774748722506 0
21.3032 10.7958 1
19.0527 2.36476 1
19.0527 0 1
26.414 0 1
26.414 0.605362 0
26.5 0 1
26.5 67.67249147723675 0
4.378220000000001 62.3677 0
2.5 59.51111656866904 1
2.5 100 0
0 100 1
0 0 0
2.5 0 1
2.5 57.13276427926313 0
1.31352 57.70659999999999 1
4.378220000000001 62.3677 0
5.5 61.90515103666522 1
5.5 100 0
8.5 100 1
8.5 0 0
5.5 0 1
5.5 55.68182775929598 0
5.72026 55.5753 1
8.41038 60.7051 0
25.3076 80.30869999999999 0
38.5 80.238124110982 1
38.5 100 0
35.5 100 1
35.5 80.25417332621609 0
32.5 80.27022254145015 1
32.5 100 0
29.5 100 1
29.5 80.28627175668422 0
41.5 100 1
41.5 80.22207489574794 0
42.2617 80.21799999999999 1
43.1854 62.36150000000001 0
43.1854 62.36150000000001 0