43.1854 62.36150000000001 0
41.5 62.48671709727888 1
41.5 0 0
44.5 0 1
44.5 100 0
47.5 100 1
47.5 0 0
50.5 0 1
50.5 100 0
53.5 100 1
53.5 0 0
56.5 0 1
56.5 100 0
59.5 100 1
59.5 0 0
62.5 0 1
62.5 100 0
65.5 100 1
65.5 0 0
68.5 0 1
68.5 100 0
71.5 100 1
71.5 0 0
74.5 0 1
74.5 100 0
80.5 73.27331922365988 1
80.5 0 0
77.5 0 1
77.5 100 0
80.5 100 1
80.5 77.61237419058429 0
79.8048 77.48050000000001 1
80.72450000000001 71.91470000000001 0
83.5 72.31486046541201 1
83.5 0 0
86.5 0 1
86.5 100 0
89.5 100 1
89.5 0 0
92.5 0 1
92.5 100 0
95.5 100 1
95.5 0 0
98.5 0 1
98.5 100 0
83.5 100 1
83.5 78.18145153775473 0
83.505 78.1824 1
84.65649999999999 72.48159999999999 0
43.1854 62.36150000000001 0