54.2894 53.4787 0
48.1113 41.1636 1
55.7478 37.61190000000001 0
55.69644280864949 37.5 1
100 37.5 0
100 34.5 1
54.31957440783181 34.5 0
53.3006 32.27979999999999 1
37.248 39.11450000000001 0
37.10294756521279 40.5 1
0 40.5 0
0 37.5 1
41.03996200272141 37.5 0
48.08603571480826 34.5 1
0 34.5 0
0 31.5 1
100 31.5 0
100 28.5 1
0 28.5 0
0 25.5 1
100 25.5 0
100 22.5 1
0 22.5 0
0 19.5 1
100 19.5 0
100 16.5 1
0 16.5 0
0 13.5 1
100 13.5 0
100 10.5 1
0 10.5 0
0 7.5 1
100 7.5 0
100 4.5 1
0 4.5 0
0 1.5 1
100 1.5 0
66.81227570199806 46.5 1
100 46.5 0
100 49.5 1
67.31319608085946 49.5 0
67.3244 49.5671 1
64.35390000000001 50.72580000000001 1
64.26672434733348 48.7996 1
63.3202 48.7996 1
64.04474323988921 50.72580000000001 1
64.35390000000001 50.72580000000001 0
64.71211143437134 52.5 1
100 52.5 0
100 55.5 1
65.84056627793257 55.5 0
66.9690211214938 58.5 1
100 58.5 0
100 61.5 1
66.82958573221006 61.5 0
67.89709999999999 60.96729999999999 1
60.071 64.87260000000001 0
60.81767883645303 64.5 1
100 64.5 0
100 67.5 1
68.65488007812499 67.5 0
64.90129999999999 66.2704 1
83.0318 72.20959999999999 1
84.89134940646809 72.14173302589529 1
84.88570000000001 71.86969999999999 0
84.89134940646809 72.14173302589529 1
85.03389999999999 79.0059 0
81.9912092847911 79.0059 1
84.66509351456318 72.14999056543874 0
77.81293166756467 70.5 1
100 70.5 0
100 73.5 1
91.43981778698438 73.5 0
91.45750189214365 76.5 1
100 76.5 0
100 79.5 1
80.18845940823826 79.5 0
79.80500000000001 80.48320000000001 1
62.2871 74.9032 0
67.30010765591399 76.5 1
13.51652908674413 76.5 0
12.41213530207269 79.5 1
76.71833346236559 79.5 0
100 94.5 1
0 94.5 0
0 91.5 1
100 91.5 0
100 88.5 1
0 88.5 0
0 85.5 1
100 85.5 0
100 82.5 1
0 82.5 0
0 79.5 1
8.17353792767733 79.5 0
8.687550000000002 79.78809999999999 1
11.8285 81.08539999999999 0
8.687550000000002 79.78809999999999 1
5.608829999999999 78.0625 0
6.368241627570461 76.5 1
0 76.5 0
0 73.5 1
7.826311952505748 73.5 0
8.63175 71.84280000000001 1
14.4962 73.83879999999999 0
13.50077131262525 73.5 1
62.7120195440645 73.5 0
54.2894 53.4787 0