55.13930000000001 58.59739999999999 0
55.13930000000001 58.59739999999999 1
54.6746 64.619 0
53.5 64.34340146770546 1
53.5 100 0
44.5 83.96257087308842 1
44.5 100 0
41.5 100 1
41.5 86.6521782349256 0
47.40949999999999 81.35409999999999 1
42.9472 66.77799999999999 0
44.5 71.85022017345315 1
44.5 24.70671787656473 0
47.5 28.48033431868243 1
47.5 100 0
50.5 100 1
50.5 32.25395076080014 0
53.5 36.02756720291784 1
53.5 59.9297953392457 0
11.5 41.22255741471238 1
11.5 100 0
14.5 100 1
14.5 0 0
11.5 0 1
11.5 38.81747376395715 0
8.5 37.4893929993432 1
8.5 0 0
5.5 0 1
5.5 36.16131223472924 0
12.4052 39.2182 1
5.484500000000001 54.5425 0
3.40858 53.3381 1
0.9861629999999999 47.3267 1
5.340719999999999 36.0908 0
2.5 43.42060320340278 1
2.5 0 0
0 0 1
0 100 0
2.5 100 1
2.5 51.08339413721914 0
3.40858 53.3381 0
5.484500000000001 54.5425 0
5.5 54.50817881139191 1
5.5 100 0
8.5 100 1
8.5 47.86536811305214 0
35.5 72.86433449647441 1
35.5 0 0
32.5 0 1
32.5 75.31612892786114 0
29.6728 77.6267 1
37.6728 90.08340000000001 0
38.5 89.34178559676278 1
38.5 100 0
35.5 100 1
35.5 86.70016028000001 0
31.73 87.227 1
25.8716 74.56489999999999 0
26.5 75.92309739860713 1
26.5 0 0
23.5 0 1
23.5 75.51782444699188 0
20.5 76.72324413875091 1
20.5 0 0
17.5 0 1
17.5 77.92866383050992 0
16.4504 78.35040000000001 0
17.5 80.7150060798499 1
17.5 100 0
20.5 100 1
20.5 87.47359815259159 0
16.4504 78.35040000000001 1
21.9933 90.83779999999999 0
23.5 90.27904884611829 1
23.5 100 0
26.5 100 1
26.5 89.16651585239353 0
29.5 88.05398285866875 1
29.5 100 0
32.5 100 1
32.5 82.02889777999999 0
29.5 82.40717154854568 1
29.5 0 0
38.79089999999999 15.63447957974859 1
46.63094913498152 9.616779999999999 0
41.70384740494458 9.616779999999999 1
38.79089999999999 11.85263873924578 0
38.79089999999999 9.616779999999999 1
72.41820000000001 9.616779999999999 0
71.31265671393422 9.616779999999999 1
72.41820000000001 10.84273444383486 0
72.41820000000001 7.500000000000002 1
38.79089999999999 7.500000000000002 0
38.79089999999999 4.5 1
72.41820000000001 4.5 0
72.41820000000001 1.5 1
38.79089999999999 1.5 0
38.5 0 1
38.5 70.41254006508768 0
41.5 67.96074563370095 1
41.5 20.93310143444702 0
38.79089999999999 17.5254 1
55.54300000000001 38.59739999999999 0
56.5 38.4206562458519 1
56.5 100 0
59.5 100 1
59.5 37.86660059021523 0
55.13930000000001 58.59739999999999 0