75.5 28.5 0
72.5 51 1
78.5 51 0
78.5 52 1
72.5 52 0
72.5 52.5 1
38.5 52.5 0
35.5 48.5 0
35.5 45 1
29.5 45 0
29.5 44 1
35.5 44 0
35.5 42 1
29.5 42 0
29.5 43 1
35.5 43 0
35.5 46 1
9.5 46 0
9.5 47 1
35.5 47 0
35.5 48 1
9.5 48 0
9.5 49 1
38.5 49 0
38.5 50 1
9.5 50 0
9.5 51 1
38.5 51 0
38.5 52 1
9.5 52 0
19.5 54.5 0
19.5 55 1
126.5 55 0
126.5 56 1
19.5 56 0
19.5 57 1
126.5 57 0
126.5 58 1
19.5 58 0
19.5 59 1
126.5 59 0
126.5 54 1
9.5 54 0
9.5 53 1
126.5 53 0
126.5 52 1
104.5 52 0
104 52.5 1
104 38.5 0
103 38.5 1
103 52.5 0
102 52.5 1
102 38.5 0
101 38.5 1
101 52.5 0
100 52.5 1
100 38.5 0
99 38.5 1
99 52.5 0
98 52.5 1
98 38.5 0
80.5 30.06752080632555 0
80.5 29 1
75.5 29 0
75.5 28.5 0