75.5 28.5 0
75.5 28.5 1
75.5 15.5 1
67.5 15.5 1
67.5 48.5 1
72.5 48.5 1
72.5 52.5 0
51.5 59.5 0
51.5 60 1
19.5 60 0
19.5 61 1
51.5 61 0
51.5 62 1
19.5 62 0
19.5 63 1
59.5 63 0
59.5 64 1
9.5 64 0
14.5 68.5 0
14.5 69 1
59.5 69 0
59.5 68 1
9.5 68 0
9.5 67 1
59.5 67 0
59.5 66 1
9.5 66 0
9.5 65 1
59.5 65 0
51.5 62.5 0
51.5 59.5 1
126.5 59.5 1
126.5 51.5 1
104.5 51.5 1
104.5 38.5 1
121.5 38.5 1
121.5 41.5 1
124.5 41.5 1
124.5 30.5 1
119.5 30.5 1
119.5 35.5 0
120 35.5 1
120 30.5 0
119.5 35.5 1
107.5 35.5 1
107.5 28.5 1
119.5 28.5 1
119.5 18.5 1
106.5 18.5 1
106.5 14.5 1
97.5 14.5 1
97.5 18.5 1
100.5 18.5 0
97.5 15 1
106.5 15 0
106.5 16 1
97.5 16 0
97.5 17 1
106.5 17 0
106.5 18 1
97.5 18 0
100.5 18.5 0
100.5 19 1
119.5 19 0
119.5 20 1
100.5 20 0
100.5 21 1
119.5 21 0
119.5 22 1
100.5 22 0
100.5 23 1
119.5 23 0
119.5 24 1
100.5 24 0
100.5 24.5 0
100.5 18.5 1
100.5 24.5 1
87.18102496759067 24.5 1
80.5 30.06752080632555 0
80.5 30 1
75.5 30 0
75.5 28.5 0