75.5 28.5 0
75.5 28.5 1
80.5 28.5 1
80.5 30.06752080632555 0
80.58102496759068 30 1
107.5 30 0
107.5 29 1
81.78102496759067 29 0
82.98102496759066 28 1
119.5 28 0
119.5 27 1
84.18102496759067 27 0
86.58102496759068 25 1
119.5 25 0
119.5 26 1
85.38102496759066 26 0
93.5 39 1
67.5 39 0
67.5 38 1
124.5 38 0
124.5 37 1
67.5 37 0
67.5 36 1
124.5 36 0
124 35.5 1
124 30.5 0
123 30.5 1
123 35.5 0
122 35.5 1
122 30.5 0
121 30.5 1
121 35.5 0
123 38.5 1
123 41.5 0
124 41.5 1
124 38.5 0
122 41.5 1
122 38.5 0
107.5 35.5 0
107.5 35 1
67.5 35 0
67.5 34 1
107.5 34 0
107.5 33 1
67.5 33 0
67.5 32 1
107.5 32 0
107.5 31 1
67.5 31 0
67.5 30.06752080632555 1
75.5 30.06752080632555 0
73 30.06752080632555 1
73 15.5 0
72 15.5 1
72 30.06752080632555 0
71 30.06752080632555 1
71 15.5 0
70 15.5 1
70 30.06752080632555 0
69 30.06752080632555 1
69 15.5 0
68 15.5 1
68 30.06752080632555 0
75.5 28.5 0