64.5 67.5 0
50.5 70.5 1
25.5 70.5 1
25.5 72.5 1
27.5 72.5 1
27.5 76.5 1
24.5 76.5 1
24.5 100.5 1
28.5 100.5 1
28.5 124.5 1
44.5 124.5 1
44.5 135.5 1
32.5 135.5 0
32.5 135 1
21.5 135 0
32.5 133 1
21.5 133 0
21.5 134 1
32.5 134 0
32.5 135.5 1
32.5 132.5 1
21.5 132.5 1
21.5 139.5 1
45.5 139.5 1
45.5 143.5 1
58.5 143.5 1
58.5 133.5 1
50.5 133.5 0
51 133.5 1
51 143.5 0
52 143.5 1
52 133.5 0
53 133.5 1
53 143.5 0
54 143.5 1
54 133.5 0
57 133.5 1
57 143.5 0
58 143.5 1
58 133.5 0
56 133.5 1
56 143.5 0
55 143.5 1
55 133.5 0
50.5 133.5 1
50.5 120.5 1
55.5 120.5 1
55.5 116.5 1
54.5 116.5 0
55 120.5 1
55 116.5 0
54.5 116.5 1
54.50000000000001 114.8246094703209 1
57.95968757625672 110.5 1
57.5 110.5 1
57.5 111.0746094703209 0
57 111.6996094703209 1
57 22.5 0
56 22.5 1
56 112.9496094703209 0
55 114.1996094703209 1
55 22.5 0
54 22.5 1
54 120.5 0
53 120.5 1
53 22.5 0
52 22.5 1
52 120.5 0
51 120.5 1
51 22.5 0
50 22.5 1
50 60.5 0
49 60.5 1
49 22.5 0
48 22.5 1
48 60.5 0
47 60.5 1
47 22.5 0
46 22.5 1
46 60.5 0
45 60.5 1
45 22.5 0
44 22.5 1
44 60.5 0
43 60.5 1
43 22.5 0
42 22.5 1
42 60.5 0
41 60.5 1
41 22.5 0
40 22.5 1
40 60.5 0
39 60.5 1
39 22.5 0
38 22.5 1
38 60.5 0
37 60.5 1
37 22.5 0
36 22.5 1
36 60.5 0
35 60.5 1
35 22.5 0
34 22.5 1
34 60.5 0
33 60.5 1
33 22.5 0
32 22.5 1
32 60.5 0
31 60.5 1
31 22.5 0
30 22.5 1
30 60.5 0
27 60.5 1
27 22.5 0
26 22.5 1
26 60.5 0
28 60.5 1
28 22.5 0
29 22.5 1
29 60.5 0
50.5 60.5 1
50.5 70.5 0
49 70.5 1
49 143.5 0
48 143.5 1
48 70.5 0
47 70.5 1
47 143.5 0
46 143.5 1
46 70.5 0
27.5 76.5 0
26 76.5 1
26 100.5 0
25 100.5 1
25 76.5 0
27 76.5 1
27 100.5 0
28 100.5 1
28 70.5 0
27.5 71 1
25.5 71 0
25.5 72 1
27.5 72 0
29 70.5 1
29 124.5 0
30 124.5 1
30 70.5 0
31 70.5 1
31 124.5 0
32 124.5 1
32 70.5 0
33 70.5 1
33 124.5 0
34 124.5 1
34 70.5 0
35 70.5 1
35 124.5 0
36 124.5 1
36 70.5 0
37 70.5 1
37 124.5 0
38 124.5 1
38 70.5 0
39 70.5 1
39 124.5 0
40 124.5 1
40 70.5 0
41 70.5 1
41 124.5 0
42 124.5 1
42 70.5 0
43 70.5 1
43 124.5 0
44 124.5 1
44 70.5 0
45 70.5 1
45 139.5 0
44.5 139 1
21.5 139 0
21.5 138 1
44.5 138 0
44.5 137 1
21.5 137 0
21.5 136 1
44.5 136 0
50 143.5 1
50 70.5 0
50.5 70.5 0
64.5 67.5 0