53.9482 52.4709 0
53.9482 52.4709 1
45.9336 42.7722 0
47.5 44.6677460883887 1
47.5 0 0
44.5 0 1
44.5 43.87035764400721 0
24.6384 51.02209999999999 1
22.4965 46.23050000000001 0
16.2192 51.93980000000001 1
12.3509 58.4263 0
11.5876 66.0163 1
14.4126 72.6182 0
14.5 72.56258176515342 1
14.5 100 0
11.5 100 1
11.5 0 0
8.5 0 1
8.5 100 0
5.5 100 1
5.5 0 0
2.5 0 1
2.5 100 0
0 100 1
0 0 0
14.5 0 1
14.5 54.82261436289843 0
16.2192 51.93980000000001 0
17.5 50.7748928838832 1
17.5 0 0
20.5 0 1
20.5 48.04634717155464 0
22.4965 46.23050000000001 0
23.5 48.47540900602269 1
23.5 0 0
26.5 0 1
26.5 57.80562117759709 0
23.5 52.3384124527322 1
23.5 51.6967404387152 0
23.2343 51.85420000000001 1
29.396 63.08329999999999 0
26.5 64.92621084800513 1
26.5 79.43773821406657 0
26.418 79.53030000000001 0
17.5 100 1
17.5 70.65348903586636 0
20.5 68.74439630657929 1
20.5 100 0
23.5 100 1
23.5 66.83530357729219 0
39.27679999999999 84.5222 0
38.5 85.45269655347187 1
38.5 100 0
41.5 100 1
41.5 50.33178417001723 0
44.5 54.64578761631246 1
44.5 100 0
47.5 100 1
47.5 58.95979106260769 0
48.316 60.1332 0
56.5 62.14476612542636 1
56.5 100 0
59.5 100 1
59.5 66.0548094055433 0
59.5181 66.07839999999999 1
52.5403 56.98390000000001 0
53.5 58.23472284530941 1
53.5 100 0
50.5 100 1
50.5 58.50498439031318 0
48.316 60.1332 1
39.611 47.61539999999999 0
41.5 46.16839958877677 1
41.5 0 0
38.5 0 1
38.5 83.79326829862768 0
39.27679999999999 84.5222 1
36.12 88.30359999999999 0
35.5 87.74294796949081 1
35.5 100 0
32.5 100 1
32.5 85.03011556380127 0
29.5 82.31728315811174 1
29.5 100 0
26.5 100 1
26.5 79.60445075242217 0
26.418 79.53030000000001 1
29.8403 75.66720000000001 0
29.5 76.05133141162375 1
29.5 0 0
32.5 0 1
32.5 78.16300284003603 0
35.5 80.97813556933184 1
35.5 0 0
56.5 0 1
56.5 50.80099253312548 0
58.4387 49.53230000000001 0
59.5 51.15403397224884 1
59.5 0 0
62.5 0 1
62.5 55.73822498020751 0
65.5 60.32241598816617 1
65.5 0 0
68.5 0 1
68.5 100 0
71.5 100 1
71.5 77.99855701829495 0
74.5 81.07791359016426 1
74.5 100 0
77.5 100 1
77.5 84.15727016203357 0
80.5 87.23662673390285 1
80.5 100 0
83.5 100 1
83.5 90.31598330577216 0
86.5 100 1
86.5 0 0
89.5 0 1
89.5 100 0
92.5 100 1
92.5 0 0
95.5 0 1
95.5 100 0
98.5 100 1
98.5 0 0
83.5 0 1
83.5 88.44282818242513 0
80.5 76.62809873624977 1
80.5 0 0
77.5 0 1
77.5 66.55653386801353 0
77.85249999999999 66.20160000000001 1
84.14330000000001 90.97630000000001 1
68.84399999999999 75.2723 1
77.85249999999999 66.20160000000001 0
71.5 72.59796140866959 1
71.5 0 0
74.5 0 1
74.5 69.57724763834156 0
62.5 63.37703821217914 1
62.5 100 0
65.5 100 1
65.5 60.65927927879352 0
65.63839999999999 60.5339 1
58.4387 49.53230000000001 0
50.5 48.29813313203404 1
50.5 0 0
53.5 0 1
53.5 51.92852017567938 0
53.9482 52.4709 0