45.52160000000001 85.9811 0
45.52160000000001 85.9811 1
34.7984 91.57230000000001 0
34.77065449367089 91.5 1
34.93706206896552 91.5 0
34.2527 90.15029999999999 0
31.68259296677478 91.5 1
0 91.5 0
0 94.5 1
27.02152932275965 94.5 0
26.7964 94.066 1
34.2527 90.15029999999999 0
40.69067488911146 88.5 1
0 88.5 0
0 85.5 1
100 85.5 0
100 82.5 1
0 82.5 0
0 79.5 1
100 79.5 0
100 76.5 1
0 76.5 0
0 73.5 1
100 73.5 0
100 70.5 1
0 70.5 0
0 67.5 1
100 67.5 0
100 64.5 1
0 64.5 0
0 61.5 1
100 61.5 0
100 58.5 1
0 58.5 0
0 55.5 1
100 55.5 0
100 52.5 1
0 52.5 0
0 49.5 1
100 49.5 0
100 46.5 1
0 46.5 0
0 43.5 1
100 43.5 0
100 40.5 1
0 40.5 0
0 37.5 1
100 37.5 0
98.01024352902931 34.3184 1
99.54178300271352 23.8762 0
100 23.8762 1
100 34.3184 0
100 34.5 1
0 34.5 0
0 31.5 1
90.15752311548223 31.5 0
87.19329999999999 29.6755 0
87.21485426347419 28.5 1
0 28.5 0
0 25.5 1
87.26986301755548 25.5 0
87.27080000000001 25.4489 1
90.07509999999999 25.2448 1
89.9538 22.9429 0
100 22.5 1
0 22.5 0
0 1.5 1
100 1.5 0
100 4.5 1
0 4.5 0
0 7.5 1
100 7.5 0
100 10.5 1
0 10.5 0
0 13.5 1
100 13.5 0
100 16.5 1
0 16.5 0
0 19.5 1
100 19.5 0
94.9753 23.1474 1
95.21080000000001 24.0546 1
96.81540000000001 23.8762 1
95.70169999999999 30.1655 0
95.58713430715767 30.16626512839408 1
94.97814784300976 34.3184 0
100 88.5 1
45.38025235510111 88.5 0
45.21190786556335 91.5 1
100 91.5 0
100 94.5 1
39.36130535594469 94.5 0
33.16297357944454 97.5 1
100 97.5 0
100 100 1
0 100 0
0 97.5 1
28.5777227980568 97.5 0
29.4979 99.2739 1
45.2022 91.673 0
45.52160000000001 85.9811 0