48.9384 49.8009 0
50.56383565156305 41.5 1
38.66897291947615 41.5 0
39.4886518015368 44.5 1
55.15941720746582 44.5 0
65.70906013068387 60.1007 1
64.95304071737968 62.34039818294757 0
64.62629999999999 60.1007 1
65.4623 65.8312 1
57.8134 66.74600000000001 1
68.21536854381873 66.74600000000001 0
65.4623 65.8312 1
65.15350546484504 66.74600000000001 0
66.63221621150529 66.74600000000001 1
68.8753647953107 60.1007 0
70.66128590469845 59.5 1
0 59.5 0
11.1895509939764 47.5 1
0 47.5 0
0 50.5 1
15.77897948611633 50.5 0
18.0073 51.95659999999999 1
8.635840000000002 45.83069999999999 0
9.520473561023234 44.5 1
0 44.5 0
0 41.5 1
11.51483794297988 41.5 0
13.50920232493653 38.5 1
0 38.5 0
0 35.5 1
25.89897124486853 35.5 0
24.3573190375274 35.5887 1
29.37237005460697 51.95659999999999 0
27.72790860302478 51.42110355222189 1
27.33226862943163 51.95659999999999 0
23.60228117765898 51.95659999999999 1
26.63450516181487 47.85250213133314 0
24.26545917562125 40.12051542464567 1
18.00318784449487 35.5887 0
15.4446 35.5887 1
22.87693129149523 35.5887 1
24.9944 42.4996 0
25.54110172060496 44.28390071044439 1
19.87229372588633 51.95659999999999 0
18.0073 51.95659999999999 1
30.94119954340845 51.95659999999999 0
31.1501 52.6384 1
40.8291 49.40600000000001 0
42.30346323639075 47.5 1
40.30833068359746 47.5 0
45.96825409566028 38.5 1
37.84929403741549 38.5 0
34.7914 27.3082 1
24.5 30.9341 0
24.97978472422515 32.5 1
0 32.5 0
0 29.5 1
28.57040920599022 29.5 0
33.4833 13.0649 1
42.3095 10.7406 0
39.42578607322633 11.5 1
0 11.5 0
0 14.5 1
33.73110219217558 14.5 0
34.24911945684477 17.50000000000001 1
0 17.50000000000001 0
0 20.50000000000001 1
34.76713672151394 20.50000000000001 0
34.82550000000001 20.838 1
44.1605 18.5314 0
43.91545181496124 17.50000000000001 1
57.09266712681182 17.50000000000001 0
56.4389 16.2922 1
60.81229999999999 13.6177 0
61.24511527075275 14.5 1
72.27996369057942 14.5 0
73.1275 16.062 1
73.76243929529173 16.062 0
73.36177594742793 17.81880415869879 1
76.24624053940749 20.858 0
78.31426579990128 20.858 1
73.90019117713769 20.858 1
73.74529999999999 20.6948 0
80.82175654743639 23.50000000000001 1
0 23.50000000000001 0
0 26.50000000000001 1
83.66902083305538 26.50000000000001 0
86.51628511867438 29.5 1
52.69470189636976 29.5 0
55.02615617074029 32.5 1
89.36354940429337 32.5 0
89.59190000000001 32.7406 1
100 32.7406 1
100 1.0027 0
99.88050000000001 1.0027 1
99.88050000000001 32.7406 0
99.88050000000001 29.67230407698487 1
96.39846589122848 32.7406 0
91.86075529707617 32.7406 1
99.88050000000001 25.67376802566162 0
99.88050000000001 4.172820058316661 1
96.83957969352858 1.0027 0
92.68249531718888 1.0027 1
99.88050000000001 8.506526712024069 0
99.88050000000001 12.84023336573148 1
88.52541094084921 1.0027 0
84.36832656450952 1.0027 1
99.88050000000001 17.17394001943889 0
99.88050000000001 21.5076466731463 1
80.21124218816985 1.0027 0
78.1327 1.0027 0
76.53345995784696 2.500000000000004 1
0 2.500000000000004 0
0 0 1
100 0 1
100 1.0027 1
78.1327 1.0027 1
68.2508 10.2547 0
70.12496449740595 8.500000000000004 1
0 8.500000000000004 0
0 5.500000000000005 1
73.32921222762644 5.500000000000005 0
59.36954403813796 14.5 1
43.20268804230631 14.5 0
42.48992426965138 11.5 1
69.43269940496046 11.5 0
62.71677549092531 17.50000000000001 1
69.81021148091884 17.50000000000001 0
69.71889999999999 16.5134 1
73.1275 16.062 1
73.74529999999999 20.6948 1
70.12100000000001 20.858 0
70.0878665009437 20.50000000000001 1
63.81911375843251 20.50000000000001 0
64.10980000000001 20.3397 1
59.8895 22.667 0
58.71652983623015 20.50000000000001 1
36.19341381253791 20.50000000000001 0
35.39025739123352 29.5 1
48.93024942694386 29.5 0
46.95520682506451 32.5 1
36.20993627329418 32.5 0
37.02961515535483 35.5 1
44.98016422318516 35.5 0
43.89579999999999 37.14709999999999 1
56.5433 45.4034 0
57.00842647255283 44.5 1
84.94924368184735 44.5 0
85.53149999999999 43.2106 1
90.92840000000001 45.012 0
89.39447483068724 44.5 1
100 44.5 0
100 41.5 1
58.55301294328395 41.5 0
59.9348 38.81619999999999 0
57.35761044511082 35.5 1
100 35.5 0
100 38.5 1
59.68906471948135 38.5 0
77.71090000000001 54.1105 1
71.71539999999999 56.3772 0
71.67394835054981 56.5 1
0 56.5 0
0 53.5 1
100 53.5 0
100 56.5 1
78.60406772501872 56.5 0
79.72543335592738 59.5 1
100 59.5 0
100 62.5 1
80.84679898683601 62.5 0
80.85419999999999 62.5198 1
68.0686 67.1808 0
72.67920641064148 65.5 1
100 65.5 0
100 68.5 1
39.33683156860795 68.5 0
39.12757608544288 71.5 1
100 71.5 0
100 74.5 1
0 74.5 0
0 77.5 1
33.3424321621454 77.5 0
28.6507 77.06139999999999 1
63.11450000000001 80.28319999999999 0
63.1332 78.1952 1
34.12479999999999 75.4727 0
31.0773 73.84350000000001 0
31.45001889143084 68.5 1
26.47176709714265 68.5 0
26.6258 69.32749999999999 1
19.1549 71.0498 0
18.68729880297695 68.5 1
0 68.5 0
0 71.5 1
31.24076340826578 71.5 0
0 98.5 1
100 98.5 0
100 95.5 1
0 95.5 0
0 92.5 1
100 92.5 0
100 89.5 1
0 89.5 0
0 86.5 1
76.6174379121733 86.5 0
74.8074 86.27789999999999 0
72.31888812805127 83.5 1
0 83.5 0
0 80.5 1
72.99623689053789 80.5 0
75.7106 77.5745 1
82.6617 84.07509999999999 0
80.43607385440581 86.5 1
100 86.5 0
100 83.5 1
82.04674482509307 83.5 0
78.83884093929791 80.5 1
100 80.5 0
100 77.5 1
55.72580250505052 77.5 0
57.65783194141748 65.5 1
25.91333965475949 65.5 0
25.6154 63.8994 1
18.0978 65.28550000000001 0
18.13713659767882 65.5 1
0 65.5 0
0 62.5 1
57.2832700026153 62.5 0
37.55325975745575 50.5 1
88.27578661831282 50.5 0
88.44499999999999 50.5655 0
89.81582249032141 47.5 1
100 47.5 0
100 50.5 1
88.47429012334564 50.5 0
88.44499999999999 50.5655 1
83.1379 48.5112 0
83.59452912123155 47.5 1
48.4448788769995 47.5 0
48.9384 49.8009 0