19.6043 67.8365
11.5475 65.0578
9.36282 73.03
17.861 75.5033

45.3219 35.4003
33.8493 33.23
33.0477 37.4261
45.2844 39.2014

44.4529 72.2272
38.0984 66.0082
34.6515 70.0721
40.8607 76.2033

52.5385 78.3674
44.895 77.5878
43.8138 85.7907
41.5956 93.0884
49.118 93.8792
52.4628 82.6933

68.1111 51.4505
52.9346 43.1365
49.6212 48.2669
57.7169 51.4467
65.2306 56.8313

67.1919 27.4244
65.2309 22.5782
57.8993 13.0443
53.2124 15.7075
61.563 31.9011

77.9167 13.9006
71.7065 8.36279
66.1509 14.6918
72.4445 20.4847

73.9027 91.4792
69.2213 89.0372
68.7727 90.1567
64.9425 88.1587
62.644 93.8623
71.4377 97.502

96.3291 24.296
92.2569 13.7568
87.8956 15.0936
86.9433 20.0442
87.9464 22.7678