40.0831 68.44999999999999 0
35.5 73.97741630770196 1
35.5 0 0
38.5 0 1
38.5 70.3592868924359 0
40.0831 68.44999999999999 0
40.0831 68.44999999999999 1
33.699 76.14949999999999 0
16.9845 86.5762 1
14.1331 92.6293 0
14.5 91.85042562600827 1
14.5 43.14711136567834 0
13.4517 43.3077 1
12.0789 34.6494 0
14.5 33.75902638825053 1
14.5 0 0
11.5 0 1
11.5 100 0
14.5 100 1
14.5 92.88298091947965 0
17.5 94.95723210083401 1
17.5 100 0
8.5 100 1
8.5 0 0
5.5 0 1
5.5 100 0
2.5 100 1
2.5 0 0
0 0 1
0 100 0
16.9845 86.5762 0
17.5 87.01211989172705 1
17.5 42.68754263252471 0
19.9071 42.3188 1
18.4555 33.1567 0
17.5 32.99588754716981 1
17.5 0 0
20.5 0 1
20.5 89.54899608024533 0
22.8216 91.51220000000001 1
19.4448 96.30189999999999 0
20.5 94.80518967069415 1
20.5 100 0
23.5 100 1
23.5 0 0
26.5 0 1
26.5 100 0
29.5 100 1
29.5 0 0
32.5 0 1
32.5 100 0
35.5 100 1
35.5 77.49098075602978 0
38.5 79.72554059394724 1
38.5 100 0
41.5 100 1
41.5 81.96010043186467 0
44.5 84.19466026978213 1
44.5 100 0
47.5 100 1
47.5 86.42922010769959 0
48.7037 87.32579999999999 1
53.9174 79.97280000000001 0
50.5 84.7924371482824 1
50.5 100 0
53.5 100 1
53.5 80.56146873813222 0
53.9174 79.97280000000001 0
53.5 79.6251411578468 1
53.5 27.34454320488948 0
56.5 28.31758801507689 1
56.5 100 0
59.5 100 1
59.5 19.62592697641531 0
61.0461 14.8624 1
56.6619 28.3701 0
50.5 26.37149839470207 1
50.5 77.12639528707632 0
47.5 74.62764941630584 1
47.5 25.39845358451466 0
44.5 24.42540877432724 1
44.5 72.12890354553537 0
40.0831 68.44999999999999 0