40.0831 68.44999999999999 0
41.5 69.63015767476489 1
41.5 0 0
44.5 0 1
44.5 20.29774036054204 0
43.34350000000001 24.0503 1
47.4096 10.8568 0
47.5 10.88335419205808 1
47.5 0 0
50.5 0 1
50.5 11.7645773798262 0
53.5 12.64580056759432 1
53.5 0 0
56.5 0 1
56.5 13.52702375536245 0
59.5 14.40824694313057 1
59.5 0 0
62.5 0 1
62.5 20.05510531629208 0
65.5 19.97390678270172 1
65.5 0 0
68.5 0 1
68.5 19.89270824911135 0
68.9178 19.8814 1
69.1754 33.4877 0
68.5 32.96761867528558 1
68.5 76.90240336818363 0
70.7268 82.15110000000001 1
67.4461 74.41829999999999 0
65.5 73.43631657485818 1
65.5 30.65751507128309 0
62.5 28.34741146728062 1
62.5 74.0536255751243 0
63.7972 72.5771 1
61.4238 75.27860000000001 1
63.98139999999999 78.2345 0
62.5 76.52239870972787 1
62.5 100 0
65.5 100 1
65.5 82.17166997909206 0
67.94499999999999 84.50450000000001 0
68.5 84.0349705586311 1
68.5 100 0
71.5 100 1
71.5 0 0
74.5 0 1
74.5 19.69459127842934 0
73.4032 19.7838 1
74.15809999999999 27.0002 0
74.5 26.96652239418922 1
74.5 100 0
77.5 100 1
77.5 26.67101839467958 0
80.68389999999999 26.3574 0
80.5 25.18248241083521 1
80.5 0 0
77.5 0 1
77.5 19.45058492840018 0
79.57640000000001 19.2817 1
80.68389999999999 26.3574 0
80.5 26.37551439516994 1
80.5 100 0
83.5 100 1
83.5 0 0
86.5 0 1
86.5 100 0
98.42760000000001 77.19640000000001 0
95.5 73.81110889188997 1
95.5 0 0
98.5 0 1
98.5 100 0
95.5 100 1
95.5 79.01872883021318 0
98.42760000000001 77.19640000000001 1
92.80000000000001 70.68899999999999 0
92.5 70.85648087316628 1
92.5 0 0
89.5 0 1
89.5 72.53128960482908 0
88.52590000000001 73.07509999999999 1
93.80709999999999 80.07249999999999 0
92.5 78.34063952510792 1
92.5 100 0
89.5 100 1
89.5 74.36574745512382 0
40.0831 68.44999999999999 0