62.5 44.5 0
64.5 44.5 0
64.5 48.5 1
48.5 48.5 1
48.5 17.5 1
41.5 17.5 0
41.5 17 1
18.5 17 0
18.5 16 1
41.5 16 0
41.5 14 1
18.5 14 0
18.5 15 1
41.5 15 0
41.5 17.5 1
41.5 13.5 1
18.5 13.5 1
18.5 23.5 1
15.5 23.5 1
15.5 24.5 1
22.5 24.5 0
22.5 25 1
48.5 25 0
48.5 21 1
18.5 21 0
18.5 20 1
48.5 20 0
48.5 18 1
18.5 18 0
18.5 19 1
48.5 19 0
48.5 22 1
18.5 22 0
18.5 23 1
48.5 23 0
48.5 24 1
15.5 24 0
22.5 24.5 1
22.5 34.5 1
29.5 34.5 1
29.5 30.5 0
40 30.5 1
40 37.5 0
41 37.5 1
41 30.5 0
42 30.5 1
42 37.5 0
43 37.5 1
43 30.5 0
44 30.5 1
44 47.5 0
22.5 47.5 1
43.5 47.5 1
43.5 37.5 1
39.5 37.5 1
39.5 30.5 1
29.5 30.5 0
29.5 31 1
22.5 31 0
22.5 32 1
29.5 32 0
29.5 34 1
22.5 34 0
22.5 33 1
29.5 33 0
22.5 30 1
48.5 30 0
48.5 27 1
22.5 27 0
22.5 26 1
48.5 26 0
48.5 28 1
22.5 28 0
22.5 29 1
48.5 29 0
48 30.5 1
48 47.5 0
47 47.5 1
47 30.5 0
45 47.5 1
45 30.5 0
46 30.5 1
46 47.5 0
48.5 48 1
18.5 48 0
18.5 47.5 0
12.5 47 1
22.5 47 0
22.5 46 1
12.5 46 0
12.5 45 1
22.5 45 0
22.5 44 1
12.5 44 0
12.5 43 1
22.5 43 0
22.5 41 1
16.5 41 0
16.5 42 1
22.5 42 0
22.5 47.5 1
22.5 40.5 1
16.5 40.5 1
16.5 42.5 1
12.5 42.5 1
12.5 47.5 1
18.5 47.5 1
18.5 54.5 1
43.5 54.5 1
43.5 60.5 1
29.5 60.5 0
29.5 60 1
12.5 60 0
12.5 59 1
29.5 59 0
29.5 58 1
15.5 58 0
29.5 60.5 1
29.5 57.5 1
15.5 57.5 1
15.5 58.5 1
12.5 58.5 1
12.5 88.5 1
26.5 88.5 1
26.5 85.5 0
38.5 82.5 0
38.5 83 1
12.5 83 0
12.5 84 1
38.5 84 0
38 85.5 1
38 89.5 0
38.5 85 1
12.5 85 0
12.5 86 1
26.5 86 0
26.5 88 1
12.5 88 0
12.5 87 1
26.5 87 0
26.5 85.5 1
37.5 85.5 1
37.5 89.5 1
38.5 89.5 1
38.5 82.5 1
42.5 82.5 1
42.5 86.5 1
45.5 86.5 1
45.5 82.5 1
50.5 82.5 1
50.5 54.5 1
62.5 54.5 0
64.5 48.5 0
64.5 44.5 0
62.5 44.5 0