62.5 44.5 0
62.5 41 1
119.5 41 0
119.5 40 1
62.5 40 0
62.5 39 1
119.5 39 0
119.5 38 1
62.5 38 0
65 36.5 1
65 15.15085413965889 0
64 15.98418747299223 1
64 36.5 0
62.5 37 1
110.5 37 0
110.5 37.5 0
110.5 44 1
119.5 44 0
119.5 45 1
110.5 45 0
110.5 43 1
119.5 43 0
119.5 42 1
110.5 42 0
110.5 41.5 0
105.5 41.5 1
110.5 41.5 1
110.5 45.5 1
119.5 45.5 1
119.5 37.5 1
110.5 37.5 1
110.5 27.5 0
113.5 27 1
95.5 27 0
95.5 26 1
113.5 26 0
113.5 25 1
95.5 25 0
95.5 24 1
113.5 24 0
113.5 23 1
95.5 23 0
95.5 20 1
113.5 20 0
113.5 19 1
95.5 19 0
95.5 21 1
113.5 21 0
113.5 22 1
95.5 22 0
95.5 36.5 0
95.5 36 1
110.5 36 0
110.5 35 1
95.5 35 0
95.5 34 1
110.5 34 0
110.5 33 1
95.5 33 0
95.5 32 1
110.5 32 0
110.5 31 1
95.5 31 0
95.5 30 1
110.5 30 0
110.5 29 1
95.5 29 0
95.5 28 1
110.5 28 0
110.5 27.5 1
113.5 27.5 1
113.5 18.5 1
95.5 18.5 1
95.5 36.5 1
62.5 36.5 0
63 36.5 1
63 16.81752080632556 0
66 36.5 1
66 14.31752080632556 0
67 13.48418747299223 1
67 36.5 0
68 36.5 1
68 12.65085413965889 0
69 12.5 1
69 36.5 0
70 36.5 1
70 12.5 0
71 12.5 1
71 36.5 0
72 36.5 1
72 12.5 0
73 12.5 1
73 36.5 0
74 36.5 1
74 13.5 0
75 13.5 1
75 36.5 0
76 36.5 1
76 13.5 0
77 13.5 1
77 36.5 0
78 36.5 1
78 13.5 0
79 13.5 1
79 36.5 0
80 36.5 1
80 13.5 0
81 13.5 1
81 36.5 0
82 36.5 1
82 13.5 0
83 13.5 1
83 36.5 0
84 36.5 1
84 13.5 0
85 13.5 1
85 36.5 0
85.5 36.5 1
85.5 13.5 1
73.5 13.5 1
73.5 12.5 1
68.18102496759067 12.5 1
62.50000000000001 17.23418747299222 1
62.5 44.5 0
62.5 44.5 0