62.5 44.5 0
64.5 44.5 0
64.5 48 1
87.5 48 0
87.5 49 1
18.5 49 0
18.5 50 1
87.5 50 0
87.5 51 1
18.5 51 0
18.5 52 1
87.5 52 0
87.5 53 1
18.5 53 0
18.5 54 1
87.5 54 0
87.5 55 1
62.5 55 0
62.5 56 1
87.5 56 0
87.5 57 1
62.5 57 0
62.5 58 1
115.5 58 0
115.5 59 1
62.5 59 0
62.5 60 1
115.5 60 0
115.5 61 1
62.5 61 0
62.5 54.5 1
62.5 89.5 1
79.5 89.5 1
79.5 87.5 1
116.5 87.5 1
116.5 69.5 1
115.5 69.5 1
115.5 53.5 1
111.5 53.5 1
111.5 57.5 0
112 57.5 1
112 53.5 0
113 53.5 1
113 57.5 0
115 57.5 1
115 53.5 0
114 53.5 1
114 57.5 0
111.5 57.5 1
87.5 57.5 1
87.5 44.5 1
105.5 44.5 1
105.5 41.5 0
105.5 42 1
62.5 42 0
62.5 43 1
105.5 43 0
105.5 44 1
62.5 44 0
62.5 44.5 0