44.5 78.5 0
44.5 78.5 1
50.73240812075601 78.49999999999999 1
54.5 84.15138781886601 1
54.5 85.5 0
54.99999999999996 85.5 1
55 106.5 0
54 106.5 1
53.99999999999996 83.40138781886594 0
54.5 85.5 1
55.5 85.5 1
55.5 106.5 1
46.5 106.5 1
46.5 99.5 0
47 106.5 1
46.99999999999994 78.5 0
47.99999999999994 78.5 1
48 106.5 0
49 106.5 1
48.99999999999994 78.5 0
49.99999999999994 78.5 1
50 106.5 0
51 106.5 1
50.99999999999994 78.90138781886591 0
51.99999999999994 80.40138781886591 1
52 106.5 0
53 106.5 1
52.99999999999996 81.90138781886594 0
44.5 78.5 0