44.5 78.5 0
39.50000000000001 79.11721778146267 1
39.5 109.5 0
45 109.5 1
45.00000000000004 137.5 0
46.00000000000004 137.5 1
46 109.5 0
47 109.5156817469495 1
47.00000000000004 137.5 0
48.00000000000004 137.5 1
48 110.3728246040924 0
49 111.2299674612352 1
49.00000000000004 137.5 0
50.00000000000004 137.5 1
50 112.0871103183781 0
51 112.9442531755209 1
51.00000000000004 137.5 0
52.00000000000004 137.5 1
52 113.8013960326638 0
52.81503796189226 114.5 0
53 114.5 1
53.00000000000004 137.5 0
54.00000000000004 137.5 1
54 114.5 0
55 114.5 1
55.00000000000004 137.5 0
56.00000000000004 137.5 1
56 114.5 0
57 114.5 1
57.00000000000004 137.5 0
58.00000000000004 137.5 1
58 114.5 0
62 114.5 1
62.00000000000004 132.5 0
63.00000000000004 132.5 1
63 114.5 0
61 114.5 1
61.00000000000004 132.5 0
60.00000000000004 132.5 1
60 114.5 0
59 114.5 1
59.00000000000004 132.5 0
58.5 132.5 0
44.00000000000004 137.5 1
44 109.5 0
43 109.5 1
43.00000000000004 140.5 0
42.00000000000004 140.5 1
42 109.5 0
41 109.5 1
41.00000000000004 140.5 0
40.00000000000004 140.5 1
40 109.5 0
39.5 109.5 1
46.5 109.5 1
46.5 109.0871103183781 1
52.81503796189226 114.5 1
63.5 114.5 0
64 110.5 1
64.00000000000003 132.5 0
65.00000000000003 132.5 1
65 110.5 0
66 110.5 1
66.00000000000003 132.5 0
67.00000000000003 132.5 1
67 110.5 0
68 110.5 1
68.00000000000003 132.5 0
69.00000000000003 132.5 1
69 110.5 0
63.5 114.5 1
63.5 110.5 1
75.5 110.5 1
75.5 140.5 1
74.5 140.5 1
74.5 137.5 0
75.00000000000006 140.5 1
75 110.5 0
70 110.5 1
70.00000000000003 132.5 0
70.5 132.5 0
71.00000000000006 137.5 1
71 110.5 0
72 110.5 1
72.00000000000006 137.5 0
73.00000000000006 137.5 1
73 110.5 0
74 110.5 1
74.00000000000006 137.5 0
74.5 137.5 1
70.5 137.5 1
70.5 132.5 1
58.5 132.5 1
58.5 137.5 1
43.5 137.5 1
43.5 140.5 1
37.5 140.5 1
37.5 148.5 1
16.26759187924401 148.5 1
12.5 142.848612181134 1
12.5 142.5 1
13.5 142.5 0
13.00000000000005 143.5986121811341 1
13.00000000000005 142.5 0
13.5 142.5 1
13.5 109.5 1
31.5 109.5 1
31.5 101.5 1
17.5 101.5 1
17.5 82.5 1
20.5 82.5 1
20.5 85.5 1
31.5 85.5 1
31.5 74.5 0
44.5 78.5 0