44.5 78.5 0
40.99999999999996 81.74221778146259 1
40.99999999999994 75.5 0
37.5 75.5 1
37.5 57.5 0
36.99999999999991 57.5 1
37.00000000000006 148.5 0
36.00000000000006 148.5 1
35.99999999999993 65.5 0
36.5 65.5 1
36.5 57.5 1
52.06574145408934 57.5 1
48.5 62.848612181134 1
48.5 64.5 1
37.5 64.5 0
37.5 64 1
48.5 64 0
37.5 61 1
49.73240812075601 61 0
50.39907478742268 60 1
37.5 60 0
37.5 58 1
51.73240812075601 58 0
51.06574145408933 59 1
37.5 59 0
37.5 62 1
49.06574145408933 62 0
48.5 62.848612181134 0
48.5 63 1
37.5 63 0
36.5 65.5 0
34.99999999999993 65.5 1
35.00000000000006 148.5 0
34.00000000000006 148.5 1
33.99999999999993 65.5 0
33.5 65.5 0
33.5 55.5 0
33.99999999999991 55.5 1
33.99999999999983 10.5 0
34.99999999999983 10.5 1
34.99999999999991 55.5 0
35.99999999999991 55.5 1
35.99999999999989 44.5 0
36.99999999999989 44.5 1
36.99999999999991 55.5 0
33.5 55.5 0
26.99999999999994 74.5 1
26.99999999999991 53.5 0
25.99999999999991 53.5 1
25.99999999999994 74.5 0
23.99999999999994 74.5 1
23.99999999999991 53.5 0
24.99999999999991 53.5 1
24.99999999999994 74.5 0
27.99999999999994 74.5 1
27.99999999999991 53.5 0
28.99999999999991 53.5 1
28.99999999999994 74.5 0
29.99999999999994 74.5 1
29.99999999999984 11.5 0
28.99999999999984 11.5 1
28.99999999999987 34.5 0
32.99999999999983 11.5 1
33.00000000000006 148.5 0
32.00000000000006 148.5 1
31.99999999999984 11.5 0
30.99999999999984 11.5 1
30.99999999999994 74.5 0
31.5 74.5 0
37.5 75.5 0
41.99999999999994 75.5 1
41.99999999999996 83.49221778146259 0
42.99999999999996 85.24221778146261 1
42.99999999999994 75.5 0
44.5 78.5 0