44.5 78.5 0
45.99999999999994 78.5 1
45.99999999999999 99.5 0
46.5 99.5 1
42.5 99.5 1
42.5 93.5 1
44.5 93.5 0
44.5 87.86721778146268 1
39.50000000000001 79.11721778146267 0
31.5 109.5 0
31 109.5 1
31.00000000000006 148.5 0
30.00000000000006 148.5 1
30 109.5 0
29 109.5 1
29.00000000000006 148.5 0
28.00000000000006 148.5 1
28 109.5 0
27 109.5 1
27.00000000000006 148.5 0
26.00000000000006 148.5 1
26 109.5 0
25 109.5 1
25.00000000000006 148.5 0
24.00000000000006 148.5 1
24 109.5 0
23 109.5 1
23.00000000000006 148.5 0
22.00000000000006 148.5 1
22 109.5 0
21 109.5 1
21.00000000000006 148.5 0
20.00000000000006 148.5 1
20 109.5 0
19 109.5 1
19.00000000000006 148.5 0
18.00000000000006 148.5 1
18 109.5 0
17 109.5 1
17.00000000000006 148.5 0
16.00000000000006 148.0986121811341 1
16 109.5 0
14 109.5 1
14.00000000000006 145.0986121811341 0
15.00000000000006 146.5986121811341 1
15 109.5 0
31.5 109.5 0
31.5 101.5 0
20.99999999999996 85.5 1
20.99999999999999 101.5 0
19.99999999999999 101.5 1
19.99999999999995 82.5 0
18.99999999999995 82.5 1
18.99999999999999 101.5 0
17.99999999999999 101.5 1
17.99999999999995 82.5 0
20.5 85.5 0
21.99999999999996 85.5 1
21.99999999999999 101.5 0
22.99999999999999 101.5 1
22.99999999999996 85.5 0
23.99999999999996 85.5 1
23.99999999999999 101.5 0
24.99999999999999 101.5 1
24.99999999999996 85.5 0
25.99999999999996 85.5 1
25.99999999999999 101.5 0
26.99999999999999 101.5 1
26.99999999999996 85.5 0
27.99999999999996 85.5 1
27.99999999999999 101.5 0
28.99999999999999 101.5 1
28.99999999999996 85.5 0
29.99999999999996 85.5 1
29.99999999999999 101.5 0
30.99999999999999 101.5 1
30.99999999999996 85.5 0
31.5 85.5 0
37.99999999999994 75.5 1
38.00000000000004 140.5 0
39.00000000000004 140.5 1
38.99999999999994 75.5 0
39.99999999999994 75.5 1
39.99999999999994 79.99221778146259 0
44.5 78.5 0