57.9255 55.0526 0
61.5 58.80478008458763 1
61.5 0 0
64.5 0 1
64.5 61.95390310983953 0
65.96449999999999 63.49120000000001 0
67.4837 66.75720000000001 0
67.4837 68.19492380438294 1
56.70296004640286 79.87658827874668 0
70.5 75.98522964025162 1
70.5 0 0
67.5 0 1
67.5 79.23593354127635 0
67.4837 77.04186132018745 1
61.02251200928058 84.04299765574933 0
58.86273602784172 81.95979296724801 1
67.4837 72.61839256228521 0
71.65629999999999 74.73230000000001 0
76.5 84.19949458358315 1
76.5 0 0
73.5 0 1
73.5 78.33588128161369 0
94.5 79.97782050647555 1
94.5 0 0
91.5 0 1
91.5 79.78276635601119 0
88.5 79.58771220554681 1
88.5 0 0
85.5 0 1
85.5 79.39265805508242 0
82.5 79.19760390461806 1
82.5 0 0
79.5 0 1
79.5 79.00254975415368 0
78.5718 78.94220000000001 1
78.1978 87.94829999999999 0
78.16059999999999 87.4452 0
76.5 89.19420392663696 1
76.5 100 0
78.1978 98.52336464483437 1
90.52488489313251 100 0
97.24199999999999 94.76173488974044 1
78.1978 92.48047056207187 0
78.1978 89.45902352069064 1
97.24199999999999 91.7402878483592 0
78.1978 87.94829999999999 1
78.1978 100 1
97.24199999999999 100 0
97.5 100 1
97.5 0 0
100 0 1
100 100 0
97.24199999999999 97.7831819311217 1
78.1978 95.50191760345311 0
72.62270000000001 98.02888237984476 1
71.63733244280971 98.8938 0
73.5 100 1
73.5 92.35391233318327 0
71.27430000000001 94.69810000000001 1
78.16059999999999 87.4452 1
71.65629999999999 74.73230000000001 1
67.4837 79.25359569913857 1
67.4837 66.75720000000001 0
65.96449999999999 63.49120000000001 1
57.9255 55.0526 0
57.9255 55.0526 0