57.9255 55.0526 0
57.9255 55.0526 1
42.0715 71.82300000000001 0
42.0715 73.93574124688624 1
67.23349519371354 98.8938 0
62.97348558114064 98.8938 1
42.0715 78.16122374065873 0
42.0715 82.38670623443122 1
58.71347596856772 98.8938 0
54.45346635599481 98.8938 1
42.0715 86.61218872820371 0
42.0715 90.83767122197622 1
50.19345674342189 98.8938 0
45.93344713084898 98.8938 1
42.0715 95.06315371574871 0
13.5 100 1
13.5 0 0
16.5 0 1
16.5 100 0
19.5 100 1
19.5 0 0
22.5 0 1
22.5 100 0
25.5 100 1
25.5 0 0
28.5 0 1
28.5 100 0
31.5 100 1
31.5 0 0
34.5 0 1
34.5 100 0
37.5 100 1
37.5 0 0
40.5 0 1
40.5 100 0
42.0715 98.8938 1
72.62270000000001 98.8938 1
72.62270000000001 100 1
42.0715 100 1
42.0715 71.82300000000001 0
43.5 70.31192920398638 1
43.5 0 0
46.5 0 1
46.5 67.13852186199068 0
49.5 63.96511451999496 1
49.5 0 0
52.5 0 1
52.5 60.79170717799924 0
12.0699 50.0068 1
10.0482 55.32769999999999 0
10.5 54.13861031310283 1
10.5 100 0
1.5 100 1
1.5 0 0
4.5 0 1
4.5 100 0
7.5 100 1
7.5 54.78192116659731 0
4.905379999999999 54.22620000000001 1
7.120710000000001 48.28870000000001 0
7.5 48.42036965685294 1
7.5 0 0
10.5 0 1
10.5 49.46181280209488 0
55.5 57.61829983600353 1
55.5 0 0
58.5 0 1
58.5 55.65565705933574 0
57.9255 55.0526 0