48.82599999999999 43.248 0
47.5 43.60604116343886 1
47.5 100 0
44.5 100 1
44.5 84.10015033427715 0
41.5 85.25833822254151 1
41.5 100 0
38.5 100 1
38.5 86.4165261108059 0
17.5 100 1
17.5 68.24215967064765 0
14.5 67.72675670023861 1
14.5 100 0
11.5 100 1
11.5 67.21135372982957 0
8.5 66.69595075942053 1
8.5 100 0
5.5 100 1
5.5 66.18054778901146 0
1.74596 65.53559999999999 0
2.5 60.80463409873195 1
2.5 0 0
0 0 1
0 100 0
2.5 100 1
2.5 65.66514481860241 0
1.74596 65.53559999999999 1
3.08818 57.1143 0
5.5 57.6039147119353 1
5.5 0 0
22.4894013017157 0 1
18.9226 5.462894394333812 0
18.9226 0 1
18.9226 11.4743 0
18.9226 10.95033862712716 1
26.07223154147297 0 0
27.86364666135159 0 1
26.7622 1.68697 1
29.4497 5.29766 1
31.6988 8.996510000000001 0
29.5 0 1
29.5 5.380382935841004 0
36.95399999999999 7.5 1
52.92919999999999 7.5 0
52.92919999999999 4.5 1
36.95399999999999 4.5 0
36.95399999999999 1.5 1
52.92919999999999 1.5 0
53.5 0 1
53.5 100 0
56.5 100 1
56.5 56.47388407191303 0
59.5 60.34825771684889 1
59.5 100 0
62.5 100 1
62.5 64.22263136178475 0
65.5 68.09700500672059 1
65.5 100 0
68.5 100 1
68.5 71.97137865165647 0
71.5 75.84575229659231 1
71.5 100 0
74.5 100 1
74.5 79.72012594152818 0
75.66200000000001 81.2208 1
56.2441 56.1434 0
56.5 56.01076634264587 1
56.5 0 0
74.5 17.26781781561664 1
74.5 0 0
71.5 0 1
71.5 18.78978327414254 0
68.5 20.31174873266845 1
68.5 0 0
65.5 0 1
65.5 21.83371419119435 0
62.5 23.35567964972027 1
62.5 0 0
59.5 0 1
59.5 24.87764510824617 0
57.0819 26.1044 1
60.8729 33.18380000000001 0
59.5 30.62001517805329 1
59.5 40.68431601067952 0
48.82599999999999 43.248 0