48.82599999999999 43.248 0
59.15819999999999 45.00626135947158 1
75.70050000000001 66.92499907406901 0
75.70050000000001 61.94494894935302 1
61.56058979399469 43.20940533610759 0
59.15819999999999 41.095 1
59.15819999999999 52.47633654654558 1
79.02600000000001 78.8014 0
79.02600000000001 78.58307656259447 1
75.70050000000001 74.102 1
75.70050000000001 55.65430568758066 1
59.15819999999999 41.095 1
62.64149999999999 36.9097 0
62.5 37.07971692360692 1
62.5 32.35417225974939 0
65.5 30.82452858649524 1
65.5 40.01179911934118 0
62.64149999999999 36.9097 1
83.64850000000001 59.7069 0
83.5 59.54574494692245 1
83.5 37.52492366949016 0
83.43790000000001 37.6615 1
80.18440000000001 32.9802 1
87.87700000000001 17.3205 0
89.5 18.06262971605285 1
89.5 0 0
92.5 0 1
92.5 19.43440368287883 0
87.87700000000001 17.3205 0
86.5 20.12363637781764 1
86.5 0 0
83.5 0 1
83.5 26.23068730988223 0
80.5 22.36673016362192 1
80.5 0 0
77.5 0 1
77.5 15.74585235709073 0
77.6369 15.6764 1
80.78440000000001 23.0313 0
80.5 23.17631022022449 1
80.5 32.33773824194681 0
80.18440000000001 32.9802 0
80.5 33.43430120792992 1
80.5 56.29008730899224 0
77.5 53.03442967106203 1
77.5 24.70595389347864 0
74.5 26.23559756673279 1
74.5 49.77877203313182 0
71.5 46.5231143952016 1
71.5 27.76524123998694 0
68.5 29.29488491324109 1
68.5 43.26745675727139 0
83.43790000000001 37.6615 1
88.4435 26.6527 0
86.5 30.9270333066965 1
86.5 73.50033370270521 0
92.5 62.67148121895556 1
92.5 100 0
89.5 100 1
89.5 60.88734912068735 0
89.42609999999999 60.8434 1
88.64060000000001 47.5536 0
89.5 47.42314114464655 1
89.5 27.28739296162978 0
89.7492 27.4371 1
93.21250000000001 19.7602 0
92.5 21.33955819882771 1
92.5 46.96773438870011 0
95.5 46.51232763275368 1
95.5 0 0
98.5 0 1
98.5 100 0
95.5 100 1
95.5 64.45561331722379 0
96.1302 64.8304 1
95.44829999999999 53.25149999999999 1
96.14510000000001 46.4144 0
95.5 54.12938404458131 1
95.5 52.74421229908151 0
96.1302 64.8304 0
82.17150000000001 61.3496 1
83.64850000000001 59.7069 0
83.5 59.87205974949221 1
83.5 68.99980381519012 0
83.47839999999999 68.9674 1
88.8569 77.0361 0
86.50999999999999 78.60759999999999 0
86.5 78.61132712971514 1
86.5 100 0
83.5 100 1
83.5 79.72946604425294 0
80.6618 80.78729999999999 1
79.02600000000001 78.58307656259447 1
79.02600000000001 78.8014 0
77.5 79.89890428061832 1
77.5 100 0
80.5 100 1
80.5 80.56927618769274 0
75.70050000000001 74.102 0
80.5 70.93359815631467 1
80.5 59.87846965798039 0
77.5 57.23809213715548 1
77.5 72.91405560626905 0
75.70050000000001 71.90504919878501 1
59.15819999999999 49.98631148418758 0
72.75458993906889 53.06153411982918 1
75.70050000000001 56.96489882463702 0
59.5 52.92922547679406 1
59.5 54.45585828456699 0
48.82599999999999 43.248 0