48.82599999999999 43.248 0
22.8452 61.1251 1
21.3675 68.9066 0
20.5 68.75756264105672 1
20.5 100 0
23.5 100 1
23.5 14.90650984582306 0
26.5 17.28991887381798 1
26.5 17.15595921390739 0
26.5502 17.1936 1
24.2131 21.6778 1
25.5737 22.7727 1
24.7247 24.4488 0
20.5 12.65706047773874 1
20.5 46.37777549258773 0
17.5 44.42243677988365 1
17.5 0 0
14.5 0 1
14.5 59.430971626389 0
11.5 58.82195265490444 1
11.5 0 0
8.5 0 1
8.5 58.21293368341986 0
17.5 60.03999059787357 1
17.5 50.46306426379788 0
17.7279 50.47369999999999 0
20.4901 48.6772 1
21.4522 46.9984 0
20.5 48.6599251637044 1
20.5 60.64900956935813 0
33.0887 52.72150000000001 1
39.50230000000001 37.07340000000001 0
38.5 36.64097783092595 1
38.5 19.78000238095238 0
41.5 20.54785952380952 1
41.5 72.23887712729868 0
42.3809 71.86609999999999 1
47.4209 82.9725 0
50.5 100 1
50.5 19.20699368285847 0
49.50360000000001 22.5964 1
52.92919999999999 10.9437 0
52.92919999999999 10.5 1
36.95399999999999 10.5 0
36.95399999999999 11.0447 1
36.95399999999999 19.3843 0
36.95399999999999 14.30033628913003 1
37.95931375267011 11.0447 0
31.6933 20.5386 1
28.2798 27.3832 0
26.5 25.914142837051 1
26.5 47.7523798973652 0
29.5 40.29047732383579 1
29.5 24.93650865094478 0
35.5 35.34668818987819 1
35.5 0 0
32.5 0 1
32.5 34.05239854883044 0
32.08069999999999 33.8715 1
25.5527 50.1086 0
26.5 50.4370501287155 1
26.5 100 0
29.5 100 1
29.5 51.47721732616773 0
32.5 52.51738452361995 1
32.5 76.04747531743163 0
31.032 76.6687 0
32.5 80.17055676043358 1
32.5 100 0
35.5 100 1
35.5 87.3269397858428 0
35.5894 87.5402 1
31.032 76.6687 0
35.5 74.77794258738732 1
35.5 46.83833554789821 0
38.5 39.51884259542223 1
38.5 73.508409857343 0
42.3809 71.86609999999999 0
44.5 76.53585639682541 1
44.5 43.83867961508683 0
44.6281 44.3815 1
43.724 40.5504 0
44.5 40.09607580337864 1
44.5 21.31571666666667 0
47.5 22.08357380952381 1
47.5 38.33966782674965 0
47.6605 38.2457 1
48.82599999999999 43.248 0
48.82599999999999 43.248 0