36.265 55.6562 0
36.265 55.6562 1
88.75149999999999 62.64619999999999 0
80.14491540772534 61.5 1
100 61.5 0
100 64.5 1
88.1762355678907 64.5 0
87.24528654624439 67.5 1
100 67.5 0
100 70.5 1
86.31433752459807 70.5 0
85.4084 73.4194 1
34.803 65.6311 0
46.94639869547912 67.5 1
0 67.5 0
0 70.5 1
66.43925336209443 70.5 0
58.65077747907087 76.5 1
100 76.5 0
100 73.5 1
0 73.5 0
0 100 1
100 100 0
100 97.5 1
0 97.5 0
0 94.5 1
100 94.5 0
100 91.5 1
0 91.5 0
0 88.5 1
100 88.5 0
100 85.5 1
0 85.5 0
0 82.5 1
100 82.5 0
100 79.5 1
58.55562360570687 79.5 0
58.52670000000001 80.4119 1
53.8541 80.51849999999999 0
53.95449515282009 79.5 1
0 79.5 0
0 76.5 1
54.45336057232322 76.5 0
54.2295 76.71010000000001 1
56.6795 74.41069999999999 0
34.803 65.6311 0
34.96878293516727 64.5 1
0 64.5 0
0 61.5 1
35.40848659134427 61.5 0
36.265 55.6562 0