45.0411 62.648 0
45.0411 62.648 1
39.4717 64.3236 0
39.54354082668435 64.5 1
0 64.5 0
26.1814 45.75360000000001 0
26.75970158696347 43.5 1
100 43.5 0
100 46.5 1
0 46.5 0
0 49.5 1
100 49.5 0
100 52.5 1
0 52.5 0
0 55.5 1
100 55.5 0
100 58.5 1
0 58.5 0
0 61.5 1
100 61.5 0
100 100 1
0 100 0
0 97.5 1
100 97.5 0
100 94.5 1
0 94.5 0
0 91.5 1
100 91.5 0
100 88.5 1
0 88.5 0
0 85.5 1
100 85.5 0
100 82.5 1
0 82.5 0
0 79.5 1
100 79.5 0
100 76.5 1
54.7865409032634 76.5 0
54.82640000000001 76.59639999999999 1
48.67910000000001 78.959 0
47.68864342795544 76.5 1
0 76.5 0
0 73.5 1
46.48027835429393 73.5 0
45.8767 72.00149999999999 1
51.9883 69.73240000000001 0
52.30568425990676 70.5 1
100 70.5 0
100 73.5 1
53.54611258158508 73.5 0
51.9883 69.73240000000001 0
49.92084410999956 70.5 1
0 70.5 0
0 67.5 1
40.76532359342494 67.5 0
41.2531 68.6977 1
46.8436 66.78299999999999 0
44.75011877578733 67.5 1
100 67.5 0
100 64.5 1
45.84841076178959 64.5 0
45.0411 62.648 0