54.2894 53.4787 0
56.1783196554893 52.5 1
0 52.5 0
0 49.5 1
61.96840749289393 49.5 0
49.53810445983613 40.5 1
100 40.5 0
100 43.5 1
39.43744408398453 43.5 0
32.54049999999999 65.73990000000001 1
15.1531 60.2876 0
14.70603925800536 61.5 1
0 61.5 0
0 64.5 1
13.59981835237692 64.5 0
0 82.5 0
0 100 1
100 100 0
100 97.5 1
0 97.5 0
23.02098064465923 70.5 1
0 70.5 0
0 67.5 1
15.02018688269443 67.5 0
12.8005 66.6677 1
29.9358 73.09280000000001 0
30.85427654122863 70.5 1
63.62048493188769 70.5 0
64.52895031971087 67.5 1
31.91700009248052 67.5 0
55.31506707448723 55.5 1
0 55.5 0
0 58.5 1
56.83735531644125 58.5 0
58.35964355839528 61.5 1
19.01944700218257 61.5 0
28.58645542064816 64.5 1
59.88193180034931 64.5 0
62.7120195440645 73.5 1
13.50077131262525 73.5 0
14.4962 73.83879999999999 1
8.63175 71.84280000000001 0
7.826311952505748 73.5 1
0 73.5 0
0 76.5 1
6.368241627570461 76.5 0
5.608829999999999 78.0625 1
8.687550000000002 79.78809999999999 0
11.8285 81.08539999999999 1
8.687550000000002 79.78809999999999 0
8.17353792767733 79.5 1
0 79.5 0
0 82.5 1
100 82.5 0
100 85.5 1
0 85.5 0
0 88.5 1
100 88.5 0
100 91.5 1
0 91.5 0
0 94.5 1
100 94.5 0
76.71833346236559 79.5 1
12.41213530207269 79.5 0
13.51652908674413 76.5 1
67.30010765591399 76.5 0
62.2871 74.9032 1
79.80500000000001 80.48320000000001 0
80.18845940823826 79.5 1
100 79.5 0
100 76.5 1
91.45750189214365 76.5 0
91.43981778698438 73.5 1
100 73.5 0
100 70.5 1
77.81293166756467 70.5 0
84.66509351456318 72.14999056543874 1
81.9912092847911 79.0059 0
85.03389999999999 79.0059 1
84.89134940646809 72.14173302589529 0
84.88570000000001 71.86969999999999 1
84.89134940646809 72.14173302589529 1
83.0318 72.20959999999999 1
64.90129999999999 66.2704 0
68.65488007812499 67.5 1
100 67.5 0
100 64.5 1
60.81767883645303 64.5 0
60.071 64.87260000000001 1
67.89709999999999 60.96729999999999 0
66.82958573221006 61.5 1
100 61.5 0
100 58.5 1
66.9690211214938 58.5 0
65.84056627793257 55.5 1
100 55.5 0
100 52.5 1
64.71211143437134 52.5 0
64.35390000000001 50.72580000000001 1
64.04474323988921 50.72580000000001 1
63.3202 48.7996 1
64.26672434733348 48.7996 1
64.35390000000001 50.72580000000001 1
67.3244 49.5671 0
67.31319608085946 49.5 1
100 49.5 0
100 46.5 1
66.81227570199806 46.5 0
100 1.5 1
0 1.5 0
0 4.5 1
100 4.5 0
100 7.5 1
0 7.5 0
0 10.5 1
100 10.5 0
100 13.5 1
0 13.5 0
0 16.5 1
100 16.5 0
100 19.5 1
0 19.5 0
0 22.5 1
100 22.5 0
100 25.5 1
0 25.5 0
0 28.5 1
100 28.5 0
100 31.5 1
0 31.5 0
0 34.5 1
48.08603571480826 34.5 0
41.03996200272141 37.5 1
0 37.5 0
0 40.5 1
37.10294756521279 40.5 0
37.248 39.11450000000001 1
53.3006 32.27979999999999 0
54.31957440783181 34.5 1
100 34.5 0
100 37.5 1
55.69644280864949 37.5 0
55.7478 37.61190000000001 1
48.1113 41.1636 0
45.93785848133238 40.5 1
47.89279084876969 40.5 0
47.6349 39.71680000000001 1
36.6544 44.78440000000001 0
36.78886795181573 43.5 1
0 43.5 0
0 46.5 1
64.16264941696696 46.5 0
63.3202 48.7996 1
54.2894 53.4787 0
54.2894 53.4787 0