47.7944 49.2711 0
50.87982102306835 52.5 1
41.19798031984689 52.5 0
39.21144029928709 55.5 1
53.74651341651659 55.5 0
54.48009999999999 56.2677 1
59.87860000000001 51.5279 0
58.77140521330014 52.5 1
78.18999838456699 52.5 0
75.68518552479676 55.5 1
55.35448888771678 55.5 0
54.48009999999999 56.2677 0
33.2518202376077 64.5 1
77.91715698531419 64.5 0
81.33529314298193 67.5 1
31.26528021704792 67.5 0
29.27874019648812 70.5 1
100 70.5 0
100 73.5 1
27.29220017592832 73.5 0
43.72865026855594 88.5 1
0 88.5 0
0 85.5 1
43.17304640135045 85.5 0
37.2249002787273 58.5 1
73.18037266502654 58.5 0
72.29249999999999 59.5634 1
82.72749999999999 68.72190000000001 0
83.75822509131021 67.5 1
100 67.5 0
100 64.5 1
86.28885384483394 64.5 0
88.81948259835764 61.5 1
100 61.5 0
100 58.5 1
91.35011135188137 58.5 0
100 49.5 1
85.48460385438972 49.5 0
88.7351391862955 52.5 1
100 52.5 0
100 55.5 1
91.98567451820128 55.5 0
93.05119999999999 56.4834 1
82.77940000000001 47.0033 0
80.69481124433722 49.5 1
58.12835586478526 49.5 0
55.53910964670538 46.5 1
100 46.5 0
100 43.5 1
52.94986342862549 43.5 0
52.58150000000001 43.0732 1
49.5253 45.6305 0
52.07143619833418 43.5 1
36.98413035927382 43.5 0
39.05696522290069 46.5 1
47.35617101369863 46.5 0
43.994 52.0651 1
47.7944 49.2711 0
47.7944 49.2711 0