52.01649999999999 53.1579 0
50.5 55.9637570658213 1
50.5 79.24712811337398 0
47.5 75.29533890614812 1
47.5 61.51441397150141 0
89.5 62.73549320039881 1
89.5 100 0
92.5 100 1
92.5 86.99752128909483 0
93.3331 89.8767 1
92.12450000000001 85.69980000000001 0
92.5 85.60404956740601 1
92.5 65.12528022462897 0
90.9134 65.83680000000001 1
87.90440000000001 59.23439999999999 0
84.0299 51.0823 0
83.5 46.55603660206718 1
83.5 100 0
86.5 100 1
86.5 44.73809936499359 0
86.9905 43.4783 1
84.0299 51.0823 1
83.2559 44.471 0
50.5 52.29054520693315 1
50.5 25.7012623751219 0
52.1249 25.8431 1
51.7539 37.566 0
53.5 37.69025025382209 1
53.5 83.19891732059986 0
77.5 82.35315814303712 1
77.5 100 0
80.5 100 1
80.5 82.51002401135261 0
56.5 100 1
56.5 37.90372643586565 0
58.5303 38.04819999999999 1
60.14100000000001 24.4925 0
59.5 29.88717542062457 1
59.5 100 0
62.5 100 1
62.5 21.35225169806485 0
65.5 20.81614567549434 1
65.5 100 0
68.5 100 1
68.5 20.28003965292384 0
71.5 19.74393363035333 1
71.5 100 0
74.5 100 1
74.5 0 0
77.5 0 1
77.5 75.90534839629734 0
80.5 75.76295982575778 1
80.5 0 0
83.5 0 1
83.5 44.40611538852889 0
86.5 43.60868058962137 1
86.5 9.241103752819697 0
89.5 8.233656572517873 1
89.5 58.55120396929941 0
93.59809999999999 56.79649999999999 0
95.5 60.46197475822343 1
95.5 0 0
94.17689999999999 0 1
84.73439999999999 0 0
84.73439999999999 0.1101395409100697 1
94.17689999999999 2.067421477347346 0
98.5 0 1
98.5 100 0
95.5 100 1
95.5 89.33068957956871 0
98.31370000000001 88.6217 1
95.93870000000001 84.72720000000001 0
95.5 84.83906608463113 1
95.5 63.77991319695147 0
96.89660000000001 63.1536 1
93.59809999999999 56.79649999999999 0
92.5 57.26667896798216 1
92.5 7.226209392216045 0
94.17689999999999 6.663080000000001 0
94.17689999999999 5.131193825782448 1
84.73439999999999 3.173911889345172 0
84.73439999999999 4.705798063562723 1
85.95509999999999 4.958830000000001 1
84.73439999999999 9.834019999999999 0
73.7268 19.346 1
71.8415 11.1104 0
71.5 0 1
71.5 11.13634683342702 0
68.5 11.36428387670976 1
68.5 0 0
65.5 0 1
65.5 11.59222091999251 0
62.5 11.82015796327525 1
62.5 0 0
59.5 0 1
59.5 24.43190060515013 0
56.5 24.1482840925922 1
56.5 0 0
53.5 0 1
53.5 11.75558159811418 0
50.5 11.79928192148448 1
50.5 0 0
47.5 0 1
47.5 50.5747098101639 0
47.5104 25.4403 1
49.27679999999999 11.8171 0
35.5 17.38218647097771 1
35.5 0 0
38.5 0 1
38.5 35.88544182299714 0
40.67319999999999 49.28919999999999 1
35.236 15.7539 0
32.5 16.46514133420536 1
32.5 0 0
29.5 0 1
29.5 43.41796859246966 0
26.5 42.24174205995229 1
26.5 31.07900028224668 0
23.5606 36.485 1
26.7493 30.6205 0
26.5 30.51791350071882 1
26.5 0 0
23.5 0 1
23.5 29.28341892453132 0
20.5 28.04892434834381 1
20.5 0 0
17.5 0 1
17.5 26.46581584558145 0
14.5 24.78873058817321 1
14.5 0 0
11.5 0 1
11.5 24.92250835594518 0
12.2836 23.5497 1
8.83408 29.593 0
11.5 31.12441596150429 1
11.5 55.35748923492865 0
14.5 52.8907658104166 1
14.5 32.84774144933321 0
17.0511 34.31319999999999 0
17.5 34.46296895614103 1
17.5 55.47817194559099 0
20.5 58.19021369597453 1
20.5 35.46387532375759 0
23.5 36.46478169137414 1
23.5 42.57944276102089 0
24.0042 41.2632 1
22.2802 45.7638 0
23.5 46.29937966917556 1
23.5 60.90225544635807 0
26.5 63.61429719674162 1
26.5 47.61659479257833 0
29.1358 48.7739 1
30.7529 43.9092 0
29.5 47.67828207903037 1
29.5 66.32633894712518 0
30.1505 66.9144 0
29.5 67.26709314384152 1
29.5 86.81845487471304 0
41.5 86.05941661638906 1
41.5 100 0
38.5 100 1
38.5 81.55388607819992 0
37.3413 79.81370000000001 1
44.2032 90.11920000000001 0
44.5 89.92409753464173 1
44.5 100 0
47.5 100 1
47.5 87.95203757482099 0
50.5 85.97997761500025 1
50.5 100 0
53.5 100 1
53.5 84.00791765517951 0
53.9097 83.73859999999999 1
46.0878 73.43510000000001 0
44.5 74.59304215743441 1
44.5 62.95269251038081 0
41.5 59.67155394007688 1
41.5 76.78086585834333 0
38.5 78.96868955925228 1
38.5 49.72891993782507 0
37.3278 49.9661 0
35.5 37.72797144029298 1
35.5 100 0
31.6727 98.46460293703564 1
23.8495 95.60750293703563 0
23.8495 98.80130881110691 1
27.13170955127522 100 0
20.5 100 1
20.5 71.30715385174568 0
22.2197 73.809 1
17.405 66.80449999999999 0
17.5 66.94270746879349 1
17.5 100 0
14.5 100 1
14.5 64.14799352719092 0
11.5 61.40461334873058 1
11.5 100 0
8.5 100 1
8.5 58.66123317027025 0
8.018039999999999 58.2205 0
8.5 57.82421265944072 1
8.5 0 0
5.5 0 1
5.5 100 0
2.5 100 1
2.5 0 0
0 0 1
0 100 0
23.8495 94.01060000000001 1
26.4401 85.78829999999999 0
26.5 85.80846610902165 1
26.5 69.27962659944714 0
27.248 68.4881 1
22.2197 73.809 0
23.5 72.45419852236341 1
23.5 100 0
23.8495 100 1
31.6727 100 0
32.5 100 1
32.5 94.53897054048571 0
31.6727 96.86770000000001 1
34.6293 88.5453 0
32.5 87.82844364040443 1
32.5 17.64131771498329 0
32.3309 16.5091 1
37.3278 49.9661 0
41.5 53.78868148640484 1
41.5 0 0
44.5 0 1
44.5 48.85887441339464 0
44.3836 48.7923 1
39.4186 57.3951 1
45.8969 64.48050000000001 1
52.01649999999999 53.1579 0
52.01649999999999 53.1579 0