26.9207 44.55970000000001 0
26.9207 44.55970000000001 1
13.6899 56.94499999999999 0
0 100 1
100 100 0
100 97.5 1
0 97.5 0
0 94.5 1
100 94.5 0
100 91.5 1
0 91.5 0
0 88.5 1
100 88.5 0
100 85.5 1
0 85.5 0
0 82.5 1
100 82.5 0
100 79.5 1
0 79.5 0
0 76.5 1
100 76.5 0
100 73.5 1
0 73.5 0
0 70.5 1
100 70.5 0
100 67.5 1
0 67.5 0
0 64.5 1
100 64.5 0
100 61.5 1
0 61.5 0
0 58.5 1
100 58.5 0
100 55.5 1
15.23354496620994 55.5 0
18.43834420401605 52.5 1
100 52.5 0
100 49.5 1
21.64314344182216 49.5 0
24.84794267962827 46.5 1
100 46.5 0
100 43.5 1
25.76913656127837 43.5 0
26.9207 44.55970000000001 0