26.9207 44.55970000000001 0
0 1.5 1
100 1.5 0
100 4.5 1
0 4.5 0
0 7.5 1
100 7.5 0
100 10.5 1
0 10.5 0
0 13.5 1
100 13.5 0
100 16.5 1
0 16.5 0
0 19.5 1
100 19.5 0
100 22.5 1
0 22.5 0
0 25.5 1
100 25.5 0
100 28.5 1
0 28.5 0
0 31.5 1
100 31.5 0
100 34.5 1
0 34.5 0
0 37.5 1
100 37.5 0
100 40.5 1
0 40.5 0
0 43.5 1
21.86686322022895 43.5 0
18.8210725715281 46.5 1
0 46.5 0
0 49.5 1
15.77528192282724 49.5 0
12.72949127412639 52.5 1
0 52.5 0
0 55.5 1
12.1949492490918 55.5 0
13.6899 56.94499999999999 1
10.9275 54.2749 1
23.7517 41.6435 1
26.9207 44.55970000000001 0
26.9207 44.55970000000001 0