50.5 61.5 0
48.5 65.5 0
48.5 78.5 0
50.5 91.5 1
50.5 100.5 1
30.5 100.5 1
30.5 98.79289321881346 1
25.79289321881344 103.5 1
25.5 103.5 1
25.5 101.5 1
17.5 101.5 1
17.5 79.5 1
15.5 79.5 1
15.5 14.5 1
19.5 14.5 1
19.5 11.5 1
29.5 11.5 1
29.5 16.5 1
45.5 16.5 0
45.5 14 1
58.5 14 0
58.5 13 1
45.5 13 0
45.5 11 1
58.5 11 0
58.5 12 1
45.5 12 0
45.5 15 1
58.5 15 0
58.5 16 1
45.5 16 0
45.5 16.5 1
45.5 10.5 1
58.5 10.5 1
58.5 16.5 1
71.5 16.5 1
71.5 17.5 1
86.5 17.5 1
86.5 22.5 1
83.5 22.5 1
83.5 24.5 1
82.848612181134 24.5 1
77.49999999999999 28.06574145408934 1
77.5 25.5 0
78.64444872453601 25.5 1
77.5 26.26296581635734 0
77.5 27.464816241512 1
80.447224362268 25.5 0
81.348612181134 25.5 1
77.5 25.5 1
62.5 25.5 0
62.5 26 1
15.5 26 0
15.5 25 1
82.098612181134 25 0
83.5 24 1
15.5 24 0
15.5 27 1
62.5 27 0
62.5 28 1
15.5 28 0
15.5 29 1
62.5 29 0
62.5 30 1
15.5 30 0
15.5 31 1
62.5 31 0
62.5 32 1
15.5 32 0
15.5 33 1
62.5 33 0
62.5 34 1
15.5 34 0
15.5 35 1
62.5 35 0
62.5 36 1
15.5 36 0
15.5 37 1
62.5 37 0
62.5 37.5 0
63 39.5 1
63 78.5 0
60 78.5 1
60 39.5 0
59 39.5 1
59 78.5 0
54.5 78.5 1
49.5 78.5 0
48.5 78.5 0
48.5 76 1
24.5 76 0
24.5 75 1
48.5 75 0
48.5 74 1
24.5 74 0
24.5 73 1
48.5 73 0
48.5 72 1
24.5 72 0
24.5 71 1
48.5 71 0
48.5 70 1
24.5 70 0
24.5 69 1
48.5 69 0
48.5 65.5 0
50.5 61.5 0