50.5 61.5 0
48.5 65.5 0
48.5 78.5 0
55 78.5 1
55 39.5 0
50.5 39.5 0
50.5 40 1
24.5 40 0
24 39.5 1
24 78.5 0
19 78.5 1
19 39.5 0
18 39.5 1
18 78.5 0
17 78.5 1
17 39.5 0
15.5 38 1
83.5 38 0
83.5 39 1
15.5 39 0
16 39.5 1
16 78.5 0
15.5 79 1
90.5 79 0
81 78.5 1
81 39.5 0
80 39.5 1
80 78.5 0
79 78.5 1
79 39.5 0
78 39.5 1
78 78.5 0
77 78.5 1
77 39.5 0
76 39.5 1
76 78.5 0
75 78.5 1
75 39.5 0
74 39.5 1
74 78.5 0
73 78.5 1
73 39.5 0
72 39.5 1
72 78.5 0
71 78.5 1
71 39.5 0
70 39.5 1
70 78.5 0
69 78.5 1
69 39.5 0
68 39.5 1
68 78.5 0
67 78.5 1
67 39.5 0
66 39.5 1
66 78.5 0
65 78.5 1
65 39.5 0
64 39.5 1
64 78.5 0
62 78.5 1
62 39.5 0
61 39.5 1
61 78.5 0
58 78.5 1
58 39.5 0
57 39.5 1
57 78.5 0
49.5 78.5 1
48.5 78.5 1
48.5 66.5 0
48.5 65.5 1
50.5 65.5 1
50.5 61.5 0
50.5 61.5 0