14.0222 19.0725
10.2169 14.395
4.34949 18.8758
8.32311 24.0629

19.8848 87.8952
13.1147 82.6466
7.7052 89.4706
14.6897 94.5579

30.8685 22.7544
25.8419 23.4712
20.8669 23.3351
16.6848 21.9102
16.9249 26.2865
21.8577 28.4837
25.7158 28.6696
30.3562 28.3282

32.2864 6.08261
31.8392 5.13924
32.0104 2.28079
21.6604 4.0608
22.4694 7.37677

51.9252 59.0506
46.8435 50.272
44.5061 42.4457
37.5913 44.8475
40.9322 57.0256
44.2313 62.8664

55.0766 25.7472
52.9222 18.25
50.9386 16.3044
44.434 20.5717
52.6933 28.7836

62.5935 97.5241
60.3106 89.3517
56.2515 82.9828
49.8124 78.8928
42.6449 78.4528
44.4372 96.1222
57.2373 95.6583
57.3503 97.2866

80.1687 85.2412
75.6572 81.8567
70.9285 87.1601
74.912 91.0486

87.2754 14.855
80.8254 8.40297
77.5993 11.628
83.2525 17.5866

90.9108 48.8338
82.0277 39.7222
79.3409 42.4261
88.3105 51.3316