45.84269999999999 54.1267 0
58.00203795566136 70.5 1
100 70.5 0
100 73.5 1
58.02252709325234 73.5 0
59.0278 70.80170000000001 1
54.4576 69.45750000000001 0
54.09151400635133 70.5 1
0 70.5 0
0 67.5 1
100 67.5 0
100 64.5 1
0 64.5 0
0 61.5 1
100 61.5 0
100 58.5 1
0 58.5 0
24.23444358761172 43.5 1
100 43.5 0
100 42.5988 1
100 14.9227 0
100 13.5 1
0 13.5 0
0 10.5 1
100 10.5 0
100 7.5 1
0 7.5 0
0 4.5 1
100 4.5 0
100 1.5 1
0 1.5 0
18.98575562230004 25.5 1
0 25.5 0
0 22.5 1
25.48712317425424 22.5 0
29.0217 20.869 1
35.64609198876082 20.869 1
38.26479999999999 24.1144 1
43.9256 25.4871 1
47.5476 27.8811 0
47.41673756681271 28.35370583478776 1
30.50439113785485 24.25259328125637 0
32.01791801396712 27.70655563273009 1
46.61575842976134 31.24641846815278 0
35.53413777599552 46.5 1
100 46.5 0
100 49.5 1
39.58906148769434 49.5 0
43.64398519939317 52.5 1
100 52.5 0
100 55.5 1
45.6573773541114 55.5 0
45.84269999999999 54.1267 0