55.4832 46.2705 0
58.06253268089598 47.29168363890895 1
61.58193898143693 34.0557 0
60.45640669682049 31.5 1
100 31.5 0
100 100 1
0 100 0
0 97.5 1
100 97.5 0
100 94.5 1
0 94.5 0
0 91.5 1
100 91.5 0
100 88.5 1
0 88.5 0
0 85.5 1
100 85.5 0
100 82.5 1
0 82.5 0
0 79.5 1
100 79.5 0
100 76.5 1
0 76.5 0
0 73.5 1
100 73.5 0
100 70.5 1
0 70.5 0
0 67.5 1
100 67.5 0
100 64.5 1
0 64.5 0
0 61.5 1
100 61.5 0
100 58.5 1
0 58.5 0
0 55.5 1
67.30576767767232 55.5 0
58.99483155997773 52.5 1
0 52.5 0
0 49.5 1
50.68389544228312 49.5 0
43.0093 46.72969999999999 1
68.374 55.8856 0
68.65275360886116 55.5 1
100 55.5 0
100 52.5 1
70.82147981888045 52.5 0
72.38130000000001 50.34229999999999 0
72.64226408902573 49.5 1
100 49.5 0
100 46.5 1
73.57173371632862 46.5 0
74.50120334363149 43.5 1
100 43.5 0
100 40.5 1
75.1526630854203 40.5 0
75.37979999999999 40.66419999999999 1
66.23830000000001 34.0557 0
66.85289763183778 34.5 1
100 34.5 0
100 37.5 1
71.00278035862902 37.5 0
66.23830000000001 34.0557 1
59.59590608038475 34.0557 1
55.4832 46.2705 0
55.4832 46.2705 0