55.4832 46.2705 0
60.77589999999999 30.5511 0
55.75888785101277 28.5 1
100 28.5 0
100 25.5 1
0 25.5 0
0 22.5 1
100 22.5 0
100 19.5 1
0 19.5 0
1.491500908499675 18.5854 1
1.216650567073271 4.09529 0
0 4.09529 1
8.717999658573596 4.09529 0
7.217729840273531 4.09529 1
7.492580181699935 18.5854 0
4.492040545099805 18.5854 1
4.217190203673402 4.09529 0
0 1.5 1
100 1.5 0
100 4.5 1
26.37092864438839 4.5 0
26.3436 4.09529 1
8.7271 4.575060000000001 0
8.725676251896815 4.5 1
11.48320081914251 4.5 0
8.7271 4.575060000000001 0
0 28.5 1
48.66243910548199 28.5 0
47.73212114542527 31.5 1
0 31.5 0
0 34.5 1
46.80180318536856 34.5 0
45.87148522531183 37.5 1
0 37.5 0
0 40.5 1
44.94116726525512 40.5 0
44.01084930519839 43.5 1
0 43.5 0
0 46.5 1
43.08053134514168 46.5 0
27.18124648348459 16.5 1
100 16.5 0
100 13.5 1
26.97866702371054 13.5 0
26.77608756393649 10.5 1
100 10.5 0
100 7.5 1
26.57350810416244 7.5 0
49.4609 25.9252 1
60.77589999999999 30.5511 0
64.68617966047898 34.0557 1
60.87111089363199 48.40362787963632 0
55.4832 46.2705 0