41.27809999999999 55.42100000000001 0
100 100 1
100 0 0
97.5 0 1
97.5 100 0
94.5 100 1
94.5 0 0
91.5 0 1
91.5 100 0
88.5 100 1
88.5 0 0
85.5 0 1
85.5 100 0
82.5 100 1
82.5 0 0
79.5 0 1
79.5 100 0
76.5 100 1
76.5 0 0
73.5 0 1
73.5 100 0
70.5 100 1
70.5 0 0
67.5 0 1
67.5 100 0
64.5 100 1
64.5 0 0
61.5 0 1
61.5 100 0
58.5 100 1
58.5 0 0
55.5 0 1
55.5 100 0
52.5 100 1
52.5 0 0
49.5 0 1
49.5 100 0
46.5 100 1
46.5 0 0
43.5 0 1
43.5 100 0
37.5 61.76423768516884 1
37.5 100 0
40.5 100 1
40.5 56.72739031334001 0
41.27809999999999 55.42100000000001 0