41.27809999999999 55.42100000000001 0
41.27809999999999 55.42100000000001 1
36.1814 63.9781 1
34.3582 60.2385 0
34.5 60.52934866169373 1
34.5 100 0
31.5 100 1
31.5 0 0
28.5 0 1
28.5 100 0
25.5 100 1
25.5 0 0
22.5 0 1
22.5 100 0
19.5 100 1
19.5 0 0
16.5 0 1
16.5 100 0
13.5 100 1
13.5 0 0
10.5 0 1
10.5 100 0
7.5 100 1
7.5 0 0
4.5 0 1
4.5 100 0
1.5 100 1
1.5 0 0
40.5 0 1
40.5 55.96269810979928 0
37.5 58.05123985173196 1
37.5 0 0
34.5 0 1
34.5 60.13978159366465 0
41.27809999999999 55.42100000000001 0