93.5 41.5 0
93.5 42.99999999999996 1
99.5 42.99999999999994 0
99.5 43.99999999999994 1
93.5 43.99999999999996 0
93.5 45.99999999999996 1
99.5 45.99999999999994 0
99.5 44.99999999999994 1
93.5 44.99999999999996 0
99.5 41.99999999999994 1
93.5 41.99999999999996 0
93.5 41.5 1
93.5 48.5 0
86.5 54.5 0
86.5 54.99999999999997 1
12.5 55.0000000000001 0
12.5 54.0000000000001 1
79.5 53.99999999999999 0
79.5 51.99999999999999 1
60.5 52.00000000000001 0
60.5 52.5 1
60.5 51.5 1
60.5 48.5 1
73.5 48.5 1
73.5 47.5 1
68.5 43.5 1
68.5 41.5 1
59.5 41.5 1
59.5 42.5 0
59.5 42.00000000000001 1
50.5 42.00000000000003 0
50.5 41.00000000000003 1
79.5 40.99999999999999 0
79.5 39.99999999999999 1
50.5 40.00000000000003 0
50.5 39.00000000000003 1
79.5 38.99999999999999 0
79.5 37.99999999999999 1
54.5 38.00000000000003 0
56.5 42.5 0
56.5 43.00000000000001 1
59.5 43.00000000000001 0
59.5 45.00000000000001 1
56.5 45.00000000000001 0
56.5 44.00000000000001 1
59.5 44.00000000000001 0
59.5 42.5 1
59.5 45.5 1
56.5 45.5 1
56.5 42.5 1
50.5 42.5 1
50.5 38.5 1
54.5 38.5 1
54.5 37.5 1
54.5 27.5 1
49.5 27.5 0
50 27.5 1
50 33.5 0
50.5 27.5 1
50.5 28.5 1
50.5 33.5 1
49.5 33.5 1
49.5 26.5 0
48.5 26.5 1
45.5 26.5 0
48.5 26.5 1
49.5 26.5 0
49.5 27.00000000000003 1
81.2426910523541 26.99999999999998 0
80.52840533806838 27.99999999999998 1
54.5 28.00000000000002 0
54.5 27.5 0
53.5 20.5 0
53.5 18.00000000000002 1
27.5 18.00000000000006 0
27.5 17.00000000000006 1
53.5 17.00000000000002 0
53.5 19.00000000000002 1
27.5 19.00000000000006 0
27.5 20.00000000000006 1
53.5 20.00000000000002 0
53.5 20.5 0
54.5 27.5 0
54.5 29.00000000000002 1
79.81411962378269 28.99999999999998 0
79.09983390949697 29.99999999999998 1
54.5 30.00000000000002 0
54.5 31.00000000000002 1
78.5 30.99999999999998 0
78.5 31.99999999999998 1
54.5 32.00000000000003 0
54.5 33.00000000000003 1
79.5 32.99999999999999 0
79.5 33.99999999999999 1
54.5 34.00000000000003 0
54.5 35.00000000000003 1
79.5 34.99999999999999 0
79.5 35.99999999999999 1
54.5 36.00000000000003 0
54.5 37.00000000000003 1
79.5 36.99999999999999 0
79.5 41.99999999999999 1
68.5 42 0
68.5 43 1
79.5 42.99999999999999 0
79.5 43.99999999999999 1
69.125 44 0
70.375 45 1
79.5 44.99999999999999 0
79.5 45.99999999999999 1
71.625 46 0
72.875 46.99999999999999 1
79.5 46.99999999999999 0
79.5 47.99999999999999 1
73.5 47.99999999999999 0
79.5 48.99999999999999 1
60.5 49.00000000000001 0
60.5 50.00000000000001 1
79.5 49.99999999999999 0
79.5 50.99999999999999 1
60.5 51.00000000000001 0
67.5 57.5 0
67.5 58 1
12.5 58.0000000000001 0
12.5 59.0000000000001 1
67.5 59 0
67.5 60 1
12.5 60.0000000000001 0
12.5 61.0000000000001 1
29.5 61.00000000000007 0
29.5 61.5 1
29.5 63.5 1
25.5 63.5 0
25.5 64.00000000000006 1
12.5 64.00000000000009 0
12.5 65.00000000000009 1
25.5 65.00000000000006 0
25.5 66.00000000000006 1
16.5 66.00000000000009 0
16.5 67.00000000000009 1
25.5 67.00000000000006 0
25.5 68.00000000000006 1
16.5 68.00000000000009 0
16.5 69.00000000000009 1
25.5 69.00000000000006 0
25.5 70.00000000000006 1
16.5 70.00000000000009 0
16.5 70.18102496759067 0
15.81752080632549 71.00000000000009 1
25.5 71.00000000000006 0
25.5 72.00000000000006 1
14.98418747299216 72.00000000000009 0
14.15085413965882 73.00000000000009 1
25.5 73.00000000000006 0
25.5 74.00000000000006 1
13.31752080632549 74.00000000000009 0
12.48418747299216 75.00000000000009 1
25.5 75.00000000000006 0
20.5 76.00000000000009 1
25.5 76.00000000000006 0
25.5 77.00000000000006 1
20.5 77.00000000000009 0
20.5 78.00000000000009 1
25.5 78.00000000000006 0
25.5 79.00000000000006 1
20.5 79.00000000000009 0
20.5 80.00000000000009 1
25.5 80.00000000000006 0
25.5 81.00000000000006 1
14.5 81.00000000000009 0
14.70710678118663 82.00000000000009 1
25.5 82.00000000000006 0
25.5 82.5 1
25.5 64.5 1
25.5 63.5 0
29.5 63.00000000000007 1
12.5 63.0000000000001 0
12.5 62.0000000000001 1
29.5 62.00000000000007 0
29.5 61.5 1
29.5 60.5 1
30.5 60.5 1
31.5 60.5 1
31.5 81.5 1
31.5 82.5 1
25.5 82.5 0
31.5 82.5 0
31.5 82.00000000000006 1
67.5 82 0
67.5 86 1
18.70710678118662 86.00000000000009 0
17.70710678118662 85.00000000000009 1
67.5 85 0
67.5 84 1
16.70710678118662 84.00000000000009 0
15.70710678118663 83.00000000000009 1
67.5 83 0
67.5 81 1
31.5 81.00000000000006 0
31.5 80.00000000000006 1
67.5 80 0
67.5 79 1
31.5 79.00000000000006 0
31.5 78.00000000000006 1
67.5 78 0
67.5 77 1
31.5 77.00000000000006 0
31.5 76.00000000000006 1
67.5 76 0
67.5 75 1
31.5 75.00000000000006 0
31.5 74.00000000000006 1
67.5 74 0
67.5 73 1
31.5 73.00000000000006 0
31.5 72.00000000000006 1
67.5 72 0
67.5 71 1
31.5 71.00000000000006 0
31.5 70.00000000000006 1
67.5 70 0
67.5 69 1
31.5 69.00000000000006 0
31.5 68.00000000000006 1
67.5 68 0
67.5 67 1
31.5 67.00000000000006 0
31.5 66.00000000000006 1
67.5 66 0
67.5 65 1
31.5 65.00000000000006 0
31.5 64.00000000000006 1
67.5 64 0
67.5 63 1
31.5 63.00000000000006 0
31.5 62.00000000000006 1
67.5 62 0
67.5 61 1
31.5 61.00000000000006 0
40.5 53.5 1
40.5 48.5 1
38.5 48.5 1
38.5 47.5 0
38.5 48.00000000000004 1
12.5 48.0000000000001 0
12.5 49.0000000000001 1
40.5 49.00000000000004 0
40.5 50.00000000000004 1
12.5 50.0000000000001 0
12.5 51.0000000000001 1
40.5 51.00000000000004 0
40.5 52.00000000000004 1
12.5 52.0000000000001 0
12.5 53.0000000000001 1
40.5 53.00000000000004 0
40.5 53.5 1
47.5 53.5 1
47.5 52.5 1
47.5 50.5 1
56.5 50.5 1
56.5 52.5 1
60.5 52.5 0
56.5 52.5 0
56.5 52.00000000000001 1
47.5 52.00000000000003 0
47.5 51.00000000000003 1
56.5 51.00000000000001 0
47.5 53.00000000000003 1
79.5 52.99999999999999 0
78.5 57.99999999999999 1
86.5 57.99999999999997 0
86.5 58.99999999999997 1
78.5 58.99999999999999 0
78.5 59.99999999999999 1
86.5 59.99999999999997 0
86.5 62.99999999999997 1
78.5 62.99999999999999 0
78.5 63.99999999999999 1
86.5 63.99999999999997 0
86.5 61.99999999999997 1
78.5 61.99999999999999 0
78.5 60.99999999999999 1
86.5 60.99999999999997 0
86.5 56.99999999999997 1
12.5 57.0000000000001 0
12.5 56.0000000000001 1
86.5 55.99999999999997 0
83.5 53.99999999999997 1
141.5 53.99999999999987 0
141.5 52.99999999999987 1
83.5 52.99999999999997 0
83.5 51.99999999999997 1
141.5 51.99999999999987 0
141.5 50.99999999999987 1
83.5 50.99999999999997 0
83.5 49.99999999999997 1
139.2928932188133 49.99999999999987 0
138.2928932188133 48.99999999999989 1
83.5 48.99999999999997 0
93.5 48.5 1
83.5 48.5 1
83.5 54.5 1
79.5 54.5 1
79.5 32.5 1
78.5 32.5 1
78.5 30.83976747329573 1
83.02840533806838 24.5 1
82.5 24.5 1
82.5 20.5 1
53.5 20.5 1
53.5 16.5 1
27.5 16.5 1
27.5 20.5 1
15.5 20.5 0
15.5 20.32842712474619 1
21.32842712474619 14.5 0
19.91421356237309 14.5 1
15.5 18.91421356237309 0
16.74264068711928 20.5 1
21.5 15.74264068711929 0
21.5 17.15685424949238 1
18.15685424949238 20.5 0
15.5 23.00000000000009 1
82.5 22.99999999999997 0
82.5 21.99999999999997 1
15.5 22.00000000000009 0
15.5 21.00000000000009 1
82.5 20.99999999999997 0
82.5 23.99999999999997 1
12.5 24.00000000000009 0
12.5 25.00000000000009 1
82.67126248092555 24.99999999999997 0
81.95697676663983 25.99999999999998 1
12.5 26.00000000000009 0
12.5 27.00000000000009 1
45.5 27.00000000000004 0
45.5 26.5 1
45.5 27.5 1
43.5 27.5 1
43.5 28.5 1
43.5 41.5 1
38.5 46.5 1
38.5 47.5 0
38.5 47.00000000000004 1
12.5 47.0000000000001 0
12.5 46.0000000000001 1
38.99999999999996 46.00000000000004 0
39.99999999999996 45.00000000000004 1
12.5 45.0000000000001 0
12.5 44.0000000000001 1
40.99999999999996 44.00000000000004 0
41.99999999999996 43.00000000000004 1
12.5 43.0000000000001 0
12.5 42.0000000000001 1
42.99999999999996 42.00000000000004 0
43.5 41.00000000000004 1
12.5 41.0000000000001 0
12.5 40.0000000000001 1
43.5 40.00000000000004 0
43.5 39.00000000000004 1
12.5 39.0000000000001 0
12.5 38.0000000000001 1
43.5 38.00000000000004 0
43.5 37.00000000000004 1
12.5 37.0000000000001 0
12.5 36.0000000000001 1
43.5 36.00000000000004 0
43.5 35.00000000000004 1
12.5 35.0000000000001 0
12.5 34.0000000000001 1
43.5 34.00000000000004 0
43.5 33.00000000000004 1
12.5 33.0000000000001 0
12.5 32.0000000000001 1
43.5 32.00000000000004 0
43.5 31.00000000000004 1
12.5 31.00000000000009 0
12.5 30.00000000000009 1
43.5 30.00000000000004 0
43.5 29.00000000000004 1
12.5 29.00000000000009 0
12.5 28.00000000000009 1
43.5 28.00000000000004 0
19.57106781186548 20.5 1
21.5 18.57106781186548 0
21.5 19.98528137423857 1
20.98528137423857 20.5 0
21.5 20.5 1
21.5 14.5 1
19.20710678118655 14.5 1
15.5 18.20710678118655 1
15.5 23.5 1
12.5 23.5 1
12.5 65.5 1
16.5 65.5 1
16.5 70.18102496759067 1
12.06752080632556 75.50000000000001 1
20.5 75.5 1
20.5 80.5 1
14.5 80.5 1
14.5 81.79289321881346 1
19.20710678118655 86.50000000000001 1
67.5 86.5 1
67.5 57.5 1
78.5 57.5 1
78.5 64.5 1
86.5 64.5 1
86.5 54.5 1
141.5 54.5 1
141.5 50.5 1
139.7928932188135 50.5 1
133.7928932188135 44.5 1
136.5 44.5 1
136.5 40.5 0
142.5 33.99999999999987 1
126.5 33.9999999999999 0
126.5 32.9999999999999 1
142.5 32.99999999999987 0
142.5 31.99999999999987 1
126.5 31.9999999999999 0
126.5 30.9999999999999 1
142.5 30.99999999999987 0
142.5 29.99999999999987 1
126.5 29.9999999999999 0
126.5 28.9999999999999 1
142.5 28.99999999999987 0
142.5 27.99999999999987 1
126.5 27.9999999999999 0
126.5 26.9999999999999 1
142.5 26.99999999999987 0
142.5 25.99999999999987 1
126.5 25.9999999999999 0
126.5 24.9999999999999 1
142.5 24.99999999999987 0
142.5 23.99999999999987 1
126.5 23.9999999999999 0
126.5 34.9999999999999 1
145.5 34.99999999999987 0
145.5 35.99999999999987 1
114.5 35.99999999999991 0
114.5 36.99999999999991 1
145.5 36.99999999999987 0
145.5 37.99999999999987 1
114.5 37.99999999999991 0
114.5 38.99999999999991 1
145.5 38.99999999999987 0
145.5 39.99999999999987 1
114.5 39.99999999999991 0
127.5 40.5 0
127.5 40.9999999999999 1
136.5 40.99999999999989 0
136.5 40.5 1
145.5 40.5 1
145.5 34.5 1
142.5 34.5 1
142.5 23.5 1
165.5 23.5 0
165.5 22.99999999999984 1
126.5 22.9999999999999 0
126.5 19.9999999999999 1
165.5 19.99999999999984 0
165.5 20.99999999999984 1
126.5 20.9999999999999 0
126.5 21.9999999999999 1
165.5 21.99999999999984 0
165 23.5 1
165 34.5 0
164 34.5 1
164 23.5 0
163 23.5 1
163 39.5 0
162 39.5 1
162 23.5 0
161 23.5 1
161 39.5 0
160 39.5 1
160 23.5 0
159 23.5 1
159 39.5 0
158.5 31.5 1
152.5 31.5 1
152.5 23.5 0
153 23.5 1
153 31.5 0
154 23.5 1
154 31.5 0
155 31.5 1
155 23.5 0
156 23.5 1
156 31.5 0
157 31.5 1
157 23.5 0
158 23.5 1
158 31.5 0
158.5 31.5 1
158.5 39.5 1
163.5 39.5 1
163.5 34.5 1
165.5 34.5 1
165.5 19.5 1
162.5 19.5 1
162.5 13.5 1
119.5 13.5 1
119.5 14.5 0
117.1224003388256 19.99999999999991 1
105.5 19.99999999999994 0
105.5 20.99999999999994 1
115.9974003388256 20.99999999999991 0
114.8724003388256 21.99999999999992 1
105.5 21.99999999999994 0
105.5 22.99999999999994 1
113.7474003388256 22.99999999999992 0
105.5 18.99999999999994 1
118.2474003388256 18.99999999999991 0
118.8099003388255 18.5 0
126.5 18.5 0
126.5 18.9999999999999 1
162.5 18.99999999999984 0
162.5 17.99999999999984 1
105.5 17.99999999999994 0
105.5 16.99999999999994 1
162.5 16.99999999999984 0
162.5 15.99999999999984 1
105.5 15.99999999999994 0
105.5 14.99999999999994 1
162.5 14.99999999999984 0
162.5 13.99999999999984 1
119.5 13.99999999999991 0
119.5 14.5 1
105.5 14.5 1
105.5 23.5 1
113.1849003388255 23.5 0
112.432300677651 23.5 1
110.5 25.21760060235642 0
110.5 23.87964564915728 1
110.9271013553019 23.5 0
110.5 23.5 1
110.5 25.88657807895599 1
118.8099003388255 18.5 1
126.5 18.5 1
126.5 35.5 1
114.5 35.5 1
114.5 40.5 1
127.5 40.5 1
127.5 47.5 0
99.5 47.5 1
127.5 47.5 0
133.7928932188135 44.5 0
136.5 43.99999999999989 1
127.5 43.9999999999999 0
127.5 41.9999999999999 1
136.5 41.99999999999989 0
136.5 42.99999999999989 1
127.5 42.9999999999999 0
127.5 44.9999999999999 1
134.2928932188134 44.99999999999989 0
135.2928932188133 45.99999999999989 1
127.5 45.9999999999999 0
127.5 46.9999999999999 1
136.2928932188133 46.99999999999989 0
137.2928932188133 47.99999999999989 1
93.5 47.99999999999996 0
93.5 46.99999999999996 1
99.5 46.99999999999994 0
99.5 47.5 1
99.5 41.5 1
93.5 41.5 0
93.5 41.5 0