53.0517 42.58540000000001 0
39.95414611794085 55.5 1
100 55.5 0
100 52.5 1
76.89279916926273 52.5 0
77.0164 52.4007 1
74.4992 54.423 0
73.33782582056892 52.5 1
42.99664543237392 52.5 0
46.03914474680701 49.5 1
100 49.5 0
100 46.5 1
49.08164406124008 46.5 0
52.12414337567317 43.5 1
100 43.5 0
100 40.5 1
50.64509690169355 40.5 0
53.0517 42.58540000000001 1
35.6698 59.72450000000001 1
29.6527 53.77849999999999 0
30.67304108183362 52.5 1
0 52.5 0
0 55.5 1
31.39478504036327 55.5 0
34.43065789606459 58.5 1
0 58.5 0
4.233486423716013 76.5 1
23.36974188206431 76.5 0
24.04789946552177 73.5 1
0 73.5 0
0 86.19701745620603 1
1.075661081106037 88.01060000000001 0
4.563648648663623 88.01060000000001 1
0 80.3162121759886 0
1.109356216221208 76.3058 1
8.051636216221208 88.01060000000001 0
9.795629999999999 88.01060000000001 1
17.4797 83.3682 0
13.95115863648113 85.5 1
21.33526913169193 85.5 0
22.01342671514939 82.5 1
16.95070010596317 82.5 0
22.69158429860685 79.5 1
15.12278063797135 79.5 0
14.1446 77.8946 1
2.85335 76.3058 1
0 76.3058 1
0 88.01060000000001 0
0 88.5 1
20.65711154823447 88.5 0
20.5902 88.79599999999999 1
37.6232 92.38300000000001 0
33.43024237524394 91.5 1
0 91.5 0
0 94.5 1
100 94.5 0
100 97.5 1
0 97.5 0
0 100 1
100 100 0
100 91.5 1
37.86031183021569 91.5 0
38.66590128734715 88.5 1
100 88.5 0
100 85.5 1
39.4714907444786 85.5 0
40.27708020161006 82.5 1
100 82.5 0
100 79.5 1
41.08266965874152 79.5 0
41.88825911587298 76.5 1
100 76.5 0
100 73.5 1
35.50466559417274 73.5 0
24.7181 70.5352 1
42.19970000000001 75.34020000000001 0
36.91164680350776 58.5 1
100 58.5 0
100 61.5 1
0 61.5 0
0 64.5 1
100 64.5 0
100 67.5 1
0 67.5 0
0 70.5 1
100 70.5 0
93.43299999999999 30.522 1
84.357 28.1202 0
85.79220059955034 28.5 1
64.6230593809149 28.5 0
65.00190000000001 27.7718 0
65.83529999999999 24.3415 1
58.55070000000001 22.1685 0
59.66199539806719 22.5 1
56.57317945263893 22.5 0
56.8977 23.0123 1
42.986 33.30370000000001 0
45.42420406261539 31.5 1
58.41165451644061 31.5 0
58.19499999999999 31.3606 0
58.55070000000001 22.1685 0
59.17256744173666 19.5 1
54.67280537088365 19.5 0
53.62949999999999 17.853 1
47.3481 23.8691 1
39.309 28.4323 0
44.47490395555751 25.5 1
19.02258920115427 25.5 0
0 13.5 1
88.3217483174474 13.5 0
89.13529703445144 10.5 1
0 10.5 0
0 7.5 1
50.83910918621226 7.5 0
50.28253046045398 4.5 1
0 4.5 0
0 1.5 1
52.98496020071529 1.5 0
49.8197 2.00531 1
56.3229 0.967123 0
56.41672855270266 1.5 1
100 1.5 0
100 4.5 1
56.94496613493646 4.5 0
57.6236 8.354140000000001 0
51.1746 9.308319999999998 1
57.6236 8.354140000000001 0
57.47320371717028 7.5 1
100 7.5 0
100 9.22926 1
89.47989999999999 9.22926 0
94.77739881505198 9.22926 1
98.4495 10.31339285229088 0
98.5 9.22926 1
98.5 30.522 0
98.4495 30.522 1
98.4495 11.8774 0
98.4495 17.65065129516279 1
94.98634601558544 30.522 0
98.4495 29.19715388548836 1
98.09303804675631 30.522 0
100 31.5 1
63.06233175491198 31.5 0
61.896 33.7419 1
58.19499999999999 31.3606 0
59.62115557144953 28.5 1
49.47954152884932 28.5 0
53.53487899508328 25.5 1
85.0675534494313 25.5 0
85.88110216643534 22.5 1
66.16056178051866 22.5 0
66.69044792852625 19.5 1
86.69465088343935 19.5 0
87.50819960044339 16.5 1
67.22033407653385 16.5 0
67.28739999999999 16.1203 1
60.30159999999999 14.6552 0
59.87168766853446 16.5 1
0 16.5 0
0 19.5 1
51.90987004039161 19.5 0
48.77757503199747 22.5 1
0 22.5 0
0 25.10791774758374 1
0.4235366118313937 23.2763 0
0 23.2763 1
0 47.4271 1
5.616057035993823 47.4271 0
5.830436260778514 46.5 1
22.73295427934974 46.5 0
11.12855652080075 43.5 1
6.524145325986231 43.5 0
6.78387 42.3768 1
26.3191 47.4271 1
34.72160445612677 47.4271 0
28.9641952719196 47.4271 1
38.74239081579283 35.17489999999999 0
42.58066360526428 35.17489999999999 1
32.80246806139105 47.4271 0
33.06727123083704 49.5 1
0 49.5 0
0.9973155839215624 47.4271 1
6.581858547927741 23.2763 0
3.502697579879567 23.2763 1
0 38.42399413672325 0
4.076476551969735 47.4271 1
9.661019515975912 23.2763 0
11.2006 23.2763 1
30.8261 28.8556 0
29.57525709856075 28.5 1
39.36010089501991 28.5 0
41.62454232869401 31.5 1
30.18434727135665 31.5 0
31.06584523684993 35.17489999999999 1
28.51763475056496 38.36783926777964 0
34.90411802632138 35.17489999999999 1
26.84046900413561 45.27875199460736 0
26.3191 47.4271 1
29.29250900842689 35.17489999999999 0
29.45629622539914 34.5 1
100 34.5 0
100 37.5 1
47.18302281762364 37.5 0
44.49979999999999 35.17489999999999 1
53.0517 42.58540000000001 0
53.0517 42.58540000000001 0