9.18188 40.6414
4.59735 36.6426
1.29654 41.2768
5.66548 45.1158

15.089 89.6304
12.6469 86.2621
9.10599 95.5715

34.2862 88.7716
31.4615 81.9898
27.2622 83.1741
24.544 92.7353

38.2702 67.2661
30.4534 37.2677
25.411 39.3229
36.1942 68.0211

48.1297 33.2523
34.6521 31.0932
33.7168 35.3176
47.7021 37.3698

40.7947 22.1214
31.1889 13.4504
27.8419 17.3789
37.7116 25.9631

58.6943 82.187
54.3211 79.2479
51.1187 83.082
46.3062 92.6434
49.235 95.0859

74.028 54.1275
72.6368 47.6313
58.0017 51.7585
59.1052 58.5779

84.0061 38.9382
71.6467 22.2094
65.8366 26.3832
63.75 27.4806
77.1976 43.5887

95.0245 77.8661
93.9677 71.0562
88.8088 70.8968
76.8054 72.5523
77.1251 77.2013

98.9362 41.2446
92.8597 34.178
86.8551 39.9445
89.7564 45.4703
91.612 47.5997