50.4123 48.2792 0
50.4123 48.2792 1
53.2133 51.6073 1
46.2265 59.5772 1
50.39960000000001 64.48939999999999 0
51.77719999999999 63.5506 1
61.01000000000001 43.8903 0
58.5 49.23508738844122 1
58.5 81.84110313323112 0
55.5 76.70960177693911 1
55.5 55.62327948617971 0
52.5 62.01147158391821 1
52.5 71.57810042064708 0
49.5 63.43047135702474 1
49.5 69.23472501393999 0
50.6848 68.47319999999999 1
60.8596 85.87719999999999 0
58.5 87.29693044733895 1
58.5 100 0
55.5 100 1
55.5 89.10197848175872 0
54.0728 89.9607 1
43.5112 73.084 0
52.5 87.4474753219209 1
52.5 100 0
49.5 100 1
49.5 82.65368460839267 0
46.5 77.8598938948644 1
46.5 100 0
43.5 100 1
43.5 0 0
46.5 0 1
46.5 59.26521630932616 0
46.2265 59.5772 0
46.5 59.89913973305217 1
46.5 71.16296188245789 0
40.5 70.64161315200874 1
40.5 100 0
37.5 100 1
37.5 71.82324507333232 0
34.5 73.00487699465589 1
34.5 92.86993968183967 0
31.5 89.13574532052291 1
31.5 74.18650891597943 0
30.0874 74.74289999999999 1
25.5406 62.4948 0
28.5 70.46678626286618 1
28.5 85.40155095920616 0
27.2617 83.86019999999999 1
36.7852 95.71440000000001 0
36.7852 97.54818313764704 1
33.95858434336445 99.536 0
29.40324540253697 99.536 1
21.4174 89.89495838468181 0
21.4174 87.54349999999999 1
21.4174 100 1
36.7852 100 1
36.7852 99.536 1
21.4174 99.536 0
21.61222701268485 99.536 1
21.4174 99.30079192340912 0
25.50773620761091 99.536 1
21.4174 94.59787515404548 0
18.9442 97.72966529226014 1
18.65602630126022 99.846 0
15.62834210042007 99.846 1
18.9442 75.49448843075339 0
18.9442 64.37690000000001 1
18.9442 99.846 1
18.9442 100 1
2.60369 100 1
2.60369 99.846 0
1.5 100 1
1.5 0 0
4.5 0 1
4.5 86.17621251321123 0
7.5 66.24578844733256 1
7.5 0 0
10.5 0 1
10.5 47.96112816265061 0
11.005 45.5369 1
9.62388 52.1669 0
10.5 52.38030512552515 1
10.5 63.46954058857318 0
7.95899 63.1965 1
2.60369 98.77430000000001 0
14.1145 99.846 1
2.60369 98.77430000000001 1
2.60369 99.846 1
18.9442 99.846 0
19.5 100 1
19.5 54.57252323460425 0
22.5 55.30326260429729 1
22.5 86.8612043307154 0
25.5 84.97049030166144 1
25.5 42.96104002719508 0
24.391 43.5993 1
18.2994 32.91930000000001 0
19.5 35.02423269420184 1
19.5 48.03338381621465 0
16.5 47.15175327487928 1
16.5 14.84301688803873 0
13.5 16.43525225188817 1
13.5 46.27012273354391 0
22.5 40.2839345787642 1
22.5 50.24706062054618 0
22.0222 48.77460000000001 1
24.2815 55.7372 0
13.5 63.79190128991617 1
13.5 53.11104449521818 0
16.5 53.84178386491122 1
16.5 64.11426199125916 0
28.5 61.39098450384085 1
28.5 41.23445759399875 0
31.5 39.50787516080241 1
31.5 47.07101508222991 0
30.3544 47.44370000000001 1
31.5472 50.9462 0
31.5 50.80760342052314 1
31.5 60.27202576609758 0
34.5 59.15306702835433 1
34.5 49.99449631733509 0
37.5 49.02757981503397 1
37.5 58.03410829061106 0
37.59520000000001 57.9986 1
41.80119999999999 70.12909999999999 0
40.5 66.37631669044222 1
40.5 48.06066331273286 0
42.9547 47.26949999999999 0
41.96210000000001 43.6675 0
40.5 44.14314823522317 1
40.5 18.40848508971245 0
34.5 31.93365625057662 1
34.5 18.98445397705014 0
37.5 18.6964695333813 1
37.5 45.11910385089209 0
34.5 46.095059466561 1
34.5 37.78129272760607 0
37.4816 36.06529999999999 1
33.146 30.0574 0
31.5 30.37469065240526 1
31.5 19.27243842071898 0
28.719 19.5394 1
28.4248 15.6287 0
28.5 15.62094936021572 1
28.5 0 0
25.5 0 1
25.5 31.53127869276467 0
28.5 30.95298467258497 1
28.5 16.62830788579195 0
19.5 13.25078152418928 1
19.5 32.68786673312408 0
22.5 32.10957271294438 1
22.5 11.65854616033983 0
23.9993 10.8628 1
22.4608 7.27352 0
19.5 8.843067430268324 1
19.5 0 0
16.5 0 1
16.5 10.43339514264503 0
13.5 12.02372285502174 1
13.5 0 0
22.5 0 1
22.5 7.364972568085793 0
31.5 15.31174830499185 1
31.5 0 0
34.5 0 1
34.5 15.00254724976798 0
37.5 14.69334619454411 1
37.5 0 0
40.5 0 1
40.5 14.38414513932024 0
42.1091 14.2183 0
51.2552 17.8346 1
52.7581 27.8668 0
52.5 26.1439236808836 1
52.5 46.25977048639737 0
55.5 43.35787436108822 1
55.5 28.83154501719034 0
58.05419999999999 40.88720000000001 1
61.01000000000001 43.8903 0
58.5 41.3401338859192 1
58.5 29.88710322557539 0
61.5 30.94266143396046 1
61.5 88.21301664722182 0
60.92270000000001 89.02500000000001 1
62.2941 87.09610000000001 1
64.38650000000001 85.89619999999999 1
70.8484 91.81190000000001 0
68.81659999999999 92.85319999999999 1
67.10509999999999 95.19730000000001 0
67.5 94.65643813029507 1
67.5 100 0
64.5 100 1
64.5 92.59645587312369 0
61.5 89.60135688244048 1
61.5 100 0
70.5 100 1
70.5 91.99045542868393 0
70.8484 91.81190000000001 1
70.8484 89.07485040418538 1
73.66220000000001 92.8982 1
78.51480000000001 87.59 1
75.8141 83.11369999999999 0
76.5 84.25055124967599 1
76.5 0 0
79.5 0 1
79.5 100 0
88.5 100 1
88.5 86.9738495923211 0
85.5 89.9181239047218 1
85.5 100 0
82.5 100 1
82.5 92.86239821712252 0
81.12729999999999 94.20959999999999 1
86.86660000000001 83.67099999999999 0
85.5 82.94518073007882 1
85.5 86.18037409788653 0
82.5 91.68902497865594 1
82.5 0 0
85.5 0 1
85.5 77.60791599039766 0
83.2122 81.73009999999999 1
89.62729999999999 70.1713 0
88.5 72.20248193636888 1
88.5 0 0
91.5 0 1
91.5 11.60169783515074 0
91.7869 11.4202 1
97.18989999999999 19.5596 0
94.5 15.50737492874328 1
94.5 0 0
97.5 0 1
97.5 100 0
100 100 1
100 0 0
73.5 0 1
73.5 80.92786114694849 0
70.5 78.0941389399762 1
70.5 0 0
67.5 0 1
67.5 75.26041673300392 0
89.62729999999999 70.1713 0
91.5 71.04896933211285 1
91.5 23.5632936856388 0
94.5 21.45234603156467 1
94.5 72.45496495145312 0
95.74510000000001 73.0385 1
90.59909999999999 83.32069999999999 0
91.5 81.52061566653714 1
91.5 83.90458936170214 0
91.57669999999999 83.95429999999999 0
91.5 84.02957527992038 1
91.5 100 0
94.5 100 1
94.5 75.52632884181889 0
91.57669999999999 83.95429999999999 0
81.12729999999999 94.20959999999999 0
76.5 89.79396516506617 1
76.5 100 0
73.5 100 1
73.5 92.67780505208574 0
70.8484 91.60549623280724 1
62.8627 80.75464582862185 0
64.38650000000001 85.89619999999999 1
62.8627 83.82568322051947 1
62.8627 78.22399999999999 0
64.5 76.91324956751106 1
64.5 31.99821964234552 0
65.32329999999999 32.28789999999999 1
64.5958 28.1259 0
64.5 28.12188832324978 1
64.5 0 0
61.5 0 1
61.5 27.99626170267934 0
59.9678 27.9321 1
57.90430000000001 16.9462 0
58.5 20.11765656893625 1
58.5 0 0
55.5 0 1
55.5 17.26744349460829 0
52.5 17.66827969800424 1
52.5 0 0
49.5 0 1
49.5 55.84309173155093 0
52.5 52.42096715377569 1
52.5 50.75976921456622 0
50.4123 48.2792 0