54.3385 57.2719 0
55.5 56.6222815382713 1
55.5 40.90482975799223 0
54.72 41.6416 1
47.93600000000001 30.5481 0
49.5 29.55952654177406 1
49.5 0 0
46.5 0 1
46.5 84.48479206075251 0
45.8901 84.53809999999999 1
46.77549999999999 89.40000000000001 0
46.5 87.88717703862662 1
46.5 100 0
43.5 100 1
43.5 23.56748070676146 0
40.5 22.67686786881843 1
40.5 100 0
39.77015350433459 100 1
40.084 99.94250962605383 0
40.084 100 1
21.6911 100 1
21.6911 95.1841272672111 1
30.9913 90.93340000000001 0
22.5 94.81441335929006 1
22.5 92.0637243523316 0
7.5 100 1
7.5 85.43620995917212 0
4.5 80.17477938499945 1
4.5 100 0
11.841 93.04949999999999 1
18.9409 78.70150000000001 0
25.5 68.14642104558763 1
25.5 87.41605583053411 0
28.5 86.48212936662128 1
28.5 69.72526671685486 0
31.5 71.30411238812212 1
31.5 85.54820290270843 0
34.5 84.61427643879557 1
34.5 68.77400995179673 0
32.797 71.98670000000001 1
38.9999 60.285 0
37.5 63.11454421802705 1
37.5 83.68034997488274 0
38.2136 83.45820000000001 1
40.084 89.26779999999999 0
40.084 96.89259259003845 1
23.12030922396892 100 0
21.6911 97.21188538608615 1
40.084 93.84267555402306 0
40.084 90.7927585180077 1
25.42327278088945 93.47830926268756 0
23.0807 94.54900000000001 1
21.6911 88.6018 0
22.5 88.34998229444696 1
22.5 66.56757537432037 0
20.842 65.69499999999999 1
27.1363 53.57040000000001 0
28.5 54.34223148622678 1
28.5 0 0
31.5 0 1
31.5 23.36494541440155 0
38.9199 15.9422 0
40.5 16.35691091358954 1
40.5 0 0
43.5 0 1
43.5 17.14428686496517 0
76.5 0 1
76.5 61.34103804353698 0
79.5 62.68020511532437 1
79.5 0 0
82.5 0 1
82.5 16.14169621608103 0
83.8064 16.5616 1
83.11689999999999 19.4912 0
82.5 19.22711752594765 1
82.5 64.01937218711177 0
85.22839999999999 65.2373 1
76.63749999999999 83.47569999999999 0
76.5 83.39669996986228 1
76.5 100 0
79.5 100 1
79.5 77.39863938935383 0
82.5 71.02966757033604 1
82.5 100 0
100 100 1
100 0 0
97.5 0 1
97.5 100 0
94.5 100 1
94.5 0 0
91.5 0 1
91.5 100 0
88.5 100 1
88.5 0 0
85.5 0 1
85.5 100 0
51.3944 84.05699999999999 0
49.5 84.22257888196501 1
49.5 33.1056227004717 0
52.5 38.01135678066038 1
52.5 60.02094488791397 0
38.6285 57.27124834982274 1
28.566 45.30584737121448 0
7.5 45.34326865840728 1
7.5 73.2331749371954 0
10.5 74.66706345893877 1
10.5 0 0
7.5 0 1
7.5 41.51936675352283 0
9.242889999999999 42.43089999999999 1
5.80034 48.18340000000001 0
4.5 47.51625025596041 1
4.5 71.799286415452 0
1.5 70.36539789370863 1
1.5 45.97707647670366 0
22.5 62.50122359912937 1
22.5 2.322501875176613 0
19.5 4.848722581632154 1
19.5 100 0
16.5 100 1
16.5 83.6342502077494 0
13.5 89.69687080803953 1
13.5 100 0
10.5 100 1
10.5 90.69764053334481 0
11.841 93.04949999999999 1
0.131352 72.51300000000001 0
1.5 74.91334881082676 1
1.5 100 0
0 100 1
0 0 0
1.5 0 1
1.5 7.66468201660753 0
0.7313829999999999 7.5573 1
0.325348 12.6464 0
1.5 12.88136011004714 1
1.5 45.95215415893009 0
1.49108 45.9725 1
4.20007 39.79349999999999 0
4.5 39.95036369570994 1
4.5 13.48143598795942 0
5.291219999999999 13.6397 1
5.97274 8.289560000000002 0
4.5 8.083806300643136 1
4.5 0 0
19.48148814475363 0 1
12.9492 1.572452384865997 0
12.9492 3.1153 0
13.5 3.689847306012067 1
13.5 76.10095198068214 0
16.5 77.53484050242554 1
16.5 6.819189931350115 0
16.7948 7.1267 1
12.9492 3.1153 1
12.9492 0 1
25.0048 0 0
25.5 0 1
25.5 56.72237607041291 0
28.566 49.96694211364344 1
35.6474772202719 58.38758454459335 0
37.5 53.59879240674645 1
37.5 52.21250057081458 0
38.6285 49.21599999999999 1
37.13939999999999 53.17 1
38.6285 54.94070097860825 1
38.6285 60.07479378603459 1
28.566 54.37958638693145 1
28.566 42.9753 1
32.3715 33.57210000000001 0
31.5 35.7255328734726 1
31.5 27.19894800122063 0
30.3274 26.7556 1
31.164 22.983 1
36.55370000000001 29.1097 0
34.5 26.77517232870105 1
34.5 0 0
37.5 0 1
37.5 35.74296437070012 0
34.5 34.47308173209227 1
34.5 28.33321714983217 0
38.54900000000001 36.187 1
34.7415 46.6965 0
37.5 48.48452180344739 1
37.5 39.08246040709126 0
57.5733 55.4627 0
58.5 56.42809703898581 1
58.5 38.07109805796235 0
60.74460000000001 35.9509 1
54.2988 26.5263 0
52.5 27.66328589300308 1
52.5 0 0
55.5 0 1
55.5 28.28261101182166 0
58.5 32.66900215023738 1
58.5 0 0
61.5 0 1
61.5 43.32277544443923 0
61.15389999999999 43.30119999999999 1
60.9367 55.6641 0
57.5733 55.4627 1
63.23690000000001 61.36279999999999 0
61.5 59.55337071650541 1
61.5 55.59809271070615 0
64.5 55.24655380092176 1
64.5 100 0
67.5 100 1
67.5 0 0
64.5 0 1
64.5 43.50979172100004 0
65.4177 43.56699999999999 1
64.71209999999999 55.2217 0
73.5 60.00187097174958 1
73.5 0 0
70.5 0 1
70.5 58.6627038999622 0
68.5667 57.7997 1
73.3194 81.5693 0
73.5 81.67306294867544 1
73.5 100 0
70.5 100 1
70.5 67.46868135375684 0
58.5 65.64625427526062 1
58.5 100 0
61.5 100 1
61.5 62.40090379213483 0
60.1041 63.23520000000001 1
58.10890000000001 66.23410000000001 1
52.46939999999999 60.0667 0
52.5 60.10016439223335 1
52.5 100 0
49.5 100 1
49.5 89.16191190363722 0
55.5 100 1
55.5 63.38098716020924 0
52.46939999999999 60.0667 1
54.3385 57.2719 0
54.3385 57.2719 0