38.822 56.00360000000001 0
48.1016 26.667 0
33.51187604006371 43.5 1
100 43.5 0
100 40.5 1
29.55890571958572 40.5 0
33.7319 43.1675 1
26.6479 38.6392 0
24.2478 42.0615 1
31.2808 46.8716 0
15.94805597914487 49.5 1
29.22004945812808 49.5 0
30.98221694581281 52.5 1
12.41141267045904 52.5 0
8.874769361773215 55.5 1
32.74438443349753 55.5 0
34.50655192118226 58.5 1
5.338126053087388 58.5 0
5.127459999999999 58.67870000000001 1
3.8871 55.6207 1
3.8871 58.67870000000001 0
2.3871 58.67870000000001 1
2.3871 45.1413 0
3.8871 45.92767543201538 1
4.847591022116456 45.1413 0
0 43.5 1
26.35107654310721 43.5 0
30.73747183634435 46.5 1
17.84782067292139 46.5 0
18.5357 47.30500000000001 1
5.127459999999999 58.67870000000001 1
0 58.67870000000001 1
0 45.1413 1
16.6868 45.1413 0
14.31895820442329 45.1413 1
3.8871 53.68209508640308 0
3.8871 49.80488525920923 1
9.583274613269875 45.1413 0
25.34289866171873 40.5 1
0 40.5 0
0 37.5 1
100 37.5 0
100 34.5 1
85.6343052263133 34.5 0
88.06319947881107 31.5 1
100 31.5 0
100 28.5 1
90.49209373130884 28.5 0
92.76060000000001 25.6981 1
85.2424 24.8735 0
84.71151501752243 25.5 1
47.41696069066536 25.5 0
48.1016 26.667 0
45.65696246615474 22.5 1
100 22.5 0
100 25.5 1
90.95444499151102 25.5 0
92.76060000000001 25.6981 0
100 13.5 1
88.32006572167208 13.5 0
88.14090183927169 10.5 1
100 10.5 0
100 7.5 1
30.7662467084622 7.5 0
29.7265 5.43492 1
21.6762 9.735769999999999 0
25.86109815524838 7.5 1
0 7.5 0
0 4.5 1
100 4.5 0
100 1.5 1
0 1.5 0
0 10.5 1
22.00306645534103 10.5 0
23.28618719912639 13.5 1
0 13.5 0
0 16.5 1
24.56930794291174 16.5 0
24.7782 16.9884 1
33.3276 12.5872 0
32.27671609724452 10.5 1
71.17070738120591 10.5 0
70.26165562625886 13.5 1
53.47936986890534 13.5 0
48.4798 15.6845 1
54.014 13.2664 1
49.03400000000001 11.1647 0
47.43510000000001 11.7333 0
47.90221669619356 13.5 1
31.55447168953922 13.5 0
25.72692465691176 16.5 1
69.35260387131183 16.5 0
68.3168 19.9183 0
72.45350141037528 19.5 1
100 19.5 0
100 16.5 1
88.49922960407247 16.5 0
88.58099999999999 17.8692 1
68.3168 19.9183 0
68.44355211636477 19.5 1
42.90343204765561 19.5 0
40.3334 16.8229 1
33.0419 22.9649 1
29.2 19.6771 0
32.49864940385667 22.5 1
33.59380790459134 22.5 0
37.15526996906546 19.5 1
0 19.5 0
0 22.5 1
22.90281200575126 22.5 0
22.7247 22.353 1
26.385 19.5509 0
22.7247 22.353 1
28.6236 27.2215 0
26.53775089863407 25.5 1
0 25.5 0
0 28.5 1
32.49287238452054 28.5 0
28.6236 27.2215 1
35.0051 29.3301 1
39.8674 29.8288 1
43.97799999999999 28.4714 0
43.89139092382496 28.5 1
82.1693682538629 28.5 0
79.62722149020337 31.5 1
0 31.5 0
0 34.5 1
81.96825051074322 34.5 0
84.34100000000001 36.09739999999999 1
78.85890000000001 32.4067 0
82.96882964393083 55.5 1
38.37694075307031 55.5 0
38.822 56.00360000000001 0