38.822 56.00360000000001 0
35.72567438931125 52.5 1
87.13255421164868 52.5 0
91.0017 50.3686 0
93.14320094808127 49.5 1
33.0744080255522 49.5 0
31.52669745417241 46.5 1
100 46.5 0
97.7281512681422 48.3751 1
99.84350000000001 51.49896840279015 0
99.84350000000001 48.3751 1
99.84350000000001 63.1092 1
85.1131 63.1092 1
89.5626 59.35120000000001 0
90.41757127102056 63.1092 1
99.84350000000001 59.06996900101267 0
99.84350000000001 55.80612300033756 1
87.49434776264118 61.09802366737709 0
85.1131 63.1092 0
84.07106949801266 61.5 1
38.30051414602347 61.5 0
42.4966 73.6728 1
45.5051 75.3886 1
47.6313 75.36160000000001 0
47.17449079389105 76.5 1
100 76.5 0
100 73.5 1
69.21580205467916 73.5 0
71.27477583787123 70.5 1
100 70.5 0
100 67.5 1
70.6154342913776 67.5 0
66.40870000000001 66.32220000000001 0
64.93514495150461 70.5 1
2.486403312744859 70.5 0
1.84524 70.22370000000001 1
18.4888 77.39599999999999 0
17.1466 80.9958 0
0 100 1
100 100 0
100 97.5 1
0 97.5 0
0.4400309999999999 79.14319843201213 1
5.058767614152533 80.9958 0
13.11732253805084 80.9958 1
0.4400309999999999 75.91086614400405 0
0.4400309999999999 74.29470000000001 1
1.84524 70.22370000000001 1
0 70.22370000000001 1
0 80.9958 1
17.1466 80.9958 0
17.70431508417134 79.5 1
41.8836354755784 79.5 0
43.0723 80.06549999999999 1
39.88339999999999 78.54839999999999 0
40.98129131183855 76.5 1
16.40960228657473 76.5 0
9.448002799659797 73.5 1
63.87701264610793 73.5 0
63.5722 74.36420000000001 1
68.00540000000001 75.2636 0
72.8956 68.13839999999999 1
66.40870000000001 66.32220000000001 0
65.99327725690128 67.5 1
0 67.5 0
0.4400309999999999 70.22370000000001 1
0.4400309999999999 80.9958 0
0 82.5 1
100 82.5 0
100 79.5 1
45.97067173351962 79.5 0
52.53282590876694 88.5 1
0 88.5 0
0 85.5 1
55.66616263618776 85.5 0
57.3355 83.90170000000001 1
51.181 89.79429999999999 0
52.86484519598848 91.5 1
0 91.5 0
0 94.5 1
100 94.5 0
100 91.5 1
55.72960828930923 91.5 0
58.6739629264228 88.5 1
100 88.5 0
100 85.5 1
58.83019581722895 85.5 0
41.3459 60.09139999999999 1
36.7028 62.239 0
36.268719408867 61.5 1
0 61.5 0
0 64.5 1
100 64.5 0
98.03406554739178 63.1092 1
99.84350000000001 62.33381500168778 0
99.84350000000001 63.1092 1
100 63.1092 1
100 48.3751 1
95.91659999999999 48.3751 1
91.0017 50.3686 1
85.55359999999999 53.3698 1
81.1542 56.99550000000001 0
82.12843246969919 58.5 1
40.3633337149567 58.5 0
38.822 56.00360000000001 0