63.7942 16.3663 0
63.7942 16.3663 1
82.5438 19.894 0
82.60877604440549 19.5 1
100 19.5 0
100 16.5 1
83.10351749926966 16.5 0
83.5982589541338 13.5 1
100 13.5 0
100 10.5 1
81.26092490334366 10.5 0
65.9162 7.742990000000001 1
84.01150000000001 10.9942 0
100 1.5 1
0 1.5 0
0 4.5 1
100 4.5 0
100 7.5 1
0 7.5 0
0 10.5 1
65.23776269228406 10.5 0
64.49953108516334 13.5 1
0 13.5 0
0 16.5 1
64.50481074354394 16.5 0
80.44970401678148 19.5 1
0 19.5 0
0 22.5 1
100 22.5 0
100 25.5 1
0 25.5 0
0 28.5 1
100 28.5 0
100 31.5 1
0 31.5 0
0 34.5 1
100 34.5 0
100 37.5 1
0 37.5 0
0 40.5 1
100 40.5 0
100 43.5 1
0 43.5 0
0 46.5 1
100 46.5 0
100 49.5 1
0 49.5 0
0 52.5 1
100 52.5 0
100 55.5 1
0 55.5 0
0 58.5 1
100 58.5 0
100 61.5 1
0 61.5 0
0 64.5 1
100 64.5 0
100 67.5 1
0 67.5 0
0 70.5 1
100 70.5 0
100 73.5 1
0 73.5 0
0 76.5 1
100 76.5 0
100 79.5 1
0 79.5 0
0 82.5 1
100 82.5 0
68.24770000000001 88.25980000000001 1
76.0806 87.5779 0
76.1056861226335 88.5 1
100 88.5 0
100 91.5 1
76.18730239841764 91.5 0
76.26891867420176 94.5 1
100 94.5 0
100 97.5 1
0 97.5 0
0 100 1
100 100 0
100 85.5 1
0 85.5 0
0 88.5 1
68.24249033390061 88.5 0
68.17742372982806 91.5 1
0 91.5 0
0 94.5 1
68.11235712575552 94.5 0
63.7942 16.3663 0