39.5 95.5 0
39.5 97.5 0
53 119.9166666666667 1
53 97.5 0
55.5 97.5 0
65 96.5 1
65 146.5 0
63.5 146 1
32.5 146 0
32.5 147 1
63.5 147 0
63.5 148 1
32.5 148 0
32.5 149 1
63.5 149 0
63.5 150 1
32.5 150 0
32.5 153 1
62.5 153 0
62.5 152 1
32.5 152 0
32.5 151 1
63.5 151 0
64 151.5 1
64 96.5 0
63 96.5 1
63 130.5 0
62 130.5 1
62 43.5 0
63 43.5 1
63 59.5 0
63.5 58.5 1
66.5 58.5 1
66.5 51.5 1
92.5 51.5 1
92.5 82.5 1
71.5 82.5 1
71.5 59.5 0
72 82.5 1
72 51.5 0
73 51.5 1
73 82.5 0
74 82.5 1
74 51.5 0
75 51.5 1
75 82.5 0
76 82.5 1
76 51.5 0
77 51.5 1
77 82.5 0
78 82.5 1
78 51.5 0
79 51.5 1
79 82.5 0
80 82.5 1
80 51.5 0
81 51.5 1
81 82.5 0
82 82.5 1
82 51.5 0
83 51.5 1
83 82.5 0
84 82.5 1
84 51.5 0
85 51.5 1
85 82.5 0
86 82.5 1
86 51.5 0
87 51.5 1
87 82.5 0
88 82.5 1
88 51.5 0
89 51.5 1
89 82.5 0
90 82.5 1
90 51.5 0
91 51.5 1
91 82.5 0
92 82.5 1
92 51.5 0
71.5 59.5 1
62.5 59.5 0
55.5 97.5 0
55 97.5 1
55 101.5 0
55.5 101.5 1
54.5 101.5 1
53.5 101.5 0
54 101.5 1
54 97.5 0
50 97.5 1
50 122.4166666666667 0
49 123.25 1
49 97.5 0
46 97.5 1
46 124.5 0
45 124.5 1
45 97.5 0
40 97.5 1
40 124.5 0
39 124.5 1
39 95.5 0
39.5 95.5 0