39.5 95.5 0
32 95.5 1
32 156.5 0
32.5 156 1
53.5 156 0
53.5 155 1
32.5 155 0
32.5 154 1
53.5 154 0
53.5 153.5 0
63.5 134.5 1
63.5 133.5 1
63.5 130.5 1
62.5 130.5 1
60.5 130.5 1
60.5 116.5 1
59.5 116.5 1
55.5 116.5 1
55.5 101.5 0
56 116.5 1
56 43.5 0
57 43.5 1
57 116.5 0
58 116.5 1
58 43.5 0
59 43.5 1
59 116.5 0
60 116.5 1
60 43.5 0
61 43.5 1
61 130.5 0
66.5 106.5 1
66.5 96.5 1
62.5 96.5 0
53.5 101.5 1
53.5 102.5 1
53.5 119.5 1
47.5 124.5 1
32.5 124.5 1
32.5 125.5 1
32.5 129.5 0
32.5 130 1
47.5 130 0
32.5 133 1
47.5 133 0
47.5 134 1
32.5 134 0
32.5 132 1
47.5 132 0
47.5 131 1
32.5 131 0
32.5 129.5 1
33.5 129.5 1
47.5 129.5 1
47.5 134.5 1
48.5 134.5 1
63.5 134.5 0
63.5 135 1
32.5 135 0
32.5 136 1
63.5 136 0
63.5 137 1
32.5 137 0
32.5 138 1
63.5 138 0
63.5 139 1
32.5 139 0
32.5 140 1
63.5 140 0
63.5 141 1
32.5 141 0
32.5 144 1
63.5 144 0
63.5 145 1
32.5 145 0
32.5 143 1
63.5 143 0
63.5 142 1
32.5 142 0
17 150.5 1
17 128.5 0
18 128.5 1
18 156.5 0
19 156.5 1
19 128.5 0
20 128.5 1
20 156.5 0
21 156.5 1
21 129.6508541396589 0
22 128.8175208063255 1
22 156.5 0
23 156.5 1
23 127.9841874729922 0
24 127.1508541396589 1
24 156.5 0
25 156.5 1
25 126.3175208063255 0
26 125.4841874729922 1
26 156.5 0
27 156.5 1
27 124.6508541396589 0
28 123.8175208063256 1
28 156.5 0
29 156.5 1
29 95.5 0
30 95.5 1
30 156.5 0
31 156.5 1
31 95.5 0
35 95.5 1
35 124.5 0
36 124.5 1
36 95.5 0
39.5 95.5 0