57.8391 53.3563 0
57.8391 53.3563 1
73.58850000000001 55.943 0
73.66265343535559 55.5 1
100 55.5 0
100 52.5 1
74.16482116914065 52.5 0
74.17150000000001 52.4601 1
58.8805 47.1097 0
65.71177939967106 49.5 1
100 49.5 0
100 46.5 1
0 46.5 0
0 43.5 1
100 43.5 0
100 40.5 1
0 40.5 0
0 37.5 1
100 37.5 0
100 34.5 1
0 34.5 0
0 31.5 1
100 31.5 0
100 28.5 1
0 28.5 0
0 25.5 1
100 25.5 0
100 22.5 1
0 22.5 0
0 19.5 1
100 19.5 0
100 16.5 1
0 16.5 0
0 13.5 1
100 13.5 0
100 10.5 1
0 10.5 0
0 7.5 1
100 7.5 0
100 4.5 1
0 4.5 0
0 1.5 1
100 1.5 0
58.8805 47.1097 0
58.48200186981718 49.5 1
0 49.5 0
0 52.5 1
57.98185779143854 52.5 0
57.8391 53.3563 0