22.1528 80.7984
20.0314 80.3745
17.7403 79.9507
16.3839 86.5694
21.3903 87.1625

35.6917 77.9797
30.5149 76.9833
31.3571 64.717
24.4633 63.7823
21.8654 77.1349
26.4604 78.278
25.7109 90.3229
33.1865 91.1109

39.2874 69.8961
37.0023 64.6842
31.3131 66.8387
33.8408 71.9359

46.4765 52.9785
43.4746 45.9436
38.7759 41.1382
34.6867 38.4609
30.412 37.7774
25.9204 37.485
26.1975 42.7016
28.2959 49.7979
37.5944 47.6937
39.4957 52.3793
41.2112 52.0524
41.9378 53.7851

50.5765 89.0031
49.627 85.7778
41.2787 86.1594
42.3041 89.6124
41.7359 93.2175
49.8944 92.6462

68.2138 22.3973
67.5984 22.0083
60.741 19.2833
55.2928 15.434
53.3935 20.2134
55.3917 22.4511
59.0176 24.7101
65.7418 27.2859

88.7802 63.2063
83.762 49.4047
60.3281 58.139
64.1408 71.73

97.2611 49.9488
89.9592 46.6267
88.4138 50.7473
95.1155 54.3092

85.1851 9.36747
80.0392 1.27651
76.0446 4.47381
81.408 12.1203

93.0013 76.277
86.5907 64.676
73.8067 72.3713
80.2283 83.749