16.0677 85.1043
3.18209 79.3701
1.79235 83.1488
14.3998 88.6537

21.2724 44.6669
3.57673 44.0325
3.30244 51.4301
20.9917 52.1643

17.326 24.935
10.1556 19.6135
6.75589 23.7398
14.0459 29.0516

15.1731 66.7331
13.4588 61.221
11.2454 62.0505
8.34942 54.1838
3.55608 55.941
5.65651 63.0389
6.62195 62.9764
7.33879 65.0629
9.32694 63.9795
9.87202 68.9409

18.6646 58.8702
13.685 57.6111
13.9272 62.1663
17.7461 63.1203

28.9606 85.8846
24.8614 82.0425
22.7791 84.0393
27.0924 87.7729

43.5641 8.41925
35.286 2.5402
27.7777 13.9544
36.0793 20.1933

47.0286 80.0261
35.7681 78.236
34.6029 82.0585
31.8913 82.4638
35.3203 88.2444
36.2123 85.5779
42.8004 85.7403
46.3979 83.8006

55.2707 72.5417
49.1235 68.3835
46.1107 73.2114
51.9913 77.4001

74.7405 47.6824
70.0559 41.8417
58.7627 49.2081
61.6652 53.3372
52.6659 59.9979
57.4564 66.1827
68.1672 59.372
65.4236 54.943

84.4507 16.8358
66.6951 13.7625
62.2419 31.0895
80.0501 35.0348

80.6338 62.8563
75.3649 59.2064
64.4 62.335
75.4938 70.2169

89.3793 63.2868
84.985 60.6658
79.7026 68.3685
83.6044 70.9415

98.5563 54.3473
82.5483 45.8506
80.818 49.7944
96.9269 57.8266

90.686 28.5611
85.5993 26.0066
83.3848 30.7545
89.065 33.5646