41.0393 53.9562 0
26.9613 45.0765 0
27.57664140899666 43.5 1
0 43.5 0
5.750019999999999 33.506 1
12.3263 34.5294 0
12.33463222347054 34.5 1
100 34.5 0
100 31.5 1
37.57108746407616 31.5 0
36.76913260837026 28.5 1
100 28.5 0
100 25.5 1
75.72070387860194 25.5 0
75.73009999999999 25.8534 1
60.0269 24.0989 0
60.05664473596107 22.5 1
10.44126530836431 22.5 0
12.3989 20.0371 0
18.09640699859681 10.5 1
0 10.5 0
0 7.5 1
15.15533267421571 7.5 0
13.7814 6.09854 0
15.27074428092358 4.5 1
0 4.5 0
0 1.5 1
100 1.5 0
100 4.5 1
18.28389775162847 4.5 0
21.24171792160688 7.5 1
100 7.5 0
100 10.5 1
23.22557611194495 10.5 0
29.115 26.6448 0
29.81515202292137 28.5 1
14.0350859929673 28.5 0
14.2687 27.6757 1
8.111460000000001 26.3796 0
6.180726117503706 25.4171 1
1.26375 19.43660447120033 0
1.26375 14.51231063114988 1
2.173883584410812 13.2518 0
1.26375 13.2518 1
1.26375 25.4171 1
0 25.4171 1
0 13.2518 1
4.02402 13.2518 1
12.3989 20.0371 0
11.73597455116207 19.5 1
60.11245448509062 19.5 0
60.16826423422016 16.5 1
8.0331699588817 16.5 0
4.330365366601329 13.5 1
100 13.5 0
100 16.5 1
62.8336257020007 16.5 0
68.64908726746228 19.5 1
100 19.5 0
100 22.5 1
74.46454883292384 22.5 0
75.65729999999999 23.1153 1
60.1936 15.1381 0
60.0269 24.0989 0
72.56708439441437 25.5 1
35.96717775266436 25.5 0
35.7958 24.8589 1
32.33880000000001 25.5696 0
32.67734959898691 25.5 1
0 25.5 0
1.26375 24.16041341360098 1
2.296958352511116 25.4171 0
0 28.5 1
6.913103528000505 28.5 0
6.216089827640634 31.5 1
0 31.5 0
0 34.5 1
12.13737813953488 34.5 0
12.3263 34.5294 0
13.18485910821892 31.5 1
30.94735128379033 31.5 0
31.8416 33.8695 1
37.5817 31.5397 0
33.99509999999999 39.9877 1
29.5592 38.4207 0
28.74760507978004 40.5 1
0 40.5 0
0 37.5 1
100 37.5 0
100 40.5 1
33.81830308412387 40.5 0
33.16930000000001 42.3806 0
32.45653401387317 43.5 1
100 43.5 0
83.25800000000001 48.23609999999999 1
90.7268 48.2818 0
90.65576014302951 49.5 1
100 49.5 0
100 46.5 1
0 46.5 0
0 49.5 1
83.21250469202758 49.5 0
83.1045167784923 52.5 1
23.73755538672009 52.5 0
21.327 50.98820000000001 0
20.55789101310589 52.5 1
0 52.5 0
0 55.5 1
19.03167923861036 55.5 0
21.327 50.98820000000001 1
27.8539 55.08159999999999 0
41.0393 53.9562 1
34.0314 55.5772 0
34.36515069710056 55.5 1
27.64967603489841 55.5 0
26.1853550614166 58.5 1
34.80230009951192 58.5 0
35.7012 61.9081 0
37.35322065077696 61.5 1
100 61.5 0
100 64.5 1
0 64.5 0
0 67.5 1
45.09706250895486 67.5 0
47.7894 66.93530000000001 0
50.1422 69.3845 1
47.47709999999999 71.29220000000001 0
48.583821297898 70.5 1
100 70.5 0
100 67.5 1
48.33187352604932 67.5 0
47.7894 66.93530000000001 1
41.7997 68.19159999999999 0
40.3279 69.3586 0
41.34501949662986 70.5 1
0 70.5 0
0 73.5 1
44.01836669295855 73.5 0
45.2989 74.93700000000001 1
48.3353 72.46090000000001 0
47.06106905617705 73.5 1
100 73.5 0
100 76.5 1
0 76.5 0
0.1858399999999998 77.30350000000001 1
0.1858399999999998 87.73779999999999 0
0 88.5 1
100 88.5 0
100 85.5 1
12.22706334541447 85.5 0
11.9477 87.73779999999999 1
8.151810000000001 87.73779999999999 1
8.151810000000001 87.3158 1
11.9477 87.73779999999999 0
0 100 1
100 100 0
100 97.5 1
0 97.5 0
0 94.5 1
100 94.5 0
100 91.5 1
0 91.5 0
4.685840000000001 87.73779999999999 1
4.685840000000001 83.17490000000001 1
4.685840000000001 77.30350000000001 1
5.717919999999999 77.30350000000001 1
4.685840000000001 83.17490000000001 0
6.54893121080428 87.73779999999999 1
4.685840000000001 85.5119081443811 0
3.18584 87.73779999999999 1
3.18584 77.30350000000001 0
5.717919999999999 77.30350000000001 0
11.4503 77.98249999999999 0
11.3424575200514 79.5 1
100 79.5 0
100 82.5 1
11.12925986611677 82.5 0
19.70648434168113 61.5 1
0 61.5 0
0 58.5 1
19.23602673181496 58.5 0
18.1198 60.56619999999999 1
23.602 63.79259999999999 0
24.7210340879348 61.5 1
35.59356200540208 61.5 0
35.7012 61.9081 1
42.6307 60.19629999999999 0
42.19809606416564 58.5 1
100 58.5 0
90.48081385267372 52.5 1
100 52.5 0
100 55.5 1
41.4330121712793 55.5 0
41.0393 53.9562 0