42.1315 17.9334 0
42.1315 17.9334 1
34.9408 11.4121 0
42.81708570730869 1.5 1
0 1.5 0
0 4.5 1
40.43324604447982 4.5 0
38.04940638165094 7.5 1
0 7.5 0
0 10.5 1
35.66556671882208 10.5 0
34.9408 11.4121 0
37.24301927069756 13.5 1
0 13.5 0
0 16.5 1
40.55096400564305 16.5 0
42.1315 17.9334 1
52.9722 9.20091 1
43.7266 0.3554 0
44.92297123919367 1.5 1
100 1.5 0
100 4.5 1
48.05866381090519 4.5 0
51.19435638261672 7.5 1
100 7.5 0
100 10.5 1
51.35948186771471 10.5 0
47.63521765441472 13.5 1
100 13.5 0
100 16.5 1
43.91095344111473 16.5 0
42.1315 17.9334 0