58.0393 53.3147 0
73.60252714285716 40.5 1
100 40.5 0
100 37.5 1
77.25601070550329 37.5 0
74.76766899940756 34.5 1
100 34.5 0
100 31.5 1
72.27932729331181 31.5 0
72.25612800176251 16.5 1
100 16.5 0
100 1.5 1
0 1.5 0
0 4.5 1
100 4.5 0
100 7.5 1
0 7.5 0
0 10.5 1
70.99081688171464 10.5 0
67.9522 10.9439 1
75.5599 9.832519999999999 0
75.77537554057471 10.5 1
100 10.5 0
100 13.5 1
76.59280800069774 13.5 0
77.0077 15.9601 1
69.01830000000001 16.8679 0
69.79098558721606 28.5 1
100 28.5 0
100 25.5 1
0 25.5 0
0 22.5 1
100 22.5 0
100 19.5 1
0 19.5 0
0 16.5 1
68.982042020677 16.5 0
68.64138860984002 13.5 1
0 13.5 0
10.213 35.57685456298273 1
10.99521811508589 29.5741 0
12.5079 29.5741 1
19.385 31.6411 0
18.91554726173198 31.5 1
64.49667530360853 31.5 0
60.97864842328995 34.5 1
22.18083834207341 34.5 0
24.7185 37.0949 0
24.86032080328835 37.5 1
57.46062154297137 37.5 0
54.2136 40.2689 1
69.05510000000001 27.6128 0
68.01470218392711 28.5 1
0 28.5 0
0 29.5741 1
0 52.70099999999999 1
27.568 52.70099999999999 0
22.518 51.271 0
22.53908997363953 51.14142777064869 1
10.213 48.71401036058437 0
10.213 47.18519999999999 1
10.213 29.5741 0
8.713000000000001 29.5741 1
8.713000000000001 52.70099999999999 0
10.213 51.77163108175309 1
14.9322068646784 52.70099999999999 0
5.713000000000001 52.70099999999999 1
5.713000000000001 29.5741 0
2.713 29.5741 1
2.713 52.70099999999999 0
27.568 52.70099999999999 0
27.55960711968766 52.5 1
54.50009682892775 52.5 0
58.0393 53.3147 0