38.3379 10.475
25.5004 3.43739
23.0792 8.07086
11.3826 2.54929
7.59941 9.76535
20.588 16.3474
22.9714 11.8278
35.0469 16.9693

25.9831 47.4862
18.9441 33.2936
12.2714 36.9196
19.1027 50.992

29.3566 53.5344
22.8194 50.694
18.6158 58.0267
25.7144 60.0008

52.2244 84.1095
50.2845 76.5717
46.6052 71.0074
41.3547 67.5242
39.3168 66.8122
36.6388 72.1036
34.9737 79.7067
45.4199 82.1247
44.7602 87.0466
46.4008 87.2665
46.494 89.3452
50.9132 91.3455

52.496 16.831
52.3487 12.6732
44.216 18.423

77.7577 48.2214
75.1455 40.6857
45.4028 49.0727
48.4135 57.7044

63.0843 24.9798
54.2638 17.7293
49.2767 23.3674
58.8879 32.1261

61.9988 40.8498
61.4076 37.791
54.5135 39.632
55.2046 42.9398

79.2107 55.9161
74.7044 54.9924
74.023 86.7015
78.16 86.937

96.5518 91.9741
84.046 88.6479
82.8629 93.6714
95.5638 96.7999