53.5 51.5 0
53.5 51.5 1
50.5 51.5 1
50.5 43.5 1
45.5 43.5 1
45.5 28.5 1
39.848612181134 28.5 1
33.50000000000001 24.267591879244 0
33.5 23 1
12.5 23 0
12.5 22 1
33.5 22 0
33.5 20 1
12.5 20 0
12.5 21 1
33.5 21 0
33.5 24 1
12.5 24 0
12.5 25 1
34.59861218113402 25 0
33.50000000000001 24.267591879244 1
33.5 19.5 1
12.5 19.5 1
12.5 44.81897503240933 1
18.06752080632555 51.50000000000001 1
14.5 51.5 1
14.5 56.5 1
35.5 56.5 1
35.5 62.5 1
41.5 62.5 1
41.5 60.5 0
41.5 62 1
35.5 62 0
35.5 61 1
41.5 61 0
41.5 60.5 1
52.5 60.5 0
52.5 76 1
37.5 76 0
37.5 77 1
52.5 77 0
52.5 78 1
37.5 78 0
37.5 78.5 0
29.5 80 1
52.5 80 0
52.5 81 1
29.5 81 0
29.5 82 1
52.5 82 0
52.5 83 1
29.5 83 0
29.5 84 1
52.5 84 0
52.5 85 1
29.5 85 0
29.5 85.5 0
29 89.5 1
29 78.5 0
29.5 79 1
52.5 79 0
37.5 75 1
52.5 75 0
52.5 74.5 1
37.5 74.5 1
37.5 78.5 1
28.5 78.5 0
23 73.5 1
23 89.5 0
24 89.5 1
24 73.5 0
25 73.5 1
25 89.5 0
26 89.5 1
26 73.5 0
27 73.5 1
27 89.5 0
28 89.5 1
28 73.5 0
28.5 78.5 1
28.5 73.5 1
22.5 73.5 1
22.5 89.5 1
29.5 89.5 1
29.5 85.5 1
55.5 85.5 1
55.5 90.5 1
65.5 90.5 1
65.50000000000001 87.79289321881346 1
69.79289321881346 83.5 0
69.08578643762692 83.5 1
66.5 86.08578643762692 0
66.5 84.67157287525382 1
67.67157287525382 83.5 0
66.5 83 1
85.5 83 0
85.5 82 1
66.5 82 0
66.5 81 1
85.5 81 0
85.5 80 1
66.5 80 0
66.5 79 1
85.5 79 0
85.5 78 1
66.5 78 0
66.5 77 1
85.5 77 0
85.5 76 1
66.5 76 0
66.5 75 1
85.5 75 0
85.5 74 1
66.5 74 0
66.5 73 1
85.5 73 0
85.5 72 1
66.5 72 0
52.5 60 1
35.5 60 0
35.5 59 1
52.5 59 0
52.5 58 1
35.5 58 0
35.5 57 1
52.5 57 0
52.5 56 1
14.5 56 0
14.5 55 1
52.5 55 0
52.5 54 1
14.5 54 0
14.5 53 1
52.5 53 0
53.5 51.5 0