50.5 61.5 0
45.5 61.5 1
44.5 61.5 0
44.5 61 1
24.5 61 0
29.5 57.5 1
29.5 54.5 1
25.5 54.5 1
24.5 54.5 1
24.5 41.5 1
24.5 40.5 1
50.5 40.5 1
50.5 39.5 1
53.5 39.5 1
54.5 39.5 1
54.5 77.5 1
54.5 78.5 0
55 78.5 1
55 39.5 0
50.5 39.5 0
50.5 40 1
24.5 40 0
24 39.5 1
24 78.5 0
23 78.5 1
23 39.5 0
22 39.5 1
22 78.5 0
21 78.5 1
21 39.5 0
20 39.5 1
20 78.5 0
17.5 80 1
90.5 80 0
90.5 81 1
17.5 81 0
17.5 82 1
90.5 82 0
90.5 83 1
17.5 83 0
17.5 84 1
90.5 84 0
90.5 85 1
17.5 85 0
17.5 86 1
90.5 86 0
90.5 87 1
17.5 87 0
17.5 88 1
90.5 88 0
90.5 89 1
17.5 89 0
17.5 90 1
90.5 90 0
90.5 91 1
17.5 91 0
27.08578643762691 101.5 1
25.5 103.0857864376269 0
25.5 101.6715728752538 1
25.67157287525382 101.5 0
25.5 101.5 1
27.79289321881346 101.5 0
28.29289321881346 101 1
17.5 101 0
17.5 100 1
29.29289321881346 100 0
30.29289321881346 99 1
17.5 99 0
17.5 98 1
50.5 98 0
50.5 99 1
30.5 99 0
30.5 100 1
50.5 100 0
50.5 97 1
17.5 97 0
17.5 96 1
50.5 96 0
50.5 95 1
17.5 95 0
17.5 94 1
50.5 94 0
50.5 93 1
17.5 93 0
17.5 92 1
50.5 92 0
48.5 78.5 1
48.5 66.5 1
48.5 65.5 0
50.5 65 1
24.5 65 0
24.5 64 1
50.5 64 0
50.5 61.5 0