50.5 61.5 0
48.5 65.5 0
48.5 66 0
48.5 78.5 0
65.5 95.5 0
65.5 96 1
90.5 96 0
90.5 97 1
65.5 97 0
65.5 99 1
90.5 99 0
90.5 98 1
65.5 98 0
65.5 95.5 0
57.06023252670427 95 1
90.5 95 0
90.5 94 1
55.66023252670426 94 0
54.26023252670426 93 1
90.5 93 0
90.5 92 1
52.86023252670425 92 0
52.16023252670426 91.5 0
50.5 91.5 1
52.16023252670426 91.5 1
58.5 96.02840533806838 1
58.5 95.5 1
57.76023252670427 95.5 0
58.5 95.5 1
65.5 95.5 1
65.5 99.5 1
90.5 99.5 1
90.5 78.5 1
81.5 78.5 1
81.5 61.5 0
83 61.5 1
83 39.5 0
82 39.5 1
82 61.5 0
81.5 61.5 1
83.5 61.5 1
83.5 37.5 1
62.5 37.5 1
62.5 25.5 0
71.5 17 1
15.5 17 0
15.5 18 1
86.5 18 0
86.5 19 1
15.5 19 0
15.5 20 1
86.5 20 0
86.5 21 1
15.5 21 0
15.5 22 1
86.5 22 0
83.5 22.5 0
83.5 23 1
15.5 23 0
19.5 14.5 0
19.5 12 1
29.5 12 0
29.5 13 1
19.5 13 0
19.5 14 1
29.5 14 0
29.5 15 1
15.5 15 0
15.5 16 1
29.5 16 0
29.5 16.5 0
56 39.5 1
56 78.5 0
54.5 78.5 1
49.5 78.5 0
48.5 78.5 0
48.5 65.5 1
50.5 65.5 1
50.5 61.5 0
50.5 61.5 0