54.965 51.43089999999999 0
26.7069 16.3183 1
13.0636 20.0895 1
0 20.0895 1
0 6.191409999999999 1
7.760461547334188 6.191409999999999 1
8.01971 6.87083 1
10.2257 6.191409999999999 0
12.5226370423506 7.5 1
10.88045000884006 7.5 0
11.0747 7.88823 1
23.6829 4.50764 0
23.68180623424865 4.5 1
0 4.5 0
0 1.5 1
100 1.5 0
100 4.5 1
25.20221783725991 4.5 0
25.58417179749279 7.5 1
100 7.5 0
100 10.5 1
25.96612575772567 10.5 0
26.34807971795856 13.5 1
100 13.5 0
100 16.5 1
26.04955283994485 16.5 0
28.54945086198939 28.5 1
100 28.5 0
100 31.5 1
32.2310326971397 31.5 0
33.3776 32.43429999999999 1
21.4116 22.6836 0
24.8678690268391 25.5 1
100 25.5 0
100 22.5 1
0 22.5 0
1.825175290770017 20.0895 1
0 15.306209749649 0
6.154972303158475 6.191409999999999 1
11.45811075582429 20.0895 0
8.247132267472864 20.0895 1
2.943993814807052 6.191409999999999 0
0 6.891104540253808 1
5.036153779121442 20.0895 0
0 25.5 1
19.28462900076668 25.5 0
15.19627006523123 19.5 1
100 19.5 0
76.13032224429895 40.5 1
0 40.5 0
0 43.5 1
70.32147148792052 43.5 0
64.51262073154211 46.5 1
0 46.5 0
0 49.5 1
58.70376997516369 49.5 0
54.965 51.43089999999999 0