54.965 51.43089999999999 0
54.965 51.43089999999999 1
80.69239999999999 38.1439 0
82.40155090945595 38.1439 1
96.73144231176056 64.38059999999999 0
100 70.5 1
66.96229353480308 70.5 0
71.70699999999999 68.20400000000001 0
71.33862193107157 67.5 1
100 67.5 0
100 64.10643240703538 1
85.81985272836786 38.1439 0
89.23815454727975 38.1439 1
100 57.84783931554676 0
100 51.58924622405814 1
92.65645636619166 38.1439 0
100 45.33065313256952 1
96.07475818510355 38.1439 0
100 34.5 1
31.95614123345936 34.5 0
29.3006 38.3591 0
28.22110046196206 37.5 1
0 37.5 0
0 34.5 1
24.45145942586171 34.5 0
20.68181838976137 31.5 1
0 31.5 0
0 28.5 1
17.01900160490672 28.5 0
16.9789 28.5531 1
29.3006 38.3591 0
29.89176775249798 37.5 1
100 37.5 0
100 39.07206004108089 1
99.49306000401546 38.1439 0
100 38.1439 1
100 64.38059999999999 0
100 64.5 1
69.76882902370616 64.5 0
70.43871902659609 64.38059999999999 1
64.27211063415038 52.19650715137203 0
73.80107141595764 64.38059999999999 1
66.92194638049023 50.78870429082322 0
69.57178212683007 49.38090143027441 1
77.16342380531921 64.38059999999999 0
78.84460000000001 64.38059999999999 1
91.5941 58.1039 0
90.78952483311295 58.5 1
91.81044085020039 58.5 0
93.44897291432866 61.5 1
84.69579723740182 61.5 0
71.70699999999999 68.20400000000001 1
63.36450000000001 72.24100000000001 0
62.66178691837136 70.5 1
0 70.5 0
0 73.5 1
100 73.5 0
100 76.5 1
0 76.5 0
0 79.5 1
100 79.5 0
100 82.5 1
0 82.5 0
0 85.5 1
100 85.5 0
100 88.5 1
0 88.5 0
0 91.5 1
100 91.5 0
100 94.5 1
0 94.5 0
0 97.5 1
100 97.5 0
100 100 1
0 100 0
26.7387 69.916 1
22.7511 67.3852 0
22.93198212422949 67.5 1
0 67.5 0
0 64.5 1
24.99043468277289 64.5 0
26.3171 62.7907 1
30.1833 65.11449999999999 0
29.16093150873569 64.5 1
60.24003017525143 64.5 0
61.45090854681141 67.5 1
28.47194036238675 67.5 0
30.1833 65.11449999999999 0
26.0266 50.5292 1
16.9372 56.2373 0
16.40504281497592 55.5 1
0 55.5 0
0 52.5 1
14.2397484231785 52.5 0
13.685 51.73139999999999 1
26.0266 50.5292 0
59.02915180369148 61.5 1
0 61.5 0
0 58.5 1
57.81827343213151 58.5 0
56.60739506057155 55.5 1
18.11125347138277 55.5 0
22.8883596888632 52.5 1
55.39651668901159 52.5 0
54.965 51.43089999999999 0