34.4679 68.6233
22.7205 59.8867
19.685 64.1431
8.85897 57.0652
4.1192 63.6923
16.0789 71.9983
19.0614 67.8495
30.3149 74.6031

45.8963 42.7652
38.689 38.1963
33.2789 32.6549
25.9515 42.7009
31.1976 51.1673
36.2717 54.7994

17.923 37.2785
16.8304 30.6111
11.9415 31.842
13.4983 38.0597
15.6314 37.6994

45.2983 76.1195
37.268 76.0556
36.6409 98.3972
44.6046 99.1579

66.2089 19.4469
64.9687 12.7177
58.3354 13.9863
59.3448 20.4386

99.8012 73.1094
75.1167 64.3949
69.743 78.658
94.9415 87.7045

84.698 25.4838
78.2089 20.2315
73.5435 25.6335
79.2686 30.8044