53.3275 51.3907 0
52.3852 54.4781 0
53.80880500632102 55.3694162624754 1
54.85734244517117 93.60408727099201 0
56.69929349273849 99.38890000000001 1
56.62536291189483 99.21656885732921 0
55.13477285526336 95.88732324477868 1
44.08126912179466 98.7253 0
36.49814688016463 98.7253 0
36.17080813506627 97.48490781653123 1
36.49814688016463 98.7253 0
36.20482432008677 98.7253 1
55.21260077426842 98.7253 0
55.24755780771602 100 1
55.0926 94.34950000000001 1
52.524 86.21090000000001 0
51.66021940232604 86.45716976206856 1
51.06108254815976 64.60978533939436 0
48.0718525588081 65.04363911317859 1
48.68237438231996 87.30617376439133 0
45.70452936231388 88.1551777667141 1
45.08262256945645 65.47749288696278 0
42.0933925801048 65.911346660747 1
42.72668434230779 89.00418176903688 0
39.74883932230171 89.85318577135968 1
39.10416259075315 66.34520043453122 0
22.6475 74.32239999999999 1
23.8397 80.1558 0
18.50503691348804 81.25088338179876 1
19.01920769620963 100 0
22.02033557595239 100 1
21.48936463818472 80.63826968077242 0
23.8397 80.1558 1
22.32218043725061 24.81980618528307 1
21.5715 24.1912 1
22.7692 22.1498 0
23.45864972940446 21.66981481581598 1
22.86438249686383 0 0
19.86325461712107 0 1
21.90491786703721 74.44877004709292 0
30.13647262269819 67.64676175588386 1
31.02371921518065 100 0
34.0248470949234 100 1
33.12570261204985 67.21290798209964 0
36.11493260140149 66.77905420831542 1
36.77099430229562 90.70218977368245 0
35.9909 90.9246 1
36.23978135353437 100 1
55.24755780771602 100 1
56.64684751898531 100 1
65.68721080023437 100 1
65.67045215652226 99.38890000000001 1
56.6300888752732 99.38890000000001 0
56.69929349273849 99.38890000000001 0
56.64684751898531 100 1
56.51390000000001 95.15209999999999 0
57.88533326982265 94.58363823679372 1
56.86236229730716 57.28124240791009 0
51.39790000000001 64.5609 1
46.7914 26.3972 0
47.07688466724684 28.76236904274578 1
46.80483193679015 18.84203023501847 0
49.89130019072491 21.95394690110604 1
50.96032555180783 60.9357051734567 0
52.3852 54.4781 1
53.3275 51.3907 0
53.70461094813925 51.57000444558186 1
52.97776844465965 25.0658635671936 0
56.0347 28.148 0
58.98862174941046 25.37937103246836 1
59.7861648587631 54.46159286962835 0
62.80427456257081 55.08083108868549 1
61.91454319146808 22.63698597679807 0
62.5119 22.0771 1
61.90646348699633 0 1
64.0558013301098 0 1
64.2003 5.26911 1
75.64279999999999 3.93512 1
76.88460000000001 5.23822 1
76.84886413251309 3.93512 1
64.16371701337667 3.93512 0
62.10477289843168 7.231306029890273 1
54.4678616888114 0 0
43.99693177440255 4.545483133179475 1
44.08044712308794 7.590850673558776 0
41.16634136926379 10.76409202067633 1
40.91579532320769 1.627989399538427 0
41.37811600346463 0 1
62.45373898549023 19.95627228998433 0
62.33741695647072 15.71461686995297 1
45.74136456524688 0 0
50.10461312702914 0 1
62.22109492745119 11.47296144992162 0
68.5 8.941184002713111 1
68.5 26.9851852425945 0
74.5 7.646172199975981 1
74.5 19.57850749099678 0
71.5 23.28184636679564 1
71.5 10.67555096367972 0
71.05590000000001 11.124 1
76.88460000000001 5.23822 0
80.5 0 1
80.5 16.96081923435741 0
83.5 19.32897107608171 1
83.5 0 0
86.5 0 1
86.5 98.3742188142017 0
89.5 100 1
89.5 0 0
98.5 0 1
98.5 100 0
95.5 100 1
95.5 0 0
92.5 0 1
92.5 100 0
70.03838165183646 100 1
68.195530031722 32.80084925736502 0
71.55904787703895 46.01531408917012 1
71.2590308699254 35.07526451256653 0
72.29069999999999 35.8412 1
84.35069999999999 20.0005 1
86.54458499042161 100 0
85.04402105055021 100 1
82.90230832210844 21.90294925804118 0
80.00552496632534 25.70784777412355 1
82.04289317080747 100 0
79.04176529106471 100 1
77.10874161054227 29.51274629020591 0
74.21195825475917 33.31764480628827 1
74.56943569318784 46.35297549154944 0
74.262 45.86799999999999 1
76.25720000000001 49.0154 1
76.00319999999999 61.63979999999999 0
74.98847727390594 61.63322814062543 1
75.28782023093581 72.54869863951805 0
76.66839999999999 72.5994 1
76.7876 76.946 0
75.40440243967532 76.7998414518234 1
76.04063741132197 100 0
73.0395095315792 100 1
72.39455265372678 76.48179919411393 0
72.3321 76.4752 1
72.58940000000001 72.4496 0
72.3756752910902 75.79344060702388 1
71.98681626909729 61.61378786053073 0
60.85273018180061 93.35364643344917 1
59.91591958829329 59.19306855334477 0
61.1169 59.94499999999999 0
62.94845987798962 60.33851469161213 1
63.84037350914899 92.86193540302443 0
63.5433 92.23840000000001 1
65.59229999999999 96.53909999999999 0
65.63602002964578 98.13334059461548 1
62.43707072421525 99.38890000000001 0
67.03725377209369 100 1
65.96737535829521 60.98713536108185 0
66.56389999999999 61.1153 1
68.28790000000001 55.5522 0
65.81249379721987 55.33941567689483 1
64.44511274987073 5.478187501763625 0
65.5 6.379093157272887 1
65.5 30.68852411839337 0
65.44380000000001 30.7579 1
78.1337 15.0929 0
77.5 15.87516861519791 1
77.5 0 0
76.78208404991415 1.5 1
64.09693693077773 1.5 0
61.98845086941215 2.989650609858924 1
58.83111025059365 0 0
61.90646348699633 0 1
39.69603419801379 0 0
39.70935175109422 0.4856214397333475 1
45.53749999999999 6.00423 1
40.0253 12.0066 1
42.1176400254335 14.11619169528729 1
42.4605 26.6185 0
44.0147858792356 26.53907921792818 1
43.71836368285541 15.7301135689309 0
32.13343594838037 9.687587198484547 1
32.70041473455427 30.3623352379449 0
29.82269557442883 34.86240516327297 1
30.06276197584746 43.61637000834833 0
32.789 29.9172 1
30.0018 43.92270000000001 0
30.12618949646091 48.45853372217358 1
44.51934809453238 46.19278879734458 0
44.9205134908873 49.16658132890764 1
30.20911582743486 51.4824228702893 0
44.11818269817746 43.21899626578153 1
30.04326316548697 45.43464457405786 0
30.0018 43.92270000000001 1
30.23698123721822 52.49852848188584 1
28.3257 52.76600000000001 1
27.4906 56.26990000000001 1
26.97690033524173 37.53796258748689 1
29.5651 37.83839999999999 1
30.1116 31.5247 0
29.73019472066747 31.48938329440083 1
29.62240461256649 27.55884236327981 0
29.7695 27.3152 1
28.2694 29.7999 0
27.0888 31.2448 1
26.3225 37.462 0
26.78905220005702 33.67673530184717 1
26.64544210874914 28.44002711078716 0
26.04639304472642 27.93839428775543 1
28.02259133543789 100 0
25.02146345569514 100 1
22.9747270040931 25.36623684705012 0
10.5 33.56703651797312 1
10.5 83.97142031509995 0
15.52070918879136 81.86349708282506 1
16.01807981646688 100 0
15.59194683001841 97.54990947562419 1
2.909826830018416 97.44080947562421 0
15.65913746029238 100 1
2.98000938964763 100 0
1.5 100 1
1.5 0 0
4.5 0 1
4.5 84.11114547520677 0
7.5 84.04128289515336 1
7.5 0 0
9.579466526794356 0 1
11.88139420146054 83.93925106077168 0
12.57606259680484 83.92307395197824 1
12.53638146409468 82.4761107838514 0
12.3937 82.50540000000001 1
11.6689 76.19069999999999 0
12.9433567199713 75.97381738382651 1
10.85987097789281 0 0
13.86099885763556 0 1
15.93054376899327 75.46546827158198 0
18.91773081801524 74.95711915933745 1
16.86212673737832 0 0
26.47134804366569 22.09172798824869 1
25.86551037660658 0 0
27.7010685663404 0.01556372866777302 1
36.64949188628013 3.707339722682614 0
36.69450000000001 5.348549999999999 1
34.849 10.7318 0
35.13992759744724 9.883175784904978 1
35.67801061965031 29.50424658974324 0
38.66742021786584 29.07694221092208 1
37.87002189557759 0 0
35.52952243345156 0 1
36.55947565884041 0.4249191680478418 0
36.54782278869844 0 1
27.70064175078881 0 1
27.74607668006027 1.656774005985159 0
28.92541620941065 2.143324229145347 1
29.01005916566103 5.229809714079964 0
30.0202 2.59499 1
27.9219 8.06813 0
29.10032323501861 8.521267765936972 1
29.53689600699536 24.44079117953353 0
41.65682981608137 28.64963783210093 1
41.23383128203648 13.22509581095253 0
42.1176400254335 14.11619169528729 1
56.0347 28.148 0
56.06270030735284 28.12175608813865 1
56.74538790345117 53.0157986576051 0
53.3275 51.3907 0