50.5 65.5 0
53.99999999999984 70.5 1
53.99999999999967 39.5 0
52.99999999999967 39.5 1
52.99999999999984 70.5 0
51.99999999999984 70.5 1
51.99999999999967 39.5 0
50.99999999999967 39.5 1
50.99999999999984 70.5 0
15.5 55.5 1
15.5 83.5 1
37.5 83.5 1
37.5 93.5 0
35.00000000000004 107.5 1
34.99999999999996 93.5 0
32.99999999999996 93.5 1
33.00000000000004 107.5 0
34.00000000000004 107.5 1
33.99999999999996 93.5 0
35.99999999999996 93.5 1
36.00000000000007 114.5 0
37.00000000000007 114.5 1
36.99999999999996 93.5 0
37.5 93.5 1
32.5 93.5 1
32.5 107.5 1
35.5 107.5 1
35.5 114.5 1
44.5 114.5 1
44.5 109.5 1
63.5 109.5 1
63.5 112.5 1
76.5 112.5 1
76.5 100.5 1
72.73240812075601 100.5 1
68.06574145408933 93.5 0
68.99999999999997 94.90138781886594 1
69.00000000000006 112.5 0
70.00000000000006 112.5 1
69.99999999999997 96.40138781886597 0
71 97.90138781886597 1
71.00000000000006 112.5 0
72.00000000000006 112.5 1
72 99.40138781886597 0
72.73240812075601 100.5 0
75 100.5 1
75.00000000000006 112.5 0
76.00000000000006 112.5 1
76 100.5 0
74 100.5 1
74.00000000000006 112.5 0
73.00000000000006 112.5 1
73 100.5 0
60.00000000000004 109.5 1
59.99999999999996 93.5 0
58.99999999999996 93.5 1
59.00000000000004 109.5 0
58.00000000000004 109.5 1
57.99999999999996 93.5 0
56.99999999999996 93.5 1
57.00000000000004 109.5 0
56.00000000000004 109.5 1
55.99999999999996 93.5 0
54.99999999999996 93.5 1
55.00000000000004 109.5 0
54.00000000000004 109.5 1
53.99999999999996 93.5 0
52.99999999999996 93.5 1
53.00000000000004 109.5 0
52.00000000000004 109.5 1
51.99999999999996 93.5 0
50.99999999999996 93.5 1
51.00000000000004 109.5 0
50.00000000000004 109.5 1
49.99999999999996 93.5 0
48.99999999999996 93.5 1
49.00000000000004 109.5 0
48.00000000000004 109.5 1
47.99999999999996 93.5 0
46.99999999999996 93.5 1
47.00000000000004 109.5 0
46.00000000000004 109.5 1
45.99999999999996 93.5 0
44.99999999999996 93.5 1
45.00000000000004 109.5 0
44.5 109.5 0
42.00000000000007 114.5 1
41.99999999999996 93.5 0
43.99999999999996 93.5 1
44.00000000000007 114.5 0
43.00000000000007 114.5 1
42.99999999999996 93.5 0
41.5 93.5 0
41.5 90.5 0
41.99999999999994 90.00000000000006 1
41.99999999999977 56.49999999999969 0
42.99999999999977 57.83333333333303 1
42.99999999999994 89.00000000000006 0
43.99999999999993 88.00000000000006 1
43.99999999999979 59.16666666666637 0
48.75 65.5 0
50.5 65.5 0