50.5 65.5 0
48.75 65.5 0
44.99999999999979 60.49999999999972 1
44.99999999999984 71.5 0
44.5 71.5 0
34.99999999999991 83.5 1
34.99999999999956 15.5 0
35.5 15.5 0
35.99999999999955 14.5 1
35.99999999999966 34.5 0
38.99999999999966 34.5 1
38.99999999999955 14.5 0
39.99999999999955 14.5 1
39.99999999999966 34.5 0
37.99999999999966 34.5 1
37.99999999999955 14.5 0
36.99999999999955 14.5 1
36.99999999999966 34.5 0
35.5 34.5 1
40.5 34.5 1
40.5 25.5 0
42.9999999999996 25.5 1
42.99999999999955 14.5 0
43.99999999999955 14.5 1
43.9999999999996 25.5 0
41.9999999999996 25.5 1
41.99999999999955 14.5 0
40.99999999999955 14.5 1
40.9999999999996 25.5 0
40.5 25.5 1
44.5 25.5 1
44.5 14.5 1
35.5 14.5 1
35.5 15.5 1
14.5 15.5 1
14.5 39.5 1
10.5 39.5 1
10.5 55.5 1
15.5 55.5 0
13.99999999999977 55.5 1
13.99999999999968 39.5 0
12.99999999999968 39.5 1
12.99999999999977 55.5 0
10.99999999999977 55.5 1
10.99999999999968 39.5 0
11.99999999999968 39.5 1
11.99999999999977 55.5 0
14.99999999999977 55.5 1
14.99999999999955 15.5 0
15.99999999999955 15.5 1
15.99999999999991 83.5 0
16.99999999999991 83.5 1
16.99999999999955 15.5 0
17.99999999999956 15.5 1
17.99999999999991 83.5 0
18.99999999999991 83.5 1
18.99999999999955 15.5 0
19.99999999999956 15.5 1
19.99999999999991 83.5 0
20.99999999999991 83.5 1
20.99999999999955 15.5 0
21.99999999999956 15.5 1
21.99999999999991 83.5 0
22.99999999999991 83.5 1
22.99999999999955 15.5 0
23.99999999999956 15.5 1
23.99999999999991 83.5 0
24.99999999999991 83.5 1
24.99999999999955 15.5 0
25.99999999999956 15.5 1
25.99999999999991 83.5 0
44.5 71.5 0
45.99999999999984 71.5 1
45.9999999999998 61.83333333333306 0
48.75 65.5 1
50.5 65.5 0
50.5 65.5 0