50.5 65.5 0
49.99999999999982 65.5 1
49.99999999999984 70.5 0
48.99999999999984 70.5 1
48.99999999999982 65.5 0
48.75 65.5 0
47.99999999999982 64.49999999999974 1
47.99999999999984 70.5 0
46.5 70.5 1
59.5 70.5 1
60.5 70.5 1
60.5 92.5 1
60.5 93.5 1
42.5 93.5 1
41.5 93.5 1
41.5 90.5 1
45.5 86.5 1
44.5 86.5 0
44.79289321881345 86.5 1
44.5 86.79289321881345 0
44.5 87.5 1
44.5 71.5 1
46.5 71.5 1
46.5 70.5 0
46.99999999999984 70.5 1
46.9999999999998 63.1666666666664 0
40.99999999999976 55.16666666666634 1
41.00000000000007 114.5 0
40.00000000000007 114.5 1
39.99999999999976 53.833333333333 0
39.00000000000001 52.5 0
39.99999999999974 52.5 1
39.99999999999967 38.5 0
40.99999999999967 38.5 1
40.99999999999974 52.5 0
42.99999999999974 52.5 1
42.99999999999967 38.5 0
41.99999999999967 38.5 1
41.99999999999974 52.5 0
38.99999999999967 38.5 1
39.00000000000007 114.5 0
38.00000000000007 114.5 1
37.99999999999967 38.5 0
36.99999999999967 38.5 1
36.99999999999991 83.5 0
26.99999999999991 83.5 1
26.99999999999955 15.5 0
27.99999999999956 15.5 1
27.99999999999991 83.5 0
28.99999999999991 83.5 1
28.99999999999955 15.5 0
29.99999999999955 15.5 1
29.99999999999991 83.5 0
30.99999999999991 83.5 1
30.99999999999955 15.5 0
31.99999999999955 15.5 1
31.99999999999991 83.5 0
32.99999999999991 83.5 1
32.99999999999956 15.5 0
33.99999999999956 15.5 1
33.99999999999991 83.5 0
35.99999999999991 83.5 1
35.99999999999967 38.5 0
35.5 38.5 1
35.5 34.5 0
35.5 38.5 1
43.5 38.5 1
43.5 52.5 1
39.00000000000001 52.5 1
48.75 65.5 0
50.5 65.5 0