8.4129 73.7663
6.10243 65.1385
1.78856 66.2938
2.90407 68.9759
1.933 69.3261
3.60447 74.9071

36.3212 18.8676
27.9175 9.24326
19.0132 16.5974
21.487 32.6152

51.2543 11.1816
45.6232 0.0954593
35.6984 0.932106
30.1603 3.80747
36.5218 17.8427
43.8622 13.4907

33.3437 76.7082
26.9197 71.9276
21.6498 79.3796
27.6726 84.4735

48.3196 29.2879
43.0582 24.5488
27.9318 40.6338
33.5117 45.1776
36.2813 41.8536
35.3216 41.1233
45.2089 30.1616
46.5078 30.88

61.4473 18.1483
55.615 13.7249
44.7233 17.3625
47.3779 23.5928

34.2238 82.7138
30.5453 81.3541
25.9292 94.6812
29.8125 95.7442

49.3609 64.9458
37.9447 59.7678
36.5887 64.0958
47.8286 68.8628

59.9024 63.2451
59.1405 61.7623
40.7674 50.1777
37.4231 52.741
43.8173 61.2353
47.4651 58.8657
54.5135 66.7812

58.762 89.052
54.1212 71.6602
48.5433 74.0111
53.7454 90.4205

82.6413 91.6917
80.774 84.9217
65.2648 89.7993
67.0422 96.4899

72.2392 60.7723
71.5797 56.2348
65.928 57.875
67.1021 61.4555

84.9347 6.0881
71.606 2.68285
70.5306 6.45428
84.1708 10.0411

92.7266 73.8863
90.1934 65.5359
74.0982 71.1325
76.7476 79.5133