56.7677 36.8592 0
56.7677 36.8592 1
64.02709999999999 35.73099999999999 0
63.9847266798147 34.5 1
80.39493730429336 34.5 0
79.3336332892631 31.5 1
63.88146107416411 31.5 0
63.877 31.3704 1
55.2383 26.4533 0
53.83805052406785 22.5 1
76.1497212441723 22.5 0
75.91159999999999 21.8269 1
85.2646 12.6876 0
87.39125883947722 11.0429 1
82.49979999999999 7.11382 0
83.55233775285663 5.618699999999999 1
53.83428765152919 5.618699999999999 0
54.0098 8.59778 0
51.83671785097623 16.5 1
81.36305642445265 16.5 0
78.29290882015033 19.5 1
52.30809519192456 19.5 0
58.8340835492465 28.5 1
78.27232927423282 28.5 0
77.21102525920256 25.5 1
53.59651293109796 25.5 0
53.54170000000001 26.1808 1
28.4235 31.6311 0
28.39323477258707 31.5 1
0 31.5 0
0 28.5 1
27.70066663956808 28.5 0
27.00809850654909 25.5 1
0 25.5 0
0 22.5 1
26.3155303735301 22.5 0
25.62296224051111 19.5 1
0 19.5 0
0 16.5 1
24.93039410749212 16.5 0
5.436718646397308 39.916 1
3.28794 42.24724172898543 0
3.28794 46.67368057632848 1
9.516706215465771 39.916 0
11.5567 39.916 0
14.68851418866929 43.5 1
100 43.5 0
100 46.5 1
13.65499759951489 46.5 0
13.26135944988118 61.5 1
82.14594519342259 61.5 0
82.1772 60.6052 1
97.97810000000001 61.7491 0
97.9934225183263 61.5 1
94.53723612203865 61.5 0
89.3639 55.77330000000001 1
97.6045 57.5089 1
98.94370000000001 57.5089 1
100 57.5089 1
100 48.81789999999999 1
90.357 48.81789999999999 0
90.2596089786353 49.5 1
10.88906274890057 49.5 0
7.074195327487701 59.0783 1
0.5728899999999999 64.06961392705011 0
0.5728899999999999 60.28744178115031 1
2.147825982463103 59.0783 0
5.344798821189343 53.28749999999999 1
3.28794 51.0847434728213 0
3.28794 53.28749999999999 1
3.28794 48.8869 1
3.28794 39.916 0
1.78794 39.916 1
1.78794 53.28749999999999 0
0 55.5 1
89.40292208787417 55.5 0
89.3639 55.77330000000001 0
89.83126553325474 52.5 1
8.12312789828626 52.5 0
7.397069999999999 53.28749999999999 1
0 53.28749999999999 1
0 39.916 1
11.5567 39.916 0
12.06701793699299 40.5 1
100 40.5 0
95.5 36.1979 1
95.5 13.1187 0
93.792 13.1187 1
93.792 36.1979 1
80.9956 36.1979 0
92.26580104738736 36.1979 1
93.792 34.83722095192581 0
93.792 30.81805257115549 1
87.75772062843242 36.1979 0
83.24964020947746 36.1979 1
93.792 26.79888419038516 0
93.792 22.18516860952054 1
87.40336002207744 13.1187 0
85.56837237412927 13.1187 1
89.97550000000001 13.1187 1
87.39125883947722 11.0429 1
35.31563033640944 11.0429 1
35.1688 10.28 1
31.3659 9.74765 0
25.35274949339094 10.5 1
0 10.5 0
0 13.5 1
24.23782597447313 13.5 0
23.596 10.7198 1
31.3659 9.74765 1
38.96968214984666 9.74765 0
38.9725 9.79748 1
54.0098 8.59778 0
53.74758418271234 8.6187 1
84.37328147107019 8.6187 0
84.43320402875494 13.5 1
51.36534051002789 13.5 0
51.2123 12.526 1
41.48399999999999 11.0429 1
44.032 24.0013 0
42.45420434285091 24.32327867682802 1
39.89821736059439 11.0429 0
39.51460144761697 24.92315955894267 1
36.84315934447109 11.0429 0
38.84257918181203 7.5 1
0 7.5 0
0 4.5 1
38.67293137005134 4.5 0
38.4966 1.38181 1
100 1.38181 1
100 0 1
0 0 0
0 1.5 1
38.50328355829066 1.5 0
38.4966 1.38181 1
53.5966 1.58428 0
53.65754280230983 2.618699999999999 1
100 2.618699999999999 0
100 5.618699999999999 1
88.37122438371517 5.618699999999999 0
85.19030000000001 3.29199 1
92.72880000000001 8.806080000000001 0
92.47262642829551 8.6187 1
100 8.6187 0
100 11.6187 1
90.9331429177623 11.6187 0
91.07333531797383 13.1187 1
93.792 16.97690582856161 0
98.5 13.1187 1
98.5 36.1979 0
100 37.5 1
0 37.5 0
0 34.5 1
56.42095820159717 34.5 0
42.85345725372915 28.5 1
55.53911232569985 28.5 0
55.9800352636485 31.5 1
29.02768619525531 31.5 0
24.15687476846959 67.5 1
81.93636893116897 67.5 0
81.91210000000001 68.19479999999999 1
97.50399999999999 69.45660000000001 0
100 91.5 1
21.46449540094726 91.5 0
21.12794798000697 94.5 1
100 94.5 0
100 97.5 1
20.79140055906667 97.5 0
20.7704 97.68719999999999 0
18.59395909476787 97.68719999999999 1
9.901579999999999 89.41918621768241 0
9.901579999999999 93.55955865304719 1
14.24107728430361 97.68719999999999 0
20.7704 97.68719999999999 1
0 97.68719999999999 1
0 100 1
100 100 0
78.62231849036112 73.5 1
100 73.5 0
100 76.5 1
79.82052647298397 76.5 0
80.2929 77.68270000000001 0
79.33157850997199 79.5 1
100 79.5 0
100 82.5 1
79.29718713657746 82.5 0
80.35810000000001 81.88910000000001 1
75.85429999999999 84.48249999999999 0
75.2812109163888 83.4781965535164 1
47.9984 84.70050000000001 0
48.02404618395303 82.5 1
35.6447068765863 82.5 0
36.66280196360587 79.5 1
48.05901030658839 79.5 0
48.09397442922375 76.5 1
37.68089705062545 76.5 0
48.1056 75.5025 1
72.5094 75.24529999999999 1
71.1808 83.6619 0
72.72237199829672 82.02051157544466 1
73.59722690477295 83.55364110604177 0
72.47240543891232 83.60403448957595 1
73.0966 79.6498 0
73.3621934619847 79.46297652510984 1
73.8503987184755 76.37022598937259 0
74.8135 78.44210000000001 1
73.32748195016444 75.24529999999999 1
72.5094 75.24529999999999 0
73.24459999999999 75.06700000000001 1
73.32748195016444 75.24529999999999 0
73.24459999999999 75.06700000000001 1
75.32060000000001 73.83320000000001 0
75.18810283553876 73.5 1
37.05686076311322 73.5 0
38.5569 73.9187 1
30.5383 71.68049999999999 1
29.01810055959709 71.68049999999999 1
27.2555 76.98849999999999 1
30.5383 71.68049999999999 0
27.43756236331868 71.68049999999999 1
23.76366257596558 82.74430000000001 0
22.13759024282784 85.5 1
100 85.5 0
100 88.5 1
21.80104282188755 88.5 0
26.3654 79.66900000000001 1
35.56180000000001 82.74430000000001 0
34.83124346242643 82.5 1
25.425324230554 82.5 0
25.34420077224399 82.74430000000001 1
22.44673148545623 82.74430000000001 1
23.68789593738929 71.68049999999999 0
24.27648597076187 71.68049999999999 1
23.38760144355444 74.35733965304968 0
23.8203273475293 70.5 1
76.93837235653046 70.5 0
74.43709999999999 71.6114 1
77.3509 70.3167 0
77.42411050773825 70.5 1
100 70.5 0
99.0068350706274 69.45660000000001 1
99.5512980923595 60.6052 0
100 60.6052 1
98.04846302173209 60.6052 0
97.6045 57.5089 1
98.94370000000001 50.6527 0
97.53533668834044 48.81789999999999 1
98.94370000000001 49.1188380791495 0
98.94370000000001 48.81789999999999 1
98.94370000000001 57.5089 0
100 58.5 1
0 58.5 0
0.5728899999999999 59.0783 1
0.5728899999999999 73.28399999999999 1
0 73.28399999999999 1
0 59.0783 1
0.5728899999999999 59.0783 1
9.537379999999999 59.0783 1
17.7556 64.42259999999999 0
17.80694252300015 64.5 1
21.00567852858151 64.5 0
23.63379058769748 64.09549999999999 1
13.81143323060503 73.28399999999999 0
12.6763 76.68969999999999 1
0 76.68969999999999 0
0.09430000000000135 76.68969999999999 1
0.09430000000000135 97.68719999999999 0
3.094300000000001 97.68719999999999 1
3.094300000000001 76.68969999999999 0
6.0943 76.68969999999999 1
6.0943 97.68719999999999 0
9.0943 97.68719999999999 1
9.0943 76.68969999999999 0
4.458921399892022 73.28399999999999 1
0.5728899999999999 71.11448964698107 0
0.5728899999999999 67.67862988232702 1
10.61324046663067 73.28399999999999 0
10.5943 76.68969999999999 1
10.5943 78.84950000000001 1
12.6763 76.68969999999999 1
17.2192 77.59639999999999 0
18.79567971060414 74.78399999999999 1
0 74.78399999999999 0
0.5728899999999999 73.28399999999999 1
13.6904 73.28399999999999 1
19.42942463409965 73.28399999999999 1
20.2975 68.06309999999999 0
19.65534522484288 71.92523685736896 1
18.2028494801002 73.28399999999999 0
19.0318 66.34649999999999 1
21.43808246294989 64.09549999999999 1
24.5388 64.09549999999999 0
24.49342218940988 64.5 1
82.04115706229578 64.5 0
56.7677 36.8592 0