49.3125 49.81140000000001 0
49.04004578739044 49.5 1
38.24222932553002 49.5 0
37.50462712224231 52.5 1
100 52.5 0
100 55.5 1
81.11574658020876 55.5 0
73.8895 52.6306 1
84.2398 56.7405 0
83.60760087626934 58.5 1
100 58.5 0
100 61.5 1
82.52968250673709 61.5 0
82.22649999999999 62.3438 1
71.2268 58.4021 0
72.56569312483757 55.5 1
36.76702491895459 55.5 0
45.24408094330423 61.5 1
0 61.5 0
0 64.5 1
37.97966319429052 64.5 0
36.02942271566687 58.5 1
52.50849869231793 58.5 0
55.0956 57.4316 0
56.57479554715962 58.5 1
71.49999954080727 58.5 0
71.58907576102857 61.5 1
79.87179343684195 61.5 0
100 70.5 1
49.68154500326305 70.5 0
51.1405969912843 68.23580000000001 1
55.3192 68.23580000000001 0
60.18898066517191 67.5 1
100 67.5 0
100 64.5 1
72.65377666179074 64.5 0
73.0299 65.5598 1
55.3192 68.23580000000001 0
52.92506259514161 68.23580000000001 1
54.62816225709997 65.59287960630257 0
54.01967451617624 63.76796240039462 1
57.05007329909671 59.06529999999999 1
68.01616358053482 59.06529999999999 1
70.72499999999999 59.06529999999999 1
65.62649999999999 59.8682 1
68.01616358053482 59.06529999999999 0
65.62649999999999 59.8682 0
63.30647298209199 59.06529999999999 1
55.32116304045104 61.74827404051686 0
57.1477 58.91379999999999 1
55.0956 57.4316 1
33.2452 66.45519999999999 0
32.32641956693894 70.5 1
0 70.5 0
0 67.5 1
34.81896665349039 67.5 0
33.2452 66.45519999999999 1
46.5823 75.30950000000001 0
47.74834300517819 73.5 1
100 73.5 0
100 76.5 1
36.62863515816555 76.5 0
38.65028297952483 79.5 1
100 79.5 0
100 82.5 1
40.67193080088411 82.5 0
43.85667714443829 73.5 1
34.60698733680627 73.5 0
39.33782189896435 70.5 1
32.58533951544699 70.5 0
32.49760000000001 70.3698 1
26.6868 74.7895 0
27.78620079825834 76.5 1
0 76.5 0
0 73.5 1
28.38216995723692 73.5 0
10.43440049890087 85.5 1
33.87450660035549 85.5 0
35.88630000000001 88.21969999999999 1
41.9796 84.44049999999999 0
40.27134128122354 85.5 1
52.99188366990715 85.5 0
53.0095 85.32079999999999 1
54.5633 85.45959999999999 1
55.0874 83.43049999999999 1
59.8442 84.4392 0
59.81234711332858 85.5 1
100 85.5 0
100 88.5 1
59.72226542025331 88.5 0
59.6799 89.9109 1
52.604 89.44569999999999 0
52.69696742951345 88.5 1
14.54312236637705 88.5 0
16.1484 89.6721 0
14.5809 92.8365 0
11.18066937527377 92.8365 1
0.257427 87.46703009280185 0
0.257427 90.80989027840559 1
4.380208125821305 92.8365 0
14.5809 92.8365 1
0 92.8365 1
0 80.1191 1
0.257427 80.1191 1
0.257427 92.8365 0
0 94.5 1
100 94.5 0
100 97.5 1
0 97.5 0
0 100 1
100 100 0
100 91.5 1
15.24294138225256 91.5 0
16.1484 89.6721 1
3.06486 80.1191 0
1.391434964842293 80.1191 1
0.257427 82.41201178540229 0
0 79.5 1
29.71441032458108 79.5 0
31.5581 82.36850000000001 0
31.65537206385015 82.5 1
6.325678631424681 82.5 0
14.47689034941487 55.5 1
17.48727293163383 55.5 0
17.4248 55.7457 1
35.7452 59.65600000000001 0
30.32914946679283 58.5 1
11.49894549561564 58.5 0
10.9785 59.0243 0
10.31814225722022 58.5 1
0 58.5 0
0 55.5 1
6.539631426895305 55.5 0
10.9785 59.0243 1
5.396380000000001 54.59229999999999 0
7.442045133887351 52.5 1
0 52.5 0
0 49.5 1
10.37517871973166 49.5 0
10.5848 49.2856 1
16.933 53.0257 0
18.25006818967822 52.5 1
16.0407113606588 52.5 0
10.94870847303548 49.5 1
19.01286344772262 49.5 0
19.775658705767 46.5 1
0 46.5 0
0 43.5 1
20.53845396381139 43.5 0
21.30124922185578 40.5 1
0 40.5 0
0 37.5 1
38.54084684289887 37.5 0
49.3125 49.81140000000001 0