49.3125 49.81140000000001 0
46.41524605126756 46.5 1
38.97983152881774 46.5 0
43.1739008294406 42.79532282724003 1
39.78080223824334 38.91719999999999 1
21.7037 38.91719999999999 0
0 34.5 1
41.89679306763836 34.5 0
46.23120436347074 31.5 1
0 31.5 0
0 28.5 1
100 28.5 0
100 31.5 1
59.34319977234684 31.5 0
57.0436 28.6668 1
51.1481 33.5001 1
50.15875402033348 33.5001 1
54.94093275640505 39.3229 1
55.1109 39.3229 1
51.1481 33.5001 0
53.58775604245547 31.5 1
48.51610174135827 31.5 0
47.688 30.4917 1
38.1718 37.0782 0
44.50708976415891 19.5 1
0 19.5 0
0 16.5 1
44.93952190994084 16.5 0
45.37195405572277 13.5 1
0 13.5 0
0 4.5 1
79.84086220504045 4.5 0
79.86349999999999 5.11575 1
83.49119999999999 5.1541 0
83.440724663808 4.5 1
100 4.5 0
100 7.5 1
0 7.5 0
0 10.5 1
8.519041122031044 10.5 0
8.914739999999998 8.159579999999998 0
12.3249 8.59891 0
12.08173250972263 10.5 1
45.8043862015047 10.5 0
30.14243687667017 38.91719999999999 1
41.58993754647936 40.9849409594398 0
39.71743373210546 43.5 1
43.79044631514466 43.5 0
49.3125 49.81140000000001 1
57.78570000000001 42.7867 0
56.92531684342391 43.5 1
100 43.5 0
100 40.5 1
55.90766741846279 40.5 0
55.1109 39.3229 1
64.3169 37.62779999999999 0
64.21316964178106 37.5 1
100 37.5 0
100 34.5 1
61.77818470706394 34.5 0
71.86697140317781 25.5 1
23.60284439630601 25.5 0
23.3979 26.2659 1
18.9395 26.3617 1
15.7909 25.1827 0
16.63827131467345 25.5 1
0 25.5 0
0 22.5 1
15.69489863870377 22.5 0
15.6776 22.0166 1
23.0344 21.8262 0
23.24337710668404 22.5 1
44.07465761837699 22.5 0
44.0154 22.9111 1
73.6711 25.6677 0
75.42599170792516 24.6783 1
74.03282024214482 22.69218432377145 0
74.83936390264174 18.6179 1
79.09046390264172 24.6783 0
80.92269999999999 24.6783 1
95.46170000000001 14.5755 0
94.70786269247046 13.5 1
100 13.5 0
100 10.5 1
92.60510869657216 10.5 0
91.15539999999999 8.431699999999999 1
89.3362016180715 9.711110000000001 1
79.21318683336278 9.711110000000001 1
75.2741 12.4814 1
45.9181 9.711110000000001 0
54.27775001498038 10.5 1
78.09146087255306 10.5 0
79.73056844153467 1.5 1
0 1.5 0
0 0 1
100 0 0
100 1.5 1
83.20922182238317 1.5 0
83.13159999999999 0.4941140000000001 1
79.70320000000001 0.755576 0
75.0303306728263 14.48664983088621 1
81.82069055213259 9.711110000000001 0
87.0356979896722 9.711110000000001 1
74.54279201847888 18.49714949265864 0
74.52811291491926 18.6179 1
73.79137696927873 24.6783 0
73.69148654512639 25.5 1
100 25.5 0
100 22.5 1
84.05750457892862 22.5 0
88.37482255018412 19.5 1
100 19.5 0
100 16.5 1
92.6921405214396 16.5 0
53.30671391376144 46.5 1
100 46.5 0
100 49.5 1
49.68811098409897 49.5 0
49.3125 49.81140000000001 0