62.5 44.5 0
62.5 44.5 1
62.50000000000001 17.23418747299222 1
68.18102496759067 12.5 1
73.5 12.5 1
73.5 13.5 1
85.5 13.5 1
85.5 36.5 0
85 36.5 1
85 13.5 0
84 13.5 1
84 36.5 0
83 36.5 1
83 13.5 0
82 13.5 1
82 36.5 0
81 36.5 1
81 13.5 0
80 13.5 1
80 36.5 0
79 36.5 1
79 13.5 0
78 13.5 1
78 36.5 0
77 36.5 1
77 13.5 0
76 13.5 1
76 36.5 0
75 36.5 1
75 13.5 0
74 13.5 1
74 36.5 0
73 36.5 1
73 12.5 0
72 12.5 1
72 36.5 0
71 36.5 1
71 12.5 0
70 12.5 1
70 36.5 0
69 36.5 1
69 12.5 0
68 12.65085413965889 1
68 36.5 0
67 36.5 1
67 13.48418747299223 0
66 14.31752080632556 1
66 36.5 0
63 16.81752080632556 1
63 36.5 0
62.5 36.5 1
95.5 36.5 0
95.5 22 1
113.5 22 0
113.5 21 1
95.5 21 0
95.5 19 1
113.5 19 0
113.5 20 1
95.5 20 0
95.5 23 1
113.5 23 0
113.5 24 1
95.5 24 0
95.5 25 1
113.5 25 0
113.5 26 1
95.5 26 0
95.5 27 1
113.5 27 0
110.5 27.5 0
110.5 28 1
95.5 28 0
95.5 29 1
110.5 29 0
110.5 30 1
95.5 30 0
95.5 31 1
110.5 31 0
110.5 32 1
95.5 32 0
95.5 33 1
110.5 33 0
110.5 34 1
95.5 34 0
95.5 35 1
110.5 35 0
110.5 36 1
95.5 36 0
95.5 36.5 1
95.5 18.5 1
113.5 18.5 1
113.5 27.5 1
110.5 27.5 1
110.5 37.5 0
110.5 37 1
62.5 37 0
64 36.5 1
64 15.98418747299223 0
65 15.15085413965889 1
65 36.5 0
62.5 38 1
119.5 38 0
119.5 39 1
62.5 39 0
62.5 40 1
119.5 40 0
119.5 41 1
62.5 41 0
62.5 42 1
105.5 42 0
105.5 41.5 0
110.5 41.5 0
110.5 42 1
119.5 42 0
119.5 43 1
110.5 43 0
110.5 45 1
119.5 45 0
119.5 44 1
110.5 44 0
110.5 37.5 1
119.5 37.5 1
119.5 45.5 1
110.5 45.5 1
110.5 41.5 1
105.5 41.5 1
105.5 44.5 1
87.5 44.5 1
87.5 57.5 1
111.5 57.5 0
114 57.5 1
114 53.5 0
115 53.5 1
115 57.5 0
113 57.5 1
113 53.5 0
112 53.5 1
112 57.5 0
111.5 57.5 1
111.5 53.5 1
115.5 53.5 1
115.5 69.5 1
116.5 69.5 1
116.5 87.5 1
79.5 87.5 1
79.5 89.5 1
62.5 89.5 1
62.5 54.5 1
50.5 54.5 0
50.5 55 1
43.5 55 0
43.5 56 1
50.5 56 0
50.5 57 1
43.5 57 0
43.5 58 1
50.5 58 0
50.5 59 1
43.5 59 0
43.5 60 1
50.5 60 0
50.5 61 1
12.5 61 0
12.5 62 1
50.5 62 0
50.5 63 1
12.5 63 0
12.5 64 1
50.5 64 0
50.5 65 1
12.5 65 0
12.5 66 1
50.5 66 0
50.5 67 1
12.5 67 0
12.5 68 1
50.5 68 0
50.5 69 1
12.5 69 0
12.5 70 1
50.5 70 0
50.5 71 1
12.5 71 0
12.5 72 1
50.5 72 0
50.5 73 1
12.5 73 0
12.5 74 1
50.5 74 0
50.5 75 1
12.5 75 0
12.5 76 1
50.5 76 0
50.5 77 1
12.5 77 0
12.5 78 1
50.5 78 0
50.5 79 1
12.5 79 0
12.5 80 1
50.5 80 0
50.5 82 1
12.5 82 0
12.5 81 1
50.5 81 0
45 82.5 1
45 86.5 0
44 82.5 1
44 86.5 0
43 86.5 1
43 82.5 0
50.5 54.5 1
50.5 82.5 1
45.5 82.5 1
45.5 86.5 1
42.5 86.5 1
42.5 82.5 1
38.5 82.5 0
26.5 85.5 0
26.5 87 1
12.5 87 0
12.5 88 1
26.5 88 0
26.5 86 1
12.5 86 0
12.5 85 1
38.5 85 0
38 89.5 1
38 85.5 0
38.5 84 1
12.5 84 0
12.5 83 1
38.5 83 0
38.5 82.5 1
38.5 89.5 1
37.5 89.5 1
37.5 85.5 1
26.5 85.5 1
26.5 88.5 1
12.5 88.5 1
12.5 58.5 1
15.5 58.5 1
15.5 57.5 1
29.5 57.5 1
29.5 60.5 0
15.5 58 1
29.5 58 0
29.5 59 1
12.5 59 0
12.5 60 1
29.5 60 0
29.5 60.5 1
43.5 60.5 1
43.5 54.5 1
18.5 54.5 1
18.5 47.5 1
12.5 47.5 1
12.5 42.5 1
16.5 42.5 1
16.5 40.5 1
22.5 40.5 1
22.5 47.5 0
44 47.5 1
44 30.5 0
43 30.5 1
43 37.5 0
42 37.5 1
42 30.5 0
41 30.5 1
41 37.5 0
40 37.5 1
40 30.5 0
29.5 30.5 1
39.5 30.5 1
39.5 37.5 1
43.5 37.5 1
43.5 47.5 1
22.5 47.5 0
22.5 42 1
16.5 42 0
16.5 41 1
22.5 41 0
22.5 43 1
12.5 43 0
12.5 44 1
22.5 44 0
22.5 45 1
12.5 45 0
12.5 46 1
22.5 46 0
22.5 47 1
12.5 47 0
18.5 47.5 0
18.5 48 1
48.5 48 0
46 47.5 1
46 30.5 0
45 30.5 1
45 47.5 0
47 30.5 1
47 47.5 0
48 47.5 1
48 30.5 0
48.5 29 1
22.5 29 0
22.5 28 1
48.5 28 0
48.5 26 1
22.5 26 0
22.5 27 1
48.5 27 0
48.5 30 1
22.5 30 0
29.5 33 1
22.5 33 0
22.5 34 1
29.5 34 0
29.5 32 1
22.5 32 0
22.5 31 1
29.5 31 0
29.5 30.5 1
29.5 34.5 1
22.5 34.5 1
22.5 24.5 0
15.5 24 1
48.5 24 0
48.5 23 1
18.5 23 0
18.5 22 1
48.5 22 0
48.5 19 1
18.5 19 0
18.5 18 1
48.5 18 0
48.5 20 1
18.5 20 0
18.5 21 1
48.5 21 0
48.5 25 1
22.5 25 0
22.5 24.5 1
15.5 24.5 1
15.5 23.5 1
18.5 23.5 1
18.5 13.5 1
41.5 13.5 1
41.5 17.5 0
41.5 15 1
18.5 15 0
18.5 14 1
41.5 14 0
41.5 16 1
18.5 16 0
18.5 17 1
41.5 17 0
41.5 17.5 1
48.5 17.5 1
48.5 48.5 1
64.5 48.5 1
64.5 44.5 0
64.5 46 1
87.5 46 0
87.5 47 1
64.5 47 0
64.5 48 1
87.5 48 0
87.5 49 1
18.5 49 0
18.5 50 1
87.5 50 0
87.5 51 1
18.5 51 0
18.5 52 1
87.5 52 0
87.5 53 1
18.5 53 0
18.5 54 1
87.5 54 0
87.5 55 1
62.5 55 0
62.5 56 1
87.5 56 0
87.5 57 1
62.5 57 0
62.5 58 1
115.5 58 0
115.5 59 1
62.5 59 0
62.5 60 1
115.5 60 0
115.5 61 1
62.5 61 0
62.5 62 1
115.5 62 0
115.5 63 1
62.5 63 0
62.5 64 1
115.5 64 0
115.5 65 1
62.5 65 0
62.5 66 1
115.5 66 0
115.5 67 1
62.5 67 0
62.5 68 1
115.5 68 0
115.5 69 1
62.5 69 0
62.5 70 1
116.5 70 0
116.5 71 1
62.5 71 0
62.5 72 1
116.5 72 0
116.5 73 1
62.5 73 0
62.5 74 1
116.5 74 0
116.5 75 1
62.5 75 0
62.5 76 1
116.5 76 0
116.5 77 1
62.5 77 0
62.5 78 1
116.5 78 0
116.5 79 1
62.5 79 0
62.5 80 1
116.5 80 0
116.5 81 1
62.5 81 0
62.5 82 1
116.5 82 0
116.5 83 1
62.5 83 0
62.5 84 1
116.5 84 0
116.5 85 1
62.5 85 0
62.5 86 1
116.5 86 0
116.5 87 1
62.5 87 0
62.5 88 1
79.5 88 0
79.5 89 1
62.5 89 0
87.5 45 1
64.5 45 0
64.5 44.5 1
62.5 44.5 0
62.5 43 1
105.5 43 0
105.5 44 1
62.5 44 0
62.5 44.5 0