56.1713 47.8956 0
56.1713 47.8956 1
58.7174 51.3938 0
61.5 49.04363317035227 1
61.5 54.97244466019416 0
61.1639 53.4551 1
62.29689999999999 58.5701 0
61.5 58.72252985976962 1
61.5 66.33970020703933 0
60.3047 66.81979999999999 1
62.60120000000001 72.1362 0
61.5 69.58692080121924 1
61.5 84.69742517211415 0
62.0672 85.4136 1
59.075 81.63550000000001 0
58.5 82.04767483115049 1
58.5 59.29636544680547 0
64.5 65.13473126293997 1
64.5 46.50985163907102 0
58.5 53.98122153541787 1
58.5 51.0951044735085 0
25.5 59.15398387811976 1
25.5 30.96521073179375 0
28.3338 30.6785 1
29.2587 45.08880000000001 0
28.5 33.26796033084655 1
28.5 69.70885809911243 0
25.5 71.77732096996215 1
25.5 100 0
28.5 100 1
28.5 69.87997083642281 0
28.4657 69.87379999999999 1
29.0065 67.2732 0
31.5 67.62065093892144 1
31.5 44.85297486776268 0
34.5 44.53732082916369 1
34.5 68.03867893842587 0
34.6566 68.06049999999999 1
33.9952 70.86859999999999 0
31.5 70.41969413871055 1
31.5 100 0
34.5 100 1
34.5 68.72537520411251 0
40.5 73.70656855012808 1
40.5 32.42772522607744 0
37.5 28.84350812229879 1
37.5 100 0
40.5 100 1
40.5 77.12598669462369 0
39.0296 76.03399999999999 1
42.50369999999999 70.535 0
43.5 71.26110430387229 1
43.5 36.01194232985611 0
46.5 39.59615943363477 1
46.5 73.44750690511381 0
47.5782 74.23330000000001 0
46.5 75.84892471743257 1
46.5 100 0
43.5 100 1
43.5 79.35392472772429 0
43.9419 79.68209999999999 1
47.5782 74.23330000000001 0
52.5 38.65064627712647 1
52.5 100 0
49.5 100 1
49.5 41.06003764654528 0
48.4387 41.91240000000001 1
36.9161 28.1459 1
36.9161 0 0
36.9161 1.5 1
72.49270000000001 1.5 0
73.5 0 1
73.5 48.1150712536833 0
73.82589999999999 47.19571549384881 1
90.36600000000001 50.23042035934014 0
90.36600000000001 52.24252107650953 1
89.15538476364179 50.95384599314194 0
86.6687 50.49760000000001 1
90.36600000000001 51.17596435687699 1
90.36600000000001 54.4333 0
88.5 56.08787752089633 1
88.5 100 0
85.5 100 1
85.5 58.74796999822159 0
82.16550000000001 88.45422948512606 1
77.9056947327291 97.95079999999999 0
82.16550000000001 95.78428845537823 1
81.1936841981873 97.95079999999999 0
82.16550000000001 97.95079999999999 1
82.16550000000001 84.78919999999999 0
79.5 77.51535891381349 1
79.5 83.42698063041871 0
77.70179999999999 82.50800000000001 1
82.0215 70.5145 0
75.13579999999999 67.53749999999999 1
69.19890000000001 80.8143 0
70.5 77.90462584682243 1
70.5 51.40521113257148 0
72.06790000000001 53.1824 1
66.47620000000001 46.8443 0
67.5 48.00476046461719 1
67.5 64.06364256186984 0
67.45310000000001 63.9486 1
69.63509999999999 69.30090000000001 0
73.5 71.19566999444154 1
73.5 52.05057903225807 0
76.5 51.27656493419829 1
76.5 68.12730545187853 0
79.5 69.42434133784511 1
79.5 54.24003760160156 0
82.5 57.20351026900482 1
82.5 100 0
82.16550000000001 99.45079999999999 1
69.68889999999999 99.45079999999999 0
69.68889999999999 100 1
69.68889999999999 95.1885 1
73.81110000000001 83.01329999999999 0
73.5 82.86497406010147 1
73.5 83.93215515501433 0
70.5 81.43463712761806 1
70.5 92.79286060356122 0
69.68889999999999 95.1885 0
69.68889999999999 96.81558201659553 1
72.39011303309596 97.95079999999999 0
76.26169999999999 97.95079999999999 1
69.68889999999999 97.95079999999999 0
67.5 100 1
67.5 70.16153905230385 0
64.5 71.37081129103342 1
64.5 100 0
61.5 100 1
61.5 85.85562633272701 0
58.5 88.19356532810971 1
58.5 100 0
55.5 100 1
55.5 88.89035857614809 0
56.3496 89.86940000000001 1
52.9897 85.99760000000001 0
55.5 84.198152211066 1
55.5 56.24173107309309 0
56.70610000000001 59.6395 1
54.94670000000001 54.68300000000001 0
55.5 54.57372298301486 1
55.5 36.24125490770766 0
56.1713 35.70211343227737 1
69.5162 24.98441780369169 0
69.5162 27.21180712642356 1
56.1713 38.18549281035652 0
56.1713 42.06953568621391 1
69.5162 31.09585000228095 0
76.5 29.55078818885949 1
76.5 0 0
79.5 0 1
79.5 23.34453434480881 0
77.86699999999999 22.8695 1
73.82589999999999 42.6206 0
73.82589999999999 44.14563849794961 1
90.36600000000001 47.18034336344094 0
91.5 45.86336620233133 1
91.5 100 0
94.5 100 1
94.5 0 0
100 0 1
100 100 0
97.5 100 1
97.5 0 0
91.5 0 1
91.5 45.32768351513018 0
91.77269999999999 45.9134 1
81.54150000000001 23.9384 0
82.5 25.99710645672061 1
82.5 0 0
85.5 0 1
85.5 32.44063214285713 0
88.5 38.88415782899365 1
88.5 0 0
72.49270000000001 20.13938401916248 1
63.02214206092403 7.87283 0
66.81222618277209 7.87283 1
72.49270000000001 15.23035205748745 0
72.49270000000001 10.32132009581242 1
70.60231030462012 7.87283 0
72.49270000000001 4.5 1
36.9161 4.5 0
34.5 0 1
34.5 28.24732867501648 0
31.8369 28.3991 1
31.029 17.5548 0
31.5 23.87695038989971 1
31.5 0 0
28.5 0 1
28.5 17.98263809102605 0
25.5 18.49015658571888 1
25.5 0 0
22.5 0 1
22.5 38.24438525080404 0
19.5 37.81341983862777 1
19.5 0 0
16.5 0 1
16.5 53.22745273128351 0
19.5 54.16163295922908 1
19.5 44.18953764272973 0
22.5 44.77798443420738 1
22.5 55.73965879228318 0
21.7212 54.8533 1
28.2161 62.2452 1
24.1479 76.52250000000001 0
22.5 76.02720546727915 1
22.5 100 0
19.5 100 1
19.5 75.12552235655482 0
16.5 74.22383924583053 1
16.5 100 0
13.5 100 1
13.5 73.32215613510621 0
10.5 72.42047302438189 1
10.5 100 0
1.5 100 1
1.5 0 0
4.5 0 1
4.5 100 0
7.5 100 1
7.5 71.5187899136576 0
6.131259999999999 71.10740000000001 1
11.3854 51.6348 0
13.5 52.29327250333792 1
13.5 0 0
10.5 0 1
10.5 54.91621999261535 0
7.5 66.03465231455576 1
7.5 0 0
36.9161 10.53807883805647 1
40.09905845760831 7.87283 0
44.77195657813979 7.87283 1
36.9161 14.45092798515503 0
36.9161 18.3637771322536 1
49.44485469867128 7.87283 0
54.11775281920276 7.87283 1
36.9161 22.27662627935216 0
36.9161 26.18947542645072 1
58.79065093973425 7.87283 0
61.1271 7.87283 1
36.9161 7.87283 0
36.9161 7.500000000000002 1
72.49270000000001 7.500000000000002 0
72.49270000000001 7.87283 1
72.49270000000001 22.5939 0
70.5 24.19429806061363 1
70.5 47.5723004229293 0
67.5 47.02952959217531 1
67.5 43.97607010778975 0
69.5162 42.2732 1
66.714 39.22620000000001 0
67.5 40.08086490614517 1
67.5 38.5798619272103 0
69.5162 34.97989287813834 1
56.1713 45.9535785620713 0
56.1713 47.8956 0