47.5359 49.46129999999999 0
46.5 51.07649440647995 1
46.5 100 0
43.5 100 1
43.5 55.75414979738628 0
40.5 60.43180518829261 1
40.5 100 0
37.5 100 1
37.5 65.10946057919895 0
34.5 69.78711597010528 1
34.5 100 0
31.5 100 1
31.5 74.4647713610116 0
28.5 79.14242675191792 1
28.5 100 0
25.5 100 1
25.5 82.88717323557435 0
22.5 78.81060053217448 1
22.5 100 0
19.5 100 1
19.5 74.7340278287746 0
17.2135 71.62700000000001 0
19.5 67.98260337432393 1
19.5 0 0
16.5 0 1
16.5 100 0
13.5 100 1
13.5 0 0
10.5 0 1
10.5 100 0
7.5 100 1
7.5 0 0
4.5 0 1
4.5 100 0
1.5 100 1
1.5 0 0
64.5 0 1
64.5 100 0
61.5 100 1
61.5 0 0
52.5 0 1
52.5 100 0
55.5 100 1
55.5 0 0
58.5 0 1
58.5 100 0
49.5 100 1
49.5 39.33756947764297 0
49.9014 39.08710000000001 0
49.5 38.48142541268462 1
49.5 0 0
46.5 0 1
46.5 33.95470951346655 0
45.7578 32.8348 1
49.9014 39.08710000000001 0
46.5 41.20953866779973 1
46.5 48.80390684359801 0
47.5359 49.46129999999999 0