62.5 44.5 0
62.5 44.5 1
64.5 44.5 0
64.5 46 1
87.5 46 0
87.5 47 1
64.5 47 0
64.5 48 1
87.5 48 0
87.5 49 1
18.5 49 0
18.5 50 1
87.5 50 0
87.5 51 1
18.5 51 0
18.5 52 1
87.5 52 0
87.5 53 1
18.5 53 0
18.5 54 1
87.5 54 0
87.5 55 1
62.5 55 0
62.5 56 1
87.5 56 0
87.5 57 1
62.5 57 0
62.5 58 1
115.5 58 0
115.5 59 1
62.5 59 0
62.5 60 1
115.5 60 0
115.5 61 1
62.5 61 0
62.5 62 1
115.5 62 0
115.5 63 1
62.5 63 0
62.5 64 1
115.5 64 0
115.5 65 1
62.5 65 0
62.5 66 1
115.5 66 0
115.5 67 1
62.5 67 0
62.5 68 1
115.5 68 0
115.5 69 1
62.5 69 0
62.5 70 1
116.5 70 0
116.5 71 1
62.5 71 0
62.5 72 1
116.5 72 0
116.5 73 1
62.5 73 0
62.5 74 1
116.5 74 0
116.5 75 1
62.5 75 0
62.5 76 1
116.5 76 0
116.5 77 1
62.5 77 0
62.5 78 1
116.5 78 0
116.5 79 1
62.5 79 0
62.5 80 1
116.5 80 0
116.5 81 1
62.5 81 0
62.5 82 1
116.5 82 0
116.5 83 1
62.5 83 0
62.5 84 1
116.5 84 0
116.5 85 1
62.5 85 0
62.5 86 1
116.5 86 0
116.5 87 1
62.5 87 0
62.5 88 1
79.5 88 0
79.5 89 1
62.5 89 0
87.5 45 1
64.5 45 0
64.5 44.5 0
62.5 43 1
105.5 43 0
105.5 44 1
62.5 44 0
62.5 44.5 0