49.83580000000001 41.26390000000001 0
54.24057883697003 41.45009758290387 1
53.05231048529031 58.32588931046429 0
51.9337 58.6108 1
52.9866 69.98009999999999 0
55.24808690929608 69.85296395678506 1
53.12535575656462 100 0
56.13278346252497 100 1
58.267466674204 69.68322076937341 0
60.502 69.55760000000001 1
59.96469999999999 56.56529999999999 0
59.17700697955638 56.76592583405771 1
61.69742694505479 20.97091173340433 0
61.3605 20.9316 1
62.027 15.4074 0
64.8776 11.816 1
64.12549999999999 15.4612 0
62.08905624093802 15.40899095819036 1
63.17404333858241 0 0
60.16661563262205 0 1
57.97961380030581 31.05980848331924 0
64.68034830130904 21.31895100673727 1
59.94885415757157 88.51564914063329 0
59.6006 88.29040000000001 1
56.7521 94.0573 0
59.38939999999999 95.31 0
62.5244 90.1815 1
59.38939999999999 95.31 0
59.48099703788988 95.1601577643323 1
59.14021116848532 100 0
63.51285655757991 95.5 1
85.02020336357091 95.5 0
86.5 100 1
86.5 74.48392244460589 0
86.55199999999999 69.2184 1
85.06399999999999 94.87799999999999 1
63.6242 93.9187 1
64.77209999999999 86.1729 1
66.30510000000001 82.65219999999999 0
66.37616180497028 82.65800089673789 1
72.19632645646345 0 0
75.20375416242382 0 1
69.99525312044398 73.97115194811138 0
68.73429999999999 76.7731 1
68.30882010597796 82.81576710093765 0
81.57736459784638 82.39391158860047 1
68.41418470278578 81.31937868945334 0
68.62491389640141 78.32660186648474 1
81.78809379353916 79.40113476580143 0
81.90119999999999 77.79480000000001 1
68.73429999999999 76.7731 1
72.77279999999999 67.79920000000001 0
73.43186862720168 67.8758251408062 1
78.21118186838419 0 0
69.18889875050311 0 1
68.49277695563296 9.886324423803618 0
67.89500000000001 9.75234 1
67.2799 12.0629 0
65.34608546034104 11.86414929865471 1
66.18147104454275 0 0
71.00630000000001 10.4497 1
68.9776 18.1176 0
67.90409838830826 18.24673971434572 1
62.14763887444568 100 0
63.30161876129819 98.5 1
84.80896556728919 98.5 0
84.70334666914835 100 1
89.77999578659751 27.90140959416327 0
88.25654674841994 28.18168877068531 1
85.39691276159718 68.7942217144905 0
82.71539999999999 67.80950000000001 0
76.41487634790482 68.22263786590182 1
81.21860957434453 0 0
81.7871427945023 0 1
80.69309999999999 15.5376 0
83.5 14.94340697280165 1
83.5 0 0
86.5 0 1
86.5 14.30833658141078 0
90.19 13.5272 0
92.5 21.75270690097688 1
92.5 0 0
89.5 0 1
89.5 13.6732661900199 0
90.19 13.5272 1
94.00829999999999 27.1235 0
92.5 27.40099210597416 1
92.5 49.92064241488687 0
88.41890000000001 54.6086 0
89.5 54.59131203265656 1
89.5 100 0
92.5 100 1
92.5 54.54333876281075 0
95.5 54.49536549296494 1
95.5 100 0
98.5 100 1
98.5 0 0
95.5 0 1
95.5 46.47454387396913 0
97.87690000000001 43.74420000000001 1
88.41890000000001 54.6086 0
89.5 53.36674095580462 1
89.5 31.87791083862933 0
85.20964867206482 28.74224712372941 1
82.38089178931108 68.91626331609305 0
79.39788406860796 68.56945059099743 1
82.16275059570967 29.30280547677349 0
81.42410000000001 29.4387 1
80.69309999999999 15.5376 0
59.7684 32.8443 1
58.48741190781003 33.98865667863019 1
58.3677 34.0956 1
58.48207132937493 34.06450359422637 0
58.48741190781003 33.98865667863019 1
58.3306 36.2157 1
49.8554 35.5718 0
50.05621141548735 35.51852115471402 1
49.8712080662439 35.34729378204814 0
49.9695 33.3944 0
51.91090919239844 31.82457497304611 1
51.99031763246019 30.69681600008489 0
52.5181 31.3336 1
51.5928 30.2172 1
54.4787 27.5673 0
55.16957330245901 28.25651459006677 1
55.91182579329968 17.71504184362585 0
54.4239 18.3256 1
49.9453 6.970370000000001 0
50.67103672348121 6.72174865849135 1
51.14433251474098 0 0
54.15176022070133 0 1
53.70561723519278 6.336124406167659 0
53.48 5.759460000000001 1
57.84690000000001 16.921 0
56.25434856959248 12.85053204961169 1
57.15918792666169 0 0
48.13690480878063 0 1
46.23062082726577 27.07305248023641 0
49.12753737054993 28.64253244009375 1
50.54624560212754 8.494032646730385 0
41.45950574493406 3.21673302691444 1
27.84805438116982 3.21673302691444 0
27.76351412871481 4.417374019337831 1
25.26443956851083 0.123343 0
20.78087891250929 0.123343 1
17.2229144319709 2.441210326043628 0
13.5 0 1
13.5 23.64205115887955 0
10.5 30.86749333163281 1
10.5 0 0
7.5 0 1
7.5 38.09293550438606 0
6.782550000000001 39.82089999999999 1
16.18554222049573 17.17397448665313 1
18.3476 11.9667 0
16.5 12.70804388560365 1
16.5 0 0
17.38612149397986 0.123343 1
28.0658680119449 0.123343 1
27.5762 7.07761 0
27.63681658488809 6.21673302691444 1
41.24826794865234 6.21673302691444 0
40.59531332122002 15.489997171767 1
39.00024978411993 14.62582997234202 0
40.6883 14.1694 1
39.8062 8.76275 1
41.06899627708886 8.76275 1
40.6883 14.1694 1
33.7372 16.0489 1
29.4765 16.3594 1
26.5437 15.7282 1
24.97231964130759 14.87686377907965 0
22.56010679500748 14.248935230716 1
22.85054244525089 10.12416700236264 0
25.81467606019856 10.73902985041489 1
26.00098081508363 8.093129000787545 0
27.42557878860637 9.21673302691444 1
37.50158594715167 9.21673302691444 0
39.0797 8.81099 1
31.9332 10.6484 0
28.05929217745154 0.2167330269144395 1
41.67074354121578 0.2167330269144395 0
41.68600427687808 0 1
17.39480639514878 0 1
16.18554222049573 17.17397448665313 0
16.37069059694236 16.72804819085503 1
17.23028983675152 4.520016461589231 0
17.0908 4.317500000000001 1
21.6316 10.91 0
19.95878957966882 8.481352471803799 1
19.66319025172332 12.67945527085866 0
26.5437 15.7282 1
25.2631 10.7472 1
24.92626967524813 15.53086557520772 1
40.01676556720008 23.70653461256215 0
40.43678774069745 23.93409256052172 1
42.12204939685992 0 0
45.12947710282027 0 1
43.33370428398162 25.50357252037907 0
40.13247511800407 22.06322712440312 1
29.5892872329744 16.35118059102059 0
33.7372 16.0489 0
34.79914195283096 15.76176272671292 1
40.36389421961205 18.77661214808506 0
53.09809852869073 14.9641074261923 1
52.05390087585302 29.79380653143806 0
50.6161 29.449 1
47.9812 37.46129999999999 0
45.56800684857926 36.48349876896968 1
41.0956449327232 100 0
43.07510000000001 95.12039999999999 1
45.3943 97.9101 0
44.33956145767758 96.6413848777523 1
44.10307263868356 100 0
47.11050034464391 100 1
47.35681622211335 96.50182095526679 0
50.11792805060426 100 1
52.55776185925932 65.34947081059633 0
40.53065892819981 65.3124335072184 1
42.64400235414618 35.29872199612348 0
39.71999785971309 34.11394522327727 1
38.11629047539304 56.88980369958729 0
37.52160000000001 54.8152 1
41.7638 69.61429999999999 0
40.19062567777439 70.141587045233 1
38.08821722676285 100 0
35.08078952080248 100 1
37.11050569701467 71.17396301315509 0
35.5521 71.69630000000001 1
30.0545 56.1009 0
31.80694369974566 61.07217118652019 1
29.06593410888178 100 0
32.07336181484213 100 1
34.31366821185127 68.18315988269521 0
22.5 75.41436410421221 1
22.5 46.14822581457413 0
19.5 44.94052498245937 1
19.5 90.85340069466835 0
21.2345 93.387 1
17.8228 88.40350000000001 0
1.5 100 1
1.5 0 0
4.5 0 1
4.5 100 0
7.5 100 1
7.5 40.10972165400025 0
10.5 41.31742248611502 1
10.5 100 0
13.5 100 1
13.5 42.5251233182298 0
16.5 43.73282415034458 1
16.5 96.3987423381401 0
16.24642608922201 100 1
16.6908 93.68899999999999 1
17.5488 95.1532 0
17.39587472119748 94.89222891232791 1
17.03622328504036 100 0
20.04365099100072 100 1
20.48396498623608 93.74665893624274 0
21.2345 93.387 1
24.50390265930953 46.95493078428252 0
26.72321181242655 47.84835128792898 1
23.05107869696107 100 0
26.05850640292142 100 1
29.64774143144334 49.02567023940594 0
29.658 49.02979999999999 1
36.3237 32.73779999999999 0
36.79599336528 32.92916845043106 1
35.2271232761227 55.21026752606622 0
32.18278670306472 55.73444739937455 1
33.27785225665066 40.18232217091189 0
56.11465873242334 57.545907572261 1
57.2390816141275 41.57684945628993 0
57.6519 41.5943 1
58.3306 36.2157 0
56.93056388291727 36.04079739052889 1
58.37048181619413 35.64929829212181 0
58.33540007824807 36.14752927015103 1
49.86020007824807 35.50362927015102 1
49.8554 35.5718 0
48.6497250692121 35.42842459218637 1
44.5220073971936 94.05028693892453 0
46.45050000000001 92.624 0
47.54228607072969 93.86777744769805 1
51.24207605981256 41.3233457095178 0
49.83580000000001 41.26390000000001 0