25.785 24.6929
22.6054 20.2871
3.32702 17.7858
1.11869 18.9514
12.0609 34.4078

41.824 20.0127
41.1958 10.5742
38.5826 5.05865
35.9284 2.17338
32.7085 1.42354
30.184 4.34199
25.4569 12.465
35.68 18.5633
33.6782 22.5848
34.7105 23.6731
33.998 25.4793
38.5106 28.173

46.5598 59.9432
46.0592 54.7076
40.3763 54.3846
40.2307 59.6215

50.5893 86.179
45.3444 85.0818
43.178 93.7052
48.4255 94.6327

73.3664 83.7112
72.4054 75.8818
62.9689 77.7299
64.4373 85.6018

86.689 68.662
79.1134 68.3092
78.8672 74.0839
86.5619 74.4518

99.6121 12.2935
97.1684 3.91451
84.9246 8.14539
88.4833 19.7581