52.3339 45.7629 0
45.79595295629819 43.5 1
28.465203957586 43.5 0
28.0731 44.7004 1
24.4502 43.5153 0
24.45547499812972 43.5 1
0 43.5 0
0 46.5 1
10.30732216537093 46.5 0
10.6635 45.4541 1
13.5655 46.34520000000001 0
13.51897914517803 46.5 1
73.79784657804922 46.5 0
61.20666151859999 28.5 1
47.66405167017754 28.5 0
46.93622066558287 22.5 1
0 22.5 0
0 21.5358 1
0 9.153849999999998 1
5.19885308854394 9.153849999999998 1
5.25128 9.624199999999998 1
8.92126 9.153849999999998 0
3.689563749333226 9.153849999999998 1
5.069700660789286 21.5358 0
2.051121982367857 21.5358 1
0.6709850709117975 9.153849999999998 0
0 7.5 1
100 7.5 0
100 4.5 1
0 4.5 0
0 1.5 1
100 1.5 0
82.00091768930076 13.5 1
100 13.5 0
100 10.5 1
42.69352332281156 10.5 0
40.21810000000001 9.463629999999998 1
67.37610000000001 20.8337 0
64.19048860094969 19.5 1
100 19.5 0
100 16.5 1
57.02483350823698 16.5 0
59.6557224188392 13.5 1
49.85917841552427 13.5 0
40.21810000000001 9.463629999999998 0
39.78881485856731 10.5 1
9.075030552497804 10.5 0
9.41772019146331 13.5 1
38.54615497426144 13.5 0
37.30349508995559 16.5 1
9.760409830428813 16.5 0
10.10309946939432 19.5 1
39.8010002390743 19.5 0
36.6156 18.1607 1
63.97369999999999 29.6634 0
66.73401486460469 22.5 1
100 22.5 0
100 25.5 1
65.57800729922874 25.5 0
64.4219997338528 28.5 1
100 28.5 0
100 31.5 1
53.78457529340957 31.5 0
54.07144109209142 25.5 1
0 25.5 0
2.626010196232508 35.65479999999999 1
2.288246786043724 28.0701 0
5.291219988555385 28.0701 1
5.62898339874417 35.65479999999999 0
9.285681947484697 49.5 1
0 49.5 0
0 52.5 1
100 52.5 0
100 55.5 1
0 55.5 0
0 58.5 1
100 58.5 0
100 61.5 1
78.4996607104984 61.5 0
79.06020000000001 62.9953 0
78.49347305368275 64.5 1
100 64.5 0
100 67.5 1
62.04419348858657 67.5 0
57.7894 64.53059999999999 1
64.00380000000001 68.86760000000001 0
62.53809592957177 70.5 1
100 70.5 0
100 73.5 1
59.84444718460442 73.5 0
59.3428 74.05869999999999 1
53.31100000000001 68.8758 1
57.7894 64.53059999999999 0
54.72897448218724 67.5 1
0 67.5 0
0 70.5 1
23.40047682282736 70.5 0
20.3701 73.06129999999999 0
21.17532947945003 73.5 1
0 73.5 0
0 76.5 1
38.55165231803832 76.5 0
37.24405814773169 79.5 1
0 79.5 0
0 82.5 1
35.93646397742508 82.5 0
34.87569999999999 84.93369999999999 1
46.8708 90.80629999999999 0
42.16005873888908 88.5 1
0 88.5 0
0 85.5 1
36.03239807751251 85.5 0
34.87569999999999 84.93369999999999 0
28.17288495412281 73.5 1
39.85924648834494 73.5 0
40.9228 71.0599 1
53.45569999999999 77.2166 0
51.99695162181038 76.5 1
100 76.5 0
100 79.5 1
78.49078540145985 79.5 0
100 100 1
0 100 0
0 97.5 1
100 97.5 0
100 94.5 1
77.41629814635797 94.5 0
79.9136 92.80869999999999 1
73.8039 96.94649999999999 0
79.9136 92.80869999999999 0
79.56649999999999 92.02189999999999 1
72.48490000000001 95.14570000000001 0
73.94869061399578 94.5 1
0 94.5 0
0 91.5 1
100 91.5 0
100 88.5 1
70.46940814551039 88.5 0
74.33690500031986 85.5 1
100 85.5 0
100 82.5 1
78.20440185512933 82.5 0
79.66579999999999 81.3664 1
67.57419999999999 90.7458 0
65.40000000000001 88.99850000000001 0
65.83579829971569 88.5 1
47.98831950889277 88.5 0
49.44197190740046 85.5 1
68.45845607132463 85.5 0
71.08111384293358 82.5 1
50.89562430590816 82.5 0
52.34927670441584 79.5 1
73.90587008753096 79.5 0
73.21010000000001 80.06469999999999 1
76.94030000000001 77.03720000000001 0
74.89785959192724 64.5 1
0 64.5 0
0 61.5 1
73.70322931713875 61.5 0
73.57060000000001 61.569 1
77.71690000000001 59.4119 0
75.54458191197807 49.5 1
100 49.5 0
100 46.5 1
79.13967186222717 46.5 0
79.5822 48.5159 1
74.4922 49.7565 0
74.43750887372013 49.5 1
12.61741219126394 49.5 0
29.3764 72.52279999999999 1
25.363 75.78149999999999 1
20.3701 73.06129999999999 1
25.5448 68.6876 0
27.35549874843554 70.5 1
55.20122546450828 70.5 0
58.69259130216673 73.5 1
45.88999497295629 73.5 0
29.44513720713447 40.5 1
43.56165200398951 40.5 0
41.65689999999999 42.06740000000001 1
52.3339 45.7629 0
53.30275836314208 43.5 1
75.1249471961363 43.5 0
73.30520000000001 44.1895 1
78.2234 42.32599999999999 0
78.48111518118225 43.5 1
100 43.5 0
100 40.5 1
53.26651512309496 40.5 0
53.3455 38.2681 1
50.8998 37.4847 1
50.3211704302368 36.6532 1
48.2364 36.6532 1
50.9639 37.64570000000001 1
51.46600126917784 38.2681 1
53.3455 38.2681 0
53.59303384350075 37.5 1
100 37.5 0
100 34.5 1
54.55983703384351 34.5 0
55.289 32.23739999999999 1
43.0859 26.256 0
44.64746915760506 28.5 1
14.61074666306557 28.5 0
14.6106 28.0701 1
6.809659999999999 28.4508 1
6.792706589811216 28.0701 1
0 28.0701 1
0 35.65479999999999 1
7.130470000000001 35.65479999999999 1
14.613 35.105 0
14.61279360047762 34.5 1
27.55841507443704 34.5 0
26.52410171566794 37.5 1
0 37.5 0
0 40.5 1
25.48978835689883 40.5 0
14.6117701317716 31.5 1
28.59272843320615 31.5 0
28.5979 31.485 1
31.9977 32.6855 0
28.64037980008329 31.5 1
46.73512845921611 31.5 0
48.82278776082717 34.5 1
31.40500370623143 34.5 0
30.42507045668295 37.5 1
47.20734296479628 37.5 0
48.2364 36.6532 1
41.65689999999999 42.06740000000001 0
52.3339 45.7629 0
52.3339 45.7629 0