33.3428 39.1346
3.47461 30.6914
1.49939 34.8457
32.1242 43.0951

21.0437 18.3725
20.7038 11.6275
14.174 11.7356
14.2077 18.671

47.6414 33.8538
39.5276 18.2404
32.1799 22.5817
40.5077 37.6219

41.2728 14.0665
39.1592 7.60568
33.2924 9.86596
35.1662 16.3161

39.2449 64.7205
36.5393 60.8105
35.3324 61.6051
32.3721 57.7794
27.646 61.0939
30.79 66.1589
36.1338 66.9359

51.319 59.884
46.5665 58.8551
46.0338 60.882
44.4806 60.7366
44.0576 64.8598
51.1315 65.355

69.2773 28.2284
67.7784 27.0286
58.1237 39.2826
59.2292 40.0138
54.1856 49.1956
59.7319 53.0201
66.0501 43.0141
62.4151 40.2583

66.9007 86.9627
63.9948 81.0758
56.3779 85.4424
57.0781 92.0095

70.691 63.0578
65.6479 58.0827
63.6284 60.6277
61.2214 61.9995
65.9185 66.8188
68.7459 65.3449

78.4513 51.2835
76.692 47.8829
75.1496 46.1866
70.602 48.6918
73.3747 54.346

87.8652 45.0389
79.0684 38.2098
74.904 43.0117
84.3714 49.86

89.3948 34.971
88.2801 22.9724
83.4306 18.6727
81.0354 18.5208
81.677 35.3231

97.1975 61.5082
95.6561 56.4057
94.6659 56.9673
92.9278 52.9797
87.4776 54.3694
90.088 63.6644