46.0592 54.7076 0
46.0592 54.7076 1
40.3763 54.38460000000001 0
40.34528885982165 55.49999999999999 1
0 55.49999999999999 0
0 58.49999999999999 1
40.26188073669537 58.49999999999999 0
40.2307 59.6215 1
46.5598 59.9432 0
46.42180895408359 58.49999999999999 1
100 58.49999999999999 0
100 61.49999999999999 1
0 61.49999999999999 0
0 64.5 1
100 64.5 0
100 67.5 1
0 67.5 0
0 70.5 1
79.01999688641834 70.5 0
72.48127940327484 76.5 1
100 76.5 0
100 79.5 1
72.84950685365416 79.5 0
72.40539999999999 75.8818 1
62.9689 77.72989999999999 0
63.29908900646603 79.5 1
0 79.5 0
0 82.5 1
63.85869977387924 82.5 0
64.43729999999999 85.6018 0
64.91809042631974 85.5 1
100 85.5 0
100 82.5 1
73.21773430403351 82.5 0
73.3664 83.71119999999999 1
64.43729999999999 85.6018 0
64.41831054129244 85.5 1
47.34350424717458 85.5 0
50.58929999999999 86.179 1
45.34439999999999 85.08179999999999 0
45.2393383676972 85.5 1
0 85.5 0
0 88.5 1
44.48566812162257 88.5 0
43.73199787554793 91.5 1
0 91.5 0
0 94.5 1
47.67472560646893 94.5 0
48.4255 94.6327 1
43.178 93.70519999999999 0
48.4255 94.6327 0
48.45946574990833 94.5 1
100 94.5 0
100 100 1
0 100 0
0 97.5 1
100 97.5 0
100 91.5 1
49.22734253758709 91.5 0
49.99521932526586 88.5 1
100 88.5 0
86.64865149055234 70.5 1
100 70.5 0
100 73.5 1
86.58279429341255 73.5 0
86.56190000000001 74.45179999999999 1
78.8672 74.0839 0
78.89209413822363 73.5 1
0 73.5 0
0 76.5 1
69.24883688112121 76.5 0
46.0592 54.7076 0