48.88549999999999 51.2462 0
49.18361459954446 44.30402383287803 1
57.8759 43.89655279211166 0
59.5 43.70314207423603 1
59.5 100 0
62.5 100 1
62.5 45.63132956831416 0
62.44070000000001 45.7162 1
66.59649999999999 39.7684 0
65.5 41.33771582366812 1
65.5 55.70668246356371 0
68.5 55.56422830277386 1
68.5 0 0
65.5 0 1
65.5 38.82111628068309 0
62.5 36.22936875861217 1
62.5 0 0
59.5 0 1
59.5 33.63762123654126 0
56.0736 30.6775 0
53.5 34.00379970627158 1
53.5 0 0
56.5 0 1
56.5 31.04587371447035 0
56.0736 30.6775 1
52.9755 34.68170000000001 0
50.5 32.94547629623588 1
50.5 0 0
47.5 0 1
47.5 30.841387784302 0
44.5 28.73729927236811 1
44.5 0 0
41.5 0 1
41.5 27.56455986397695 0
41.9397 26.9416 1
37.6022 33.0869 0
38.5 31.81491144899135 1
38.5 0 0
35.5 0 1
35.5 74.27793939105615 0
38.3308 77.1249 1
33.8115 72.57980000000001 0
32.5 73.69475801480402 1
32.5 0 0
29.5 0 1
29.5 51.99449630631256 0
29.5064 51.9943 1
30.1713 59.6949 1
22.9675 66.91669999999999 1
21.4693 54.2046 0
20.5 54.23430879966715 1
20.5 84.87292960395695 0
22.0654 85.1927 1
20.8307 91.53129999999999 0
17.5 91.43917340769093 1
17.5 100 0
20.5 100 1
20.5 91.52215289456373 0
14.1423 91.34630000000001 0
14.5 90.14486551139228 1
14.5 77.39234570858284 0
12.4787 80.05119999999999 1
18.641 71.9452 0
17.5 73.44609187478702 1
17.5 84.2601078407468 0
16.3236 84.0198 1
14.1423 91.34630000000001 0
14.5 91.35619392081813 1
14.5 100 0
11.5 100 1
11.5 79.53185831535077 0
2.5 74.75605861999662 1
2.5 100 0
5.5 100 1
5.5 76.34799185178133 0
8.5 77.93992508356604 1
8.5 100 0
0 100 1
0 0 0
2.5 0 1
2.5 71.52435921155939 0
1.13438 74.03139999999999 1
7.28627 62.7376 0
5.5 66.01688102192983 1
5.5 0 0
8.5 0 1
8.5 63.72181894206203 0
11.5 66.15453200525243 1
11.5 0 0
14.5 0 1
14.5 68.58724506844285 0
17.5 71.01995813163325 1
17.5 54.32625804035781 0
17.143 54.3372 1
16.4895 41.27630000000001 0
17.5 41.25265397354366 1
17.5 0 0
20.5 0 1
20.5 41.18245300435117 0
23.3612 41.1155 1
25.1801 52.127 0
26.5 52.08651489032198 1
26.5 0 0
23.5 0 1
23.5 41.95578599703117 0
38.5 33.80964980485766 1
38.5 87.72818556064121 0
41.5 83.85603597422056 1
41.5 36.22471932431962 0
44.5 38.63978884378157 1
44.5 79.98388638779991 0
45.62820000000001 78.52770000000001 1
35.884 91.10470000000001 0
35.884 93.13837152161551 1
42.19882457065165 98.9196 0
35.884 97.20571456484657 1
37.75607371195495 98.9196 0
35.5 100 1
35.5 79.94721600470561 0
34.7606 80.68440000000001 1
30.4098 75.5154 0
32.5 77.99867751218167 1
32.5 100 0
29.5 100 1
29.5 60.36787736472418 0
26.5 63.37537340847886 1
26.5 100 0
23.5 100 1
23.5 66.38286945223354 0
50.5 63.59014267596703 1
50.5 51.06242502339728 0
48.88549999999999 51.2462 0