48.88549999999999 51.2462 0
48.88549999999999 51.2462 1
49.27835304884118 42.09785544722088 0
49.081 42.3276 0
47.5 41.05485836324354 1
47.5 64.64564045656309 0
44.63 65.65539999999999 1
47.142 71.78809999999999 0
47.5 71.65627049084748 1
47.5 79.96407503578914 0
50.5 82.2662040599196 1
50.5 70.55155393370339 0
53.5 69.44683737655933 1
53.5 84.56833308405007 0
54.3599 85.22819999999999 1
54.3599 100 1
35.884 100 1
35.884 98.9196 1
54.3599 98.9196 0
53.6882362259288 98.9196 1
54.3599 97.99441942147971 0
56.5 100 1
56.5 50.37945824754328 0
57.4335 50.2732 1
57.8759 45.3982 1
57.8759 42.59136345784086 1
52.19499999999999 38.7025 0
55.5542698643717 41.00209017419442 1
49.99579800795351 41.26265643589201 0
49.27835304884118 42.09785544722088 1
49.081 42.3276 1
48.88549999999999 46.88019635974304 1
48.88549999999999 51.2462 0
53.5 50.72094163547028 1
53.5 64.90489846487395 0
52.515 62.88120000000001 1
55.3747 68.75649999999999 0
54.3599 87.78144388429592 1
46.27380724518576 98.9196 0
49.98102173555729 98.9196 1
54.3599 92.88793165288783 0
71.5 100 1
71.5 60.69817366130559 0
79.86770000000001 66.01560000000001 1
77.79249999999999 59.21680000000001 1
81.1018 58.5329 1
82.92769999999999 65.43100000000001 0
80.5 65.89480177124182 1
80.5 100 0
83.5 100 1
83.5 53.04156560578106 0
82.6283 53.89409999999999 1
82.92769999999999 53.63746267469739 1
82.92769999999999 53.60128274907748 1
82.6283 53.89409999999999 0
82.92769999999999 55.61310788621009 1
79.01931508668454 58.96326637120129 0
81.1018 58.5329 1
82.92769999999999 56.96778947137594 0
77.5 58.2899356558096 1
77.5 100 0
74.5 100 1
74.5 58.47535010920195 0
70.614 54.6067 1
70.614 55.67317453349538 1
71.95679999999999 60.6378 1
71.95679999999999 55.94350477782717 1
70.614 54.6067 0
71.5 53.81320867920945 1
71.5 0 0
74.5 0 1
74.5 51.12644348465908 0
95.5 31.7417877535736 1
95.5 90.54769348884901 0
95.55760000000001 90.53270000000001 1
96.38300000000001 94.6491 0
95.5 94.90443698468124 1
95.5 100 0
92.5 100 1
92.5 93.88856538020633 0
92.83179999999999 95.67599999999999 1
92.04669999999999 91.44659999999999 0
92.5 91.32860436640178 1
92.5 32.48040841651279 0
92.19460000000001 32.5556 1
88.48390000000001 15.98486971567638 0
86.97479407566826 16.11009972597343 1
85.45580000000001 9.326786299562219 0
83.5 13.80271225948066 1
83.5 0 0
88.10218490442747 0.259945 1
85.45580000000001 0.9168747669943627 0
85.45580000000001 0.259945 1
99.93889999999999 0.259945 0
99.93889999999999 0 1
100 0 1
100 100 0
98.5 100 1
98.5 31.0031670906344 0
99.93889999999999 30.6489 0
99.93889999999999 22.38721288248738 1
95.85355182306296 0.259945 0
98.90425546918885 0.259945 1
99.93889999999999 5.863838647462124 0
99.93889999999999 30.6489 1
99.93889999999999 0 1
85.45580000000001 0 1
85.45580000000001 15.10143336602528 1
88.48390000000001 17.1122 1
82.69370000000001 25.9465 0
83.5 24.71630137300957 1
83.5 26.58205129033059 0
86.5 28.9467466530886 1
86.5 20.13910196711685 0
89.5 20.52242840861874 1
89.5 100 0
86.5 100 1
86.5 50.10752501537516 0
87.83150000000001 48.8053 1
83.2534 43.28700000000001 0
80.5 45.75291309555833 1
80.5 24.31291034859552 0
83.5 28.52805376566305 1
83.5 43.58424400515497 0
86.5 47.20035112382867 1
86.5 29.47552552848028 0
86.71979999999999 29.12 1
85.41890000000001 31.2242 1
76.99940000000001 19.3944 1
82.06030000000001 12.8467 0
80.5 14.86538764646604 1
80.5 0 0
77.5 0 1
77.5 18.74673286174396 0
76.99940000000001 19.3944 0
77.5 20.097766931528 1
77.5 48.4396782901087 0
64.1771 55.76949999999999 1
64.45259999999999 58.8164 1
65.6148 61.476 0
68.5 61.09467318826869 1
68.5 100 0
65.5 100 1
65.5 61.21328955429358 0
48.88549999999999 51.2462 0