39.5 95.5 0
39.5 95.5 1
20.5 95.5 1
20.5 117.5 0
19 117.5 1
19 123.5 0
18 123.5 1
18 117.5 0
16 117.5 1
16 123.5 0
17 123.5 1
17 117.5 0
20 117.5 1
20 123.5 0
21 123.5 1
21 95.5 0
22 95.5 1
22 123.5 0
23 123.5 1
23 95.5 0
24 95.5 1
24 123.5 0
25 123.5 1
25 95.5 0
26 95.5 1
26 123.5 0
27 123.5 1
27 95.5 0
28 95.5 1
28 123.5 0
20.5 117.5 1
15.5 117.5 1
15.5 123.5 1
28.38102496759066 123.5 1
20.5 130.0675208063255 1
20.5 128.5 1
16.5 128.5 1
16.5 134.5 0
14 134.5 1
14 150.5 0
13 150.5 1
13 134.5 0
15 134.5 1
15 150.5 0
16 150.5 1
16 134.5 0
16.5 134.5 1
12.5 134.5 1
12.5 150.5 1
17.5 150.5 1
17.5 156.5 1
53.5 156.5 1
53.5 153.5 0
63.5 134.5 1
63.5 133.5 1
63.5 130.5 1
62.5 130.5 1
60.5 130.5 1
60.5 116.5 1
59.5 116.5 1
55.5 116.5 1
55.5 101.5 1
54.5 101.5 1
53.5 101.5 1
53.5 102.5 1
53.5 119.5 1
47.5 124.5 1
32.5 124.5 1
32.5 125.5 1
32.5 129.5 0
32.5 130 1
47.5 130 0
32.5 133 1
47.5 133 0
47.5 134 1
32.5 134 0
32.5 132 1
47.5 132 0
47.5 131 1
32.5 131 0
32.5 129.5 1
33.5 129.5 1
47.5 129.5 1
47.5 134.5 1
48.5 134.5 1
63.5 134.5 0
63.5 135 1
32.5 135 0
32.5 136 1
63.5 136 0
63.5 137 1
32.5 137 0
32.5 138 1
63.5 138 0
63.5 139 1
32.5 139 0
32.5 140 1
63.5 140 0
63.5 141 1
32.5 141 0
32.5 144 1
63.5 144 0
63.5 145 1
32.5 145 0
32.5 143 1
63.5 143 0
63.5 142 1
32.5 142 0
17 150.5 1
17 128.5 0
18 128.5 1
18 156.5 0
19 156.5 1
19 128.5 0
20 128.5 1
20 156.5 0
21 156.5 1
21 129.6508541396589 0
22 128.8175208063255 1
22 156.5 0
23 156.5 1
23 127.9841874729922 0
24 127.1508541396589 1
24 156.5 0
25 156.5 1
25 126.3175208063255 0
26 125.4841874729922 1
26 156.5 0
27 156.5 1
27 124.6508541396589 0
28 123.8175208063256 1
28 156.5 0
29 156.5 1
29 95.5 0
30 95.5 1
30 156.5 0
31 156.5 1
31 95.5 0
33 95.5 1
33 124.5 0
34 124.5 1
34 95.5 0
35 95.5 1
35 124.5 0
36 124.5 1
36 95.5 0
37 95.5 1
37 124.5 0
38 124.5 1
38 95.5 0
39 95.5 1
39 124.5 0
40 124.5 1
40 97.5 0
41 97.5 1
41 124.5 0
42 124.5 1
42 97.5 0
43 97.5 1
43 124.5 0
44 124.5 1
44 97.5 0
45 97.5 1
45 124.5 0
46 124.5 1
46 97.5 0
47 97.5 1
47 124.5 0
48 124.0833333333333 1
48 97.5 0
49 97.5 1
49 123.25 0
50 122.4166666666667 1
50 97.5 0
51 97.5 1
51 121.5833333333333 0
52 120.75 1
52 97.5 0
54 101.5 1
54 97.5 0
53 97.5 1
53 119.9166666666667 0
39.5 97.5 0
32 95.5 1
32 156.5 0
32.5 156 1
53.5 156 0
53.5 155 1
32.5 155 0
32.5 154 1
53.5 154 0
53.5 153.5 1
62.5 153.5 1
62.5 151.5 1
64.5 151.5 1
64.5 146.5 1
76.5 146.5 0
76 146.5 1
76 106.5 0
90 106.5 1
90 153.5 0
91 153.5 1
91 106.5 0
93 106.5 1
93 153.5 0
92 153.5 1
92 106.5 0
89 106.5 1
89 153.5 0
88 153.5 1
88 106.5 0
87 106.5 1
87 153.5 0
86 153.5 1
86 106.5 0
85 106.5 1
85 153.5 0
84 153.5 1
84 106.5 0
83 106.5 1
83 153.5 0
82 153.5 1
82 106.5 0
81 106.5 1
81 153.5 0
80 153.5 1
80 106.5 0
79 106.5 1
79 153.5 0
78 153.5 1
78 106.5 0
77 106.5 1
77 153.5 0
76.5 146.5 1
76.5 153.5 1
93.5 153.5 1
93.5 106.5 1
66.5 106.5 0
61 130.5 1
61 43.5 0
60 43.5 1
60 116.5 0
59 116.5 1
59 43.5 0
58 43.5 1
58 116.5 0
57 116.5 1
57 43.5 0
56 43.5 1
56 116.5 0
55.5 101.5 0
55 101.5 1
55 97.5 0
55.5 97.5 0
62.5 59.5 0
65 59.5 1
65 58.5 0
66 58.5 1
66 59.5 0
67 59.5 1
67 51.5 0
70 59.5 1
70 51.5 0
71 51.5 1
71 59.5 0
69 59.5 1
69 51.5 0
68 51.5 1
68 59.5 0
64 58.5 1
64 59.5 0
63 59.5 1
63 43.5 0
62 43.5 1
62 130.5 0
63 130.5 1
63 96.5 0
64 96.5 1
64 151.5 0
63.5 151 1
32.5 151 0
32.5 152 1
62.5 152 0
62.5 153 1
32.5 153 0
32.5 150 1
63.5 150 0
63.5 149 1
32.5 149 0
32.5 148 1
63.5 148 0
63.5 147 1
32.5 147 0
32.5 146 1
63.5 146 0
65 146.5 1
65 96.5 0
66 96.5 1
66 146.5 0
67 146.5 1
67 106.5 0
68 106.5 1
68 146.5 0
69 146.5 1
69 106.5 0
70 106.5 1
70 146.5 0
71 146.5 1
71 106.5 0
74 106.5 1
74 146.5 0
75 146.5 1
75 106.5 0
73 106.5 1
73 146.5 0
72 146.5 1
72 106.5 0
66.5 106.5 1
66.5 96.5 1
62.5 96.5 1
62.5 59.5 1
71.5 59.5 0
92 51.5 1
92 82.5 0
91 82.5 1
91 51.5 0
90 51.5 1
90 82.5 0
89 82.5 1
89 51.5 0
88 51.5 1
88 82.5 0
87 82.5 1
87 51.5 0
86 51.5 1
86 82.5 0
85 82.5 1
85 51.5 0
84 51.5 1
84 82.5 0
83 82.5 1
83 51.5 0
82 51.5 1
82 82.5 0
81 82.5 1
81 51.5 0
80 51.5 1
80 82.5 0
79 82.5 1
79 51.5 0
78 51.5 1
78 82.5 0
77 82.5 1
77 51.5 0
76 51.5 1
76 82.5 0
75 82.5 1
75 51.5 0
74 51.5 1
74 82.5 0
73 82.5 1
73 51.5 0
72 51.5 1
72 82.5 0
71.5 59.5 1
71.5 82.5 1
92.5 82.5 1
92.5 51.5 1
66.5 51.5 1
66.5 58.5 1
63.5 58.5 1
63.5 43.5 1
49.5 43.5 0
50 43.5 1
50 52.5 0
38 52.5 1
38 10.5 0
37 10.5 1
37 52.5 0
35 52.5 1
35 10.5 0
36 10.5 1
36 52.5 0
39 52.5 1
39 10.5 0
40 10.5 1
40 52.5 0
41 52.5 1
41 10.5 0
42 10.5 1
42 52.5 0
43 52.5 1
43 10.5 0
44 10.5 1
44 52.5 0
45 52.5 1
45 10.5 0
46 10.5 1
46 52.5 0
47 52.5 1
47 10.5 0
48 10.5 1
48 52.5 0
49 52.5 1
49 10.5 0
50 10.5 1
50 16.5 0
52 16.5 1
52 10.5 0
51 10.5 1
51 16.5 0
49.5 16.5 0
49.5 43.5 1
49.5 16.5 1
52.5 16.5 1
52.5 10.5 1
30.5 10.5 1
30.5 11.5 1
20.5 11.5 1
20.5 34.5 1
14.5 34.5 1
14.5 52.5 1
23.5 52.5 1
23.5 47.5 0
15 52.5 1
15 34.5 0
16 34.5 1
16 52.5 0
17 52.5 1
17 34.5 0
18 34.5 1
18 52.5 0
19 52.5 1
19 34.5 0
20 34.5 1
20 52.5 0
21 52.5 1
21 11.5 0
22 11.5 1
22 52.5 0
23 52.5 1
23 11.5 0
24 11.5 1
24 47.5 0
23.5 47.5 1
34.5 47.5 0
34 47.5 1
34 10.5 0
33 10.5 1
33 47.5 0
32 47.5 1
32 10.5 0
31 10.5 1
31 47.5 0
30 47.5 1
30 11.5 0
29 11.5 1
29 47.5 0
26 47.5 1
26 11.5 0
25 11.5 1
25 47.5 0
27 47.5 1
27 11.5 0
28 11.5 1
28 47.5 0
34.5 47.5 1
34.5 52.5 1
55.5 52.5 0
55 52.5 1
55 43.5 0
52 52.5 1
52 43.5 0
51 43.5 1
51 52.5 0
53 52.5 1
53 43.5 0
54 43.5 1
54 52.5 0
55.5 52.5 1
55.5 97.5 1
39.5 97.5 1
39.5 95.5 0
39.5 95.5 0