51.5432 59.16330000000001 0
53.3554 68.30539999999999 1
43.852 70.23339999999999 0
43.29146974592504 67.5 1
28.6196672339608 67.5 0
29.7581 66.8569 1
25.1502 69.4599 0
24.01151297765579 67.5 1
0 67.5 0
0 61.5 1
6.917479617971104 61.5 0
8.4542 62.4735 1
5.144450000000001 60.3768 0
5.936561071185592 58.5 1
0 58.5 0
0 55.5 1
7.202723269372282 55.5 0
8.18421 53.17449999999999 0
9.24962 53.3882 0
9.064731448603787 55.5 1
100 55.5 0
100 58.5 1
8.802080793149372 58.5 0
8.539430137694957 61.5 1
43.46986354557404 61.5 0
43.3767116748421 64.5 1
28.23598235829039 64.5 0
26.9884 62.5682 1
22.4408 64.79650000000001 0
23.04590855809361 64.5 1
0 64.5 0
0 82.5 1
100 82.5 0
100 85.5 1
0 85.5 0
0 88.5 1
100 88.5 0
100 91.5 1
0 91.5 0
0 94.5 1
100 94.5 0
100 97.5 1
0 97.5 0
0 100 1
100 100 0
100 79.5 1
0 79.5 0
0 76.5 1
100 76.5 0
100 73.5 1
0 73.5 0
0 70.5 1
100 70.5 0
100 67.5 1
53.19574894827228 67.5 0
52.60107157655243 64.5 1
100 64.5 0
100 61.5 1
52.00639420483259 61.5 0
51.5432 59.16330000000001 0