56.943 54.1041 0
58.42740210271286 52.5 1
100 52.5 0
100 49.5 1
61.2035421863352 49.5 0
63.97968226995754 46.5 1
100 46.5 0
100 43.5 1
66.75582235357987 43.5 0
100 100 1
0 100 0
0 97.5 1
100 97.5 0
100 94.5 1
0 94.5 0
0 91.5 1
100 91.5 0
100 88.5 1
0 88.5 0
0 85.5 1
100 85.5 0
100 82.5 1
0 82.5 0
0 79.5 1
100 79.5 0
100 76.5 1
0 76.5 0
0 73.5 1
100 73.5 0
100 70.5 1
0 70.5 0
9.412890000000001 66.3621 1
5.88467 63.4337 0
7.1693787098757 64.5 1
0 64.5 0
0 67.5 1
100 67.5 0
100 64.5 1
10.56647485237972 64.5 0
12.5121 61.35939999999999 0
9.242519999999999 59.4864 1
12.5121 61.35939999999999 0
12.42499725028485 61.5 1
100 61.5 0
100 58.5 1
0 58.5 0
0 61.5 1
7.52961073037266 61.5 0
0 55.5 1
100 55.5 0
57.97820082137821 28.5 1
100 28.5 0
100 25.5 1
59.53355856657558 25.5 0
60.3021 27.8899 1
43.2829 32.358 0
43.05149752997663 31.5 1
0 31.5 0
0 34.5 1
100 34.5 0
100 31.5 1
46.55106176898458 31.5 0
43.2829 32.358 0
42.24239798444039 28.5 1
0 28.5 0
0 25.5 1
41.43329843890415 25.5 0
41.18210000000001 24.5686 1
57.68940000000001 19.7653 0
58.56882184107525 22.5 1
100 22.5 0
100 19.5 1
0 19.5 0
0 22.5 1
48.29117100951429 22.5 0
40.30316456806588 16.5 1
100 16.5 0
100 10.5 1
41.96161589390191 10.5 0
35.23957874033765 7.5 1
100 7.5 0
100 13.5 1
41.59690451389366 13.5 0
42.7407 10.8477 1
24.3309 2.63153 0
28.5175415867734 4.5 1
100 4.5 0
100 1.5 1
0 1.5 0
0 4.5 1
23.58992984431826 4.5 0
22.40023428214965 7.5 1
0 7.5 0
0 10.5 1
21.21053871998102 10.5 0
21.1873 10.5586 1
39.60420000000001 18.1208 0
35.6569212292719 16.5 1
0 16.5 0
0 13.5 1
28.35075371188279 13.5 0
43.93562824575687 40.5 1
0 40.5 0
0 37.5 1
100 37.5 0
100 40.5 1
66.97330115776219 40.5 0
68.36330000000001 41.7629 1
64.34200000000001 38.1093 1
44.9628 39.64570000000001 1
43.04300000000001 41.2424 1
56.943 54.1041 0
55.20940413009167 52.5 1
0 52.5 0
0 49.5 1
51.96721997092142 49.5 0
48.72503581175117 46.5 1
0 46.5 0
0 43.5 1
45.48285165258092 43.5 0
56.943 54.1041 0