52.9606 48.7196 0
57.50980070163429 52.5 1
51.37292976648665 52.5 0
47.5931625192059 61.5 1
100 61.5 0
100 64.5 1
25.87273792492395 64.5 0
25.6901 63.7389 1
19.6499 65.9496 0
20.24447970801849 67.5 1
0 67.5 0
0 64.5 1
23.61057938661963 64.5 0
34.281783481891 55.5 1
4.487911664841182 55.5 0
11.95579967552893 49.5 1
33.05363319490259 49.5 0
34.48828992619664 46.5 1
13.17134007106091 46.5 0
13.8794 48.926 1
3.75771 51.94629999999999 0
3.871482311062431 52.5 1
31.61897646360853 52.5 0
30.9543 53.8899 1
47.4392 61.86660000000001 0
39.717 81.92689999999999 1
35.8464 83.80359999999999 0
38.53500987904302 82.5 1
8.918478159079005 82.5 0
10.252647688908 83.4075 1
8.806370986956114 83.4075 1
8.297039999999999 87.53049999999999 1
9.74331670195188 87.53049999999999 0
8.297039999999999 87.53049999999999 1
1.85135 86.55420000000001 1
1.739806497960622 87.53049999999999 0
0 91.5 1
17.37458575288105 91.5 0
21.38608325448051 94.5 1
0 94.5 0
0 97.5 1
25.39758075607998 97.5 0
26.451 98.2878 1
12.06670597534804 87.53049999999999 1
9.74331670195188 87.53049999999999 1
10.252647688908 83.4075 1
11.4751 83.4075 0
0 100 1
100 100 0
100 97.5 1
26.97151718226601 97.5 0
28.4629 95.24279999999999 1
11.4751 83.4075 1
9.939810000000001 85.93989999999999 1
12.06670597534804 87.53049999999999 0
13.36308825128159 88.5 1
0 88.5 0
0.2300482269800307 87.53049999999999 1
1.184731729019409 79.17449999999999 0
0 79.17449999999999 1
2.69449 79.17449999999999 1
9.216640000000002 80.0864 0
10.79057642992598 79.5 1
5.022552095624482 79.5 0
0 76.5 1
10.42154237317683 76.5 0
10.7311 75.49029999999999 1
16.3048 76.79740000000001 0
15.03663507000227 76.5 1
76.10759262327107 76.5 0
76.51159999999999 75.06360000000001 1
93.1086 80.61320000000001 0
90.35419999999999 88.2123 1
74.352 82.74180000000001 0
82.42023289278859 85.5 1
40.67350006364023 85.5 0
41.5277 85.07060000000001 1
37.77670000000001 86.9562 0
36.88508582122692 85.5 1
14.47857025423943 85.5 0
18.78462079795188 88.5 1
100 88.5 0
100 91.5 1
23.09067134166433 91.5 0
27.39672188537678 94.5 1
100 94.5 0
100 85.5 1
91.3373110420971 85.5 0
92.42470297008856 82.5 1
100 82.5 0
100 79.5 1
89.77939061553985 79.5 0
80.8073926337033 76.5 1
100 76.5 0
100 73.5 1
0 73.5 0
0 70.5 1
100 70.5 0
100 67.5 1
25.0977892714378 67.5 0
26.5026 67.12479999999999 1
20.6954 68.67580000000001 0
15.9715 78.70339999999999 0
15.3698540199285 79.5 1
75.26380110963507 79.5 0
74.42000959599906 82.5 1
40.04709262016095 82.5 0
52.9606 48.7196 0