52.9606 48.7196 0
52.63285218224691 49.5 1
59.07821721332986 49.5 0
61.62572051954868 49.1999 1
57.1122 49.7316 0
57.52472750753716 49.1999 1
40.53788523433535 41.2482 0
47.61405570300606 41.2482 1
54.84188183733959 44.63161312340607 0
50.72670071545859 40.5 1
0 40.5 0
0 41.5239 1
0 57.7377 0
0 58.5 1
40.48167817518522 58.5 0
46.68157286847944 61.5 1
0 61.5 0
2.12887 57.7377 1
2.12887 41.5239 0
0 37.5 1
51.91169801636023 37.5 0
54.31681327465546 34.5 1
0 34.5 0
0 31.5 1
56.72192853295067 31.5 0
24.43535458578545 7.5 1
100 7.5 0
100 1.5 1
0 1.5 0
18.81728547993809 7.5 1
0 7.5 0
0 4.5 1
22.29729096810843 4.5 0
24.9807 2.18672 1
15.3425 10.4955 0
15.34650561955605 10.5 1
0 10.5 0
0 13.5 1
100 13.5 0
100 10.5 1
21.06784234703344 10.5 0
17.8769 13.3427 1
27.3146 4.934979999999999 0
26.94520270061785 4.5 1
100 4.5 0
100 58.5 1
48.85308493496615 58.5 0
50.11300735072641 55.5 1
57.94066405407717 55.5 0
58.1193 56.74379999999999 1
69.2748 56.575 0
69.23222859202207 55.5 1
100 55.5 0
100 52.5 1
69.11342466278137 52.5 0
69.08250000000001 51.7191 1
80.60489999999999 50.02930000000001 0
80.53255314347561 49.5 1
100 49.5 0
100 46.5 1
80.12250105661909 46.5 0
79.71244896976256 43.5 1
100 43.5 0
100 40.5 1
68.80507900101236 40.5 0
71.19370000000001 37.5557 0
71.13836474549507 37.5 1
100 37.5 0
100 34.5 1
68.15800992476315 34.5 0
65.1776551040312 31.5 1
100 31.5 0
100 28.5 1
62.19730028329927 28.5 0
60.4982 26.7897 0
59.1270437912459 28.5 1
0 28.5 0
0 25.5 1
68.91972805859166 25.5 0
70.70580000000001 27.6268 1
73.16220000000001 25.2569 0
72.91022698848053 25.5 1
100 25.5 0
100 22.5 1
71.02566238053865 22.5 0
68.70072754126846 19.5 1
100 19.5 0
100 16.5 1
14.57013246622753 16.5 0
14.6843 15.9598 1
8.3917 14.4127 0
7.946148778662963 16.5 1
0 16.5 0
0 19.5 1
7.305774292958411 19.5 0
6.76263 22.0445 1
13.1699 23.1254 0
13.30207396449704 22.5 1
66.4003487919822 22.5 0
63.9521 19.5847 1
66.50720000000001 18.2919 0
64.11950174040842 19.5 1
13.93610321536229 19.5 0
13.1699 23.1254 0
9.462705386252189 22.5 1
0 22.5 0
4.595438614163335 41.5239 1
3.62887 41.73209720660125 0
3.62887 41.5239 1
11.719 41.5239 0
12.29575071128463 43.5 1
35.92294665749068 43.5 0
36.99979999999999 41.2482 1
51.47192501972576 41.2482 1
59.392 49.1999 1
61.62572051954868 49.1999 1
66.8175 48.5883 1
66.7357483046857 47.28280760442777 0
65.07524346535385 47.4784177538109 1
66.62813131384937 45.5642724397309 0
66.19180956654122 43.7212097269405 1
79.59460000000001 42.6378 1
67.07074691133542 42.6378 1
66.19180956654122 43.7212097269405 0
66.5111 43.69540000000001 1
66.7357483046857 47.28280760442777 1
62.9396 47.73 1
59.392 49.1999 1
53.98664227320181 49.1999 0
52.9606 48.7196 0