49.4811 65.3716 0
50.5 65.73741803795215 1
50.5 0 0
53.5 0 1
53.5 66.81451501886926 0
55.09869999999999 67.38849999999999 1
53.02930000000001 71.63890000000001 0
53.5 70.67211577268773 1
53.5 84.29466277917405 0
59.06059999999999 86.19130000000001 1
59.06059999999999 98.48990000000001 0
56.24565224441284 98.48990000000001 1
59.06059999999999 90.63672958287265 0
59.06059999999999 86.19130000000001 0
56.5 85.31791776289484 1
56.5 0 0
59.5 0 1
59.5 100 0
59.06059999999999 99.98990000000001 1
40.4704 99.98990000000001 0
40.4704 100 1
40.4704 93.85050000000001 0
40.4704 95.42872456240337 1
49.82785523578649 98.48990000000001 0
54.65219999999999 98.48990000000001 1
40.4704 98.48990000000001 0
62.5 100 1
62.5 7.661055565980162 0
61.4769 6.4465 1
61.4769 0 1
79.33600000000001 0 1
79.33600000000001 1.09669 1
79.33600000000001 14.0102 1
72.45519999999999 19.4792 1
61.4769 6.4465 0
61.4769 4.547834829145588 1
65.92419671747777 1.09669 0
61.4769 1.09669 1
79.33600000000001 1.09669 0
78.20992299462932 1.09669 1
79.33600000000001 2.422861824208103 0
80.5 0 1
80.5 19.72350905985242 0
83.5 21.56622564908445 1
83.5 0 0
86.5 0 1
86.5 64.47576829957606 0
95.5 60.88925751903203 1
95.5 0 0
98.5 0 1
98.5 100 0
95.5 100 1
95.5 64.73253712614027 0
97.5771 63.66840000000001 1
96.06880000000001 60.53 0
92.5 50.63324890152957 1
92.5 62.78407565738664 0
90.63059999999999 63.9648 1
92.22749999999999 66.4091 0
92.5 66.26949316023627 1
92.5 68.00567880357983 0
89.5 66.24072355157796 1
89.5 51.39014118333776 0
88.50819999999999 50.50060000000001 1
86.59059999999999 47.53530000000001 0
89.5 45.84580812969041 1
89.5 0 0
92.5 0 1
92.5 46.81903565489819 0
93.0341 47.7972 1
91.37430000000001 44.7574 0
77.5 34.29472661394108 1
77.5 100 0
80.5 100 1
80.5 31.03212044130379 0
82.5257 28.8291 0
83.5 27.03312652557209 1
83.5 66.97119399355407 0
84.4753 63.2846 1
83.11009999999999 68.44499999999999 0
83.5 68.58280964476791 1
83.5 100 0
86.5 100 1
86.5 78.30199758947811 0
89.5 73.20268887508979 1
89.5 100 0
92.5 100 1
92.5 68.10338016070145 0
92.5427 68.0308 1
85.8595 79.39070000000001 1
87.2595 69.91159999999999 0
86.5 69.64315571889912 1
86.5 75.05401175 0
83.11009999999999 68.44499999999999 0
71.5 36.1331996214511 1
71.5 100 0
74.5 100 1
74.5 37.55733278657837 0
73.97829999999999 38.1247 1
82.5257 28.8291 1
85.72450000000001 22.9326 0
78.40649999999999 18.4376 1
79.33600000000001 16.68009194466703 1
79.33600000000001 14.0102 0
79.33600000000001 11.69273236484162 1
70.33870459892586 1.09669 0
74.27431379677759 1.09669 1
79.33600000000001 7.057797094524862 0
79.33600000000001 16.09424727854493 1
72.88624222942335 28.28951488127205 0
73.6643 27.4042 1
68.2723 33.5395 1
68.2723 27.38826987052423 1
72.45519999999999 19.4792 0
71.5 18.34525075102702 1
71.5 21.28530187676606 0
75.38264022773419 17.15241087584609 1
68.2723 30.59671450833761 0
68.5 26.95773239424739 1
68.5 14.7838523560114 0
65.5 11.22245396099578 1
65.5 100 0
68.5 100 1
68.5 33.72247406940063 0
68.2723 33.5395 0
41.5 65.71425058519424 1
41.5 13.42596964572275 0
41.643 13.3843 0
41.643 6.35795647456559 1
40.76519558012335 2.34091 0
0 0 1
0 100 0
2.5 100 1
2.5 0 0
5.5 0 1
5.5 100 0
8.5 100 1
8.5 0 0
11.5 0 1
11.5 62.76249174464192 0
8.718589999999999 63.1234 1
13.4202 93.804 0
14.5 93.82156115930684 1
14.5 100 0
11.5 100 1
11.5 81.2736352696204 0
13.4202 93.804 0
18.0195 93.87880000000001 0
17.5 90.74795120288152 1
17.5 0 0
14.5 0 1
14.5 72.66797739853999 0
41.5 70.1656131602434 1
41.5 91.05758142913231 0
40.4704 93.85050000000001 1
45.05500000000001 81.41419999999999 0
44.5 82.91970680539197 1
44.5 73.84447725760648 0
47.5 77.52334135496957 1
47.5 82.24815281173244 0
50.5 83.27140779545326 1
50.5 73.83913127650422 0
51.5994 71.4306 1
48.34520000000001 78.5598 1
38.48520000000001 66.46860000000001 0
38.5 66.48674906288034 1
38.5 100 0
35.5 100 1
35.5 29.20214890603263 0
33.18519999999999 30.0646 0
32.5 29.93143775891341 1
32.5 100 0
29.5 100 1
29.5 23.43096217359926 0
32.5 21.99102646962341 1
32.5 24.0658767003367 0
32.13079999999999 24.0409 1
31.4182 29.7212 0
26.5 24.87089787757512 1
26.5 100 0
23.5 100 1
23.5 22.54819572049601 0
22.1129 19.5367 1
24.9193 25.6296 0
12.8278 62.5902 1
18.0195 93.87880000000001 0
17.5 93.87035119257277 1
17.5 100 0
20.5 100 1
20.5 0 0
23.5 0 1
23.5 18.80665548692338 0
26.5 17.22772567708281 1
26.5 0 0
29.5 0 1
29.5 15.64879586724224 0
32.0046 14.3306 1
30.8273 9.850639999999999 0
32.5 8.99702697507573 1
32.5 0 0
35.5 4.957453330633731 1
35.5 25.03645214589235 0
41.643 13.3843 1
41.643 0 0
41.643 1.5 1
35.123 1.5 0
35.123 0 1
35.123 3.22656 1
39.2298 2.34091 1
35.123 2.34091 0
35.123 3.22656 1
37.5925 14.5646 0
38.5 14.3001580175287 1
38.5 66.46489681194802 0
44.056 65.07470000000001 0
44.5 65.09899883320122 1
44.5 0 0
47.5 0 1
47.5 65.26318013861496 0
49.4811 65.3716 0