9.52558 65.8214
3.72456 63.8862
1.36737 68.8167
7.63758 70.4913

29.9122 52.1414
9.90756 30.219
3.11363 36.8055
22.9923 58.5236

26.1072 29.0376
22.4858 22.0299
14.2793 27.0415
18.3912 33.9128

27.0451 21.586
27.0196 16.4807
20.338 17.1347
20.5685 22.0668

31.3109 36.1641
24.6774 34.0033
23.2271 41.4413
29.0132 43.7776

17.2223 72.3721
15.776 68.4277
4.88966 72.4449
6.62004 76.2927

39.3787 66.4611
25.2019 56.841
20.1547 61.8061
28.0005 67.3861
33.5519 73.3715

74.9761 32.8137
74.6185 29.9289
36.7185 32.7977
36.871 35.5935

80.6773 4.59351
79.3449 3.35973
76.5811 2.8431
73.3163 9.43851
76.1693 10.8159
78.6815 8.58136

55.1326 51.5011
54.2697 47.1856
38.8707 48.9231
39.7693 55.4705
52.3013 53.9241

26.8543 93.7009
24.9803 86.8063
21.2567 87.8601
21.5963 92.6676
22.357 95.082

75.6634 57.1357
61.1542 45.5101
49.4777 59.663
64.6149 71.4413

75.0247 72.2613
53.72 72.5229
54.5405 90.8582
73.8817 89.3832

96.6916 43.6051
96.1731 38.8136
88.6993 39.2617
89.4789 44.3284