49.56489999999999 49.2402 0
49.35999574093375 49.5 1
0 49.5 0
0 52.5 1
21.07196905501484 52.5 0
21.6646 52.0915 1
17.4612 54.9889 0
3.42412 37.166 1
2.48303 28.7592 1
2.48303 37.166 1
3.42412 37.166 1
27.7164 34.7654 0
27.66894902552225 34.5 1
80.38483432327715 34.5 0
77.94612614027207 31.5 1
27.13257779932312 31.5 0
26.59620657312399 28.5 1
75.50741795726699 28.5 0
75.33240000000001 28.2847 0
75.7265834708729 28.5 1
100 28.5 0
100 31.5 1
81.21915389641259 31.5 0
86.71172432195229 34.5 1
100 34.5 0
100 37.5 1
89.77655106985057 37.5 0
90.35220000000001 36.4884 1
75.33240000000001 28.2847 0
45.0523436844298 43.5 1
100 43.5 0
100 40.5 1
88.06940714888546 40.5 0
100 46.5 1
45.06469076620081 46.5 0
47.37050000000001 52.02249999999999 0
47.84482075426833 52.5 1
21.94699847001668 52.5 0
24.02091624247698 55.5 1
100 55.5 0
100 58.5 1
28.90480529520784 58.5 0
28.368 57.63160000000001 1
26.4315 58.98699999999999 0
27.12729127932714 58.5 1
26.09483401493728 58.5 0
36.54202343358617 48.6484 1
35.0805551282612 42.291 0
36.42659999999999 41.4511 1
45.0373 39.84480000000001 0
45.03999660265879 40.5 1
85.26225068928727 40.5 0
82.82354250628219 37.5 1
0 37.5 0
0.9830300000000001 37.166 1
0.9830300000000001 23.6261 0
0 22.5 1
25.35582923739767 22.5 0
25.7248 23.6261 1
2.48303 23.6261 0
2.48303 24.15075689859425 1
4.858583752321374 23.6261 0
2.48303 27.22305229953142 1
18.76939458410713 23.6261 0
22.08749662214563 19.5 1
0 19.5 0
0 16.5 1
18.81916400689358 16.5 0
15.55083139164153 13.5 1
0 13.5 0
0 10.5 1
18.37895989461714 10.5 0
21.69096237135723 7.5 1
0 7.5 0
0 4.5 1
25.00296484809732 4.5 0
26.2224 3.39544 0
27.38757623244661 4.5 1
63.65293261964177 4.5 0
63.41165805899963 1.5 1
0 1.5 0
0 0 1
100 0 0
100 1.5 1
70.51132289109961 1.5 0
70.3235 0.137133 1
63.2535 0.5836950000000001 0
70.3235 0.137133 0
70.73339999999999 3.11142 0
70.38091607037117 4.5 1
100 4.5 0
100 7.5 1
30.55221074513931 7.5 0
33.71684525783201 10.5 1
100 10.5 0
100 13.5 1
36.88147977052469 13.5 0
37.8103 14.3805 1
26.2224 3.39544 1
15.3105 13.2794 1
27.9535 24.8844 0
26.05983534692485 25.5 1
100 25.5 0
100 22.5 1
30.19100739439637 22.5 0
33.00619032645018 19.5 1
100 19.5 0
100 16.5 1
35.82137325850398 16.5 0
41.5250478428687 40.5 1
0 40.5 0
0 43.5 1
28.23527283950617 43.5 0
25.0035 44.18640000000001 1
33.9276 42.291 1
34.0274 47.15260000000001 1
34.37126137274753 48.6484 0
34.0274 47.15260000000001 1
25.9511 48.6484 0
25.4948418556701 46.5 1
0 46.5 0
0 55.5 1
17.76745752736436 55.5 0
19.56509513662493 58.5 1
0 58.5 0
0 61.5 1
22.49057335070859 61.5 0
23.3999 62.87869999999999 1
25.63921488700868 62.87869999999999 0
25.6284495709934 62.85023334589788 1
25.59795813837479 62.87869999999999 0
26.25234654599979 64.5 1
0 64.5 0
0 67.5 1
39.03890954271178 67.5 0
45.74368151306977 64.5 1
28.80971449543405 64.5 0
26.8204 66.00210000000001 1
31.4032 62.54170000000001 0
30.75926854442883 61.5 1
52.44845348342776 61.5 0
52.7714 61.35550000000001 1
34.5856 69.49260000000001 0
35.04365853970494 70.5 1
0 70.5 0
0 73.5 1
36.4077399563367 73.5 0
37.77182137296845 76.5 1
0 76.5 0
0 79.5 1
39.13590278960019 79.5 0
40.49998420623194 82.5 1
0 82.5 0
0 85.5 1
41.86406562286369 85.5 0
0 88.5 1
78.95366213187759 88.5 0
78.83410000000001 89.2431 1
85.47620000000001 90.91560000000001 0
89.64361442560718 91.5 1
0 91.5 0
0 100 1
100 100 0
100 97.5 1
0 97.5 0
0 94.5 1
100 94.5 0
100 91.5 1
92.50991819312574 91.5 0
90.69669999999999 92.77189999999999 1
94.13509999999999 90.36000000000001 0
100 88.5 1
85.88504055299538 88.5 0
86.39279086719731 85.5 1
100 85.5 0
100 80.2908380191779 1
99.86322913459566 80.91829999999999 0
100 82.5 1
85.17427416378317 82.5 0
86.84979999999999 82.7998 1
80.06610000000001 81.58600000000001 0
79.91904066944406 82.5 1
71.51392797991403 82.5 0
71.286 80.45920000000001 1
64.5351 81.21940000000001 0
64.70531808499123 82.5 1
53.76121194827402 82.5 0
60.15011864913969 79.5 1
90.62436026419707 79.5 0
89.54911581139527 76.5 1
59.55379425414179 76.5 0
60.7675 79.21010000000001 1
42.83320000000001 87.63140000000001 0
47.37230524740836 85.5 1
65.10407980213452 85.5 0
65.1491 85.83869999999999 1
71.8109 85.15899999999999 0
68.46872874797705 85.5 1
79.43635140066081 85.5 0
80.06610000000001 81.58600000000001 0
88.47387135859344 73.5 1
58.21025813459836 73.5 0
56.86672201505495 70.5 1
87.39862690579164 70.5 0
87.32060000000001 70.28229999999999 1
95.66319999999999 72.01589999999999 1
97.19806381501482 72.01589999999999 1
96.5992 74.76329999999999 1
95.66319999999999 72.01589999999999 0
88.36823729810797 70.5 1
97.52849173129238 70.5 0
97.57594483332656 70.28229999999999 1
100 70.28229999999999 1
100 80.91829999999999 1
91.1327 80.91829999999999 1
95.52549999999999 79.6891 1
95.25756544317673 80.91829999999999 0
96.79278667364972 80.91829999999999 1
99.11116606379954 70.28229999999999 0
100 67.5 1
55.52318589551152 67.5 0
54.1796497759681 64.5 1
100 64.5 0
100 61.5 1
52.83611365642467 61.5 0
50.68777151443258 52.5 1
100 52.5 0
100 49.5 1
49.76406162139219 49.5 0
49.56489999999999 49.2402 0