52.6148 55.6687 0
52.5 55.67035563941927 1
52.5 31.33227370513304 0
54.3784 27.0401 1
47.4858 42.7898 0
46.5 42.39086196357017 1
46.5 55.75688731638479 0
43.5 55.80015315486754 1
43.5 41.17680829214648 0
42.2239 41.08350662740951 1
41.58351587616825 40.40123676322543 0
39.57470000000001 39.5883 1
42.2239 40.66039032877855 1
42.2239 43.2753 1
39.01220000000001 46.7444 0
37.5 46.59459045279199 1
37.5 55.88668483183305 0
40.5 55.8434189933503 1
40.5 45.13736105489305 0
47.4858 42.7898 0
49.5 38.18732114731742 1
49.5 55.71362147790202 0
58.5 54.99686711330175 1
58.5 18.25152042484569 0
60.14579999999999 17.7866 1
59.1198 13.4601 0
58.5 13.63518669298782 1
58.5 0 0
61.5 0 1
61.5 37.05749782584422 0
64.5 0 1
64.5 19.30778347594138 0
64.46889999999999 19.3041 1
58.1998 56.792 0
52.5 58.71709139213603 1
52.5 100 0
49.5 100 1
49.5 65.5543544285222 0
46.5 65.43467260174984 1
46.5 100 0
43.5 100 1
43.5 65.31499077497747 0
40.5 65.19530894820514 1
40.5 80.43137200373997 0
43.187 81.8143 1
37.7033 92.21539999999999 0
40.5 86.91081434250597 1
40.5 100 0
37.5 100 1
37.5 92.12269373116453 0
34.5 90.75467205626833 1
34.5 100 0
31.5 100 1
31.5 89.38665038137216 0
28.5 88.01862870647597 1
28.5 100 0
25.5 100 1
25.5 70.21040434102463 0
22.5 72.56735673552103 1
22.5 100 0
19.5 100 1
19.5 69.29463256962424 0
16.5 65.57945233983804 1
16.5 100 0
13.5 100 1
13.5 72.01641507361217 0
13.1331 72.73699999999999 1
15.3542 68.37479999999999 0
13.5 67.71935202205532 1
13.5 61.86427211005186 0
22.2814 72.73910000000001 1
9.214469999999999 56.55710000000001 0
10.5 58.14909188026567 1
10.5 66.65887098773646 0
10.0947 66.51560000000001 1
7.888579999999999 70.27789999999999 0
10.5 71.5023672385652 1
10.5 100 0
1.5 100 1
1.5 0 0
4.5 0 1
4.5 100 0
7.5 100 1
7.5 0 0
10.5 0 1
10.5 55.59543945242744 0
13.5 53.35124317329145 1
13.5 0 0
16.5 0 1
16.5 52.36861310342874 0
15.8167 51.6182 1
29.9443 67.13339999999999 0
28.5 67.97417753619632 1
28.5 85.4565882679411 0
27.5164 87.5701 1
32.7056 76.41980000000001 0
31.5 79.01033451013643 1
31.5 53.24984436681223 0
28.5 56.40482650258039 1
28.5 65.54724216993685 0
37.5 65.07562712143277 1
37.5 78.88735116682886 0
34.5 77.34333032991776 1
34.5 64.95594529466044 0
34.2482 64.94589999999999 1
33.9072 55.9385 0
34.5 55.9299506703158 1
34.5 49.37725909470936 0
31.5 52.28810259560134 1
31.5 52.15992773662673 0
31.4375 52.2179 1
31.9422 52.7848 1
28.1637 56.7585 1
25.1505 52.1756 1
23.035 46.946 1
22.4469 40.4074 0
22.5 40.26998064168433 1
22.5 0 0
19.5 0 1
19.5 55.66327037005578 0
25.5 52.70716894663481 1
25.5 62.25258490330984 0
22.5 58.95792763668281 1
22.5 40.99777520829791 0
22.4469 40.4074 1
25.2302 33.20440000000001 1
30.7247 27.4488 0
28.5 29.77921829465829 1
28.5 0 0
25.5 0 1
25.5 32.92177903721904 0
30.7247 27.4488 1
33.50109999999999 31.4804 0
32.3519 32.7576 1
39.57470000000001 40.45282321312804 0
37.5 38.24242286973258 1
37.5 17.86478130056062 0
31.5 28.57461021466647 1
31.5 0 0
35.7627 16.8557 1
37.63209999999999 12.2247 0
37.5 12.55194676366749 1
37.5 0 0
34.5 0 1
34.5 35.04620123277958 0
43.5 31.22758947044665 1
43.5 15.57106775383421 0
44.5299 17.9938 1
47.2863 11.5314 0
49.5 12.39063310875571 1
49.5 0 0
46.5 0 1
46.5 13.37488611232042 0
40.5 13.4891422745948 1
40.5 0 0
43.5 0 1
43.5 14.81182675584743 0
43.8143 14.9504 1
41.2388 20.0364 0
40.5 19.60728052446084 1
40.5 37.61745307033966 0
39.57470000000001 39.5883 1
47.0527 23.6605 0
46.5 24.83772587055363 1
46.5 18.91715960330908 0
47.5398 19.4045 1
50.83369999999999 12.9083 0
49.5 15.53861116305899 1
49.5 24.78952454099949 0
52.5 26.17352879997816 1
52.5 0 0
55.5 0 1
55.5 100 0
58.5 100 1
58.5 56.84871644677062 0
60.9511 57.31180000000001 1
67.35560000000001 19.646 0
82.5 17.02009081171393 1
82.5 0 0
79.5 0 1
79.5 20.09210877007759 0
76.5 23.16412672844125 1
76.5 0 0
73.5 0 1
73.5 54.77101746114724 0
72.94550000000001 55.5461 1
84.23169999999999 39.7702 0
94.5 26.3489446991404 1
94.5 47.61487536031156 0
91.5 45.3229647148362 1
91.5 29.42920612021506 0
88.5 32.50946754128972 1
88.5 43.03105406936083 0
85.5 40.73914342388547 1
85.5 33.89575573886567 0
86.38319999999999 34.6829 1
95.70150000000001 25.1153 0
94.5 23.95458825224661 1
94.5 16.9491397723477 0
96.1337 16.8141 1
94.0308 4.18164 0
94.5 7.000200194017784 1
94.5 0 0
91.5 0 1
91.5 4.522072278795406 0
90.16560000000001 4.70157 1
92.24180000000001 17.1358 0
91.5 21.05643157870507 1
91.5 12.69320689047298 0
88.5 18.15827490516352 1
88.5 0 0
85.5 0 1
85.5 15.26011823162198 0
84.8407 14.6232 1
75.0848 24.6133 0
76.5 25.87458459958932 1
76.5 50.57760426627209 0
79.5 46.38419107139693 1
79.5 28.54830831268144 0
82.5 31.22203202577356 1
82.5 42.19077787652176 0
64.5 36.44020071512217 1
64.5 100 0
61.5 100 1
61.5 54.08363892263253 0
65.5522 58.88630000000001 0
67.5 60.66970305227656 1
67.5 100 0
70.5 100 1
70.5 63.00034112670244 0
85.3391 67.41470000000001 1
98.81630000000001 50.91240000000001 0
97.5 49.90678600578693 1
97.5 0 0
100 0 1
100 100 0
97.5 100 1
97.5 52.52415744887662 0
94.5 56.19753916021132 1
94.5 100 0
91.5 100 1
91.5 59.87092087154602 0
88.5 63.54430258288072 1
88.5 100 0
85.5 100 1
85.5 67.21768429421542 0
85.3391 67.41470000000001 0
82.5 64.69586590336948 1
82.5 100 0
79.5 100 1
79.5 61.82294762296669 0
76.5 58.95002934256391 1
76.5 100 0
73.5 100 1
73.5 56.07711106216111 0
70.5 59.14503413478154 1
70.5 0 0
67.5 0 1
67.5 57.19824121000228 0
68.18360000000001 56.6058 1
72.2346 61.04649999999999 1
70.2962 63.2299 0
52.2384 65.6636 1
52.6148 55.6687 0
52.6148 55.6687 0