48.4148 64.12780000000001 0
43.99248735903907 65.5 1
23.18005854984896 65.5 0
27.3095 64.9546 1
19.7911 65.94759999999999 0
19.72074832721552 65.5 1
0 65.5 0
0 68.5 1
33.32044032170874 68.5 0
34.37666024391852 71.5 1
0 71.5 0
22.48085477939801 86.5 1
0 86.5 0
0 89.5 1
17.61376482966807 89.5 0
12.74667487993813 92.5 1
0 92.5 0
0 95.5 1
10.51857696882877 95.5 0
12.55803514425082 98.5 1
0 98.5 0
9.7393 94.3537 1
22.7453 86.33699999999999 0
22.85611351660108 86.5 1
83.4810513882436 86.5 0
84.5461 85.66970000000001 1
76.53970000000001 91.91139999999999 0
76.91919129494647 92.5 1
25.4058962962963 92.5 0
25.3792 92.51589999999999 1
26.4944 91.85169999999999 0
24.89562609208117 89.5 1
79.63286900203471 89.5 0
82.23310000000001 81.78229999999999 0
92.9701 65.07210000000001 1
84.4127 62.6052 0
84.44811269674133 62.5 1
26.97550262257298 62.5 0
32.90009999999999 67.30609999999999 1
38.3265 67.25810000000001 1
48.4148 64.12780000000001 0
49.48680554360064 68.5 1
100 68.5 0
100 71.5 1
48.754517772379 71.5 0
37.08922156606242 74.5 1
100 74.5 0
98.5 74.6557 1
98.5 97.64599999999999 0
100 98.5 1
15.78611947432314 98.5 0
13.4883 99.86840000000001 1
19.4362 96.3263 0
20.2603 97.38489999999999 1
25.8267 93.52760000000001 0
22.98036516475255 95.5 1
78.85339769120776 95.5 0
80.23699999999999 97.64599999999999 1
90.07749999999999 97.64599999999999 1
90.07749999999999 91.47989999999999 0
89.5 90.4078066224572 1
89.5 86.03588166018702 0
87.84569999999999 87.33670000000001 1
90.07749999999999 91.47989999999999 0
90.07749999999999 93.25004808570185 1
83.0619853614682 97.64599999999999 0
88.71195608440462 97.64599999999999 1
90.07749999999999 96.79034425710557 0
92.5 97.64599999999999 1
92.5 83.67690504201681 0
95.5 81.31792842384661 1
95.5 97.64599999999999 0
98.5 74.6557 0
96.9254 74.6557 1
96.9254 80.19710000000001 0
96.9254 77.69580908615927 1
94.64715605404888 74.6557 0
92.77269999999999 74.6557 1
82.23310000000001 81.78229999999999 0
83.25513017440963 83.5 1
0 83.5 0
0 80.5 1
84.12950629192042 80.5 0
88.56623628939465 77.5 1
0 77.5 0
0 74.5 1
35.43288016612829 74.5 0
35.57040000000001 74.89060000000001 1
50.1353 71.14490000000001 0
48.4148 64.12780000000001 0