48.4148 64.12780000000001 0
68.74850000000001 49.6392 1
72.3305 48.6114 0
78.31553990210011 50.5 1
85.01555309897361 50.5 0
84.37219999999999 52.41119999999999 1
72.3305 48.6114 0
68.08814492929073 5.499999999999995 1
0 5.499999999999995 0
0 8.499999999999996 1
100 8.499999999999996 0
100 0 1
0 0 0
0 2.499999999999995 1
100 2.499999999999995 0
100 5.499999999999995 1
72.73001099615848 5.499999999999995 0
71.81979999999999 3.57338 1
67.88730000000001 5.04354 0
46.4597 27.7353 0
43.02903169868353 26.49999999999999 1
20.88956950202727 26.49999999999999 0
21.5849 25.9981 1
10.0699 34.3098 0
8.21967760683448 34.3098 1
1.87289 25.52086100835074 0
1.87289 22.9587 1
1.87289 34.3098 0
1.87289 30.64518302505223 1
4.51923282050344 34.3098 0
0 38.5 1
100 38.5 0
100 35.5 1
0 35.5 0
0.3728899999999999 34.3098 1
0.3728899999999999 14.7126 0
0 14.5 1
13.40942892659506 14.5 0
13.70231460308891 14.7126 1
8.704660000000001 11.0849 0
9.67427 9.601939999999999 1
18.9902 10.5174 0
18.90633716993906 11.5 1
100 11.5 0
100 14.5 1
38.98701713062097 14.5 0
40.551 14.8525 1
33.92059999999999 13.3581 0
33.59644018339506 14.5 1
17.44783472509175 14.5 0
15.8495 16.2712 1
14.1386566027203 16.2712 1
12.9455 14.7126 0
10.434162470026 14.7126 1
1.87289 21.08843270024695 0
1.87289 17.34789810074086 1
5.411487410078006 14.7126 0
9.276517216898359 11.5 1
0 11.5 0
1.87289 14.7126 1
12.9455 14.7126 1
13.70231460308891 14.7126 1
15.8495 16.2712 0
19.67252703114616 23.49999999999999 1
40.09477567518579 23.49999999999999 0
41.45740000000001 19.704 0
43.51070605050388 20.49999999999999 1
100 20.49999999999999 0
100 17.49999999999999 1
39.60449415469105 17.49999999999999 0
38.53196628465257 20.49999999999999 1
41.1716652891064 20.49999999999999 0
41.45740000000001 19.704 1
48.1892 22.3137 0
47.81076819942453 23.49999999999999 1
100 23.49999999999999 0
100 26.49999999999999 1
46.85376288733953 26.49999999999999 0
46.4597 27.7353 1
39.477 25.221 0
38.3767 20.9343 1
32.1498 19.596 0
32.7448074223697 17.49999999999999 1
15.07934108457755 17.49999999999999 0
17.37593405786185 20.49999999999999 1
36.35597021594559 20.49999999999999 0
16.7333800341687 29.49999999999999 1
100 29.49999999999999 0
100 32.5 1
12.57719056631015 32.5 0
10.22304075541846 44.5 1
90.50731936350829 44.5 0
89.49745158571378 47.5 1
12.71377676751169 47.5 0
15.20451277960493 50.5 1
68.54595409556711 50.5 0
67.8400552650622 53.5 1
17.69524879169816 53.5 0
24.4463323258607 59.5 1
0 59.5 0
0 62.5 1
19.24922237021499 62.5 0
18.8919 60.2266 1
26.5302 59.2274 0
26.56729267704987 59.5 1
85.45798047453582 59.5 0
85.71377998265118 58.7401 1
89.12332923630018 48.6114 0
87.2340045114706 48.6114 1
83.82445525782157 58.7401 0
82.46960000000001 58.7401 1
67.7405 53.92310000000001 0
75.61997224205936 56.5 1
0 56.5 0
0 53.5 1
12.92868371080067 53.5 0
10.35425397768974 50.5 1
0 50.5 0
0 47.5 1
7.779824244578814 47.5 0
7.17449 46.7946 1
10.0682 44.3135 0
9.850684819233408 44.5 1
0 44.5 0
0 41.5 1
100 41.5 0
98.75729999999999 42.6615 1
98.75729999999999 65.07210000000001 1
100 65.07210000000001 1
100 42.6615 1
98.75729999999999 42.6615 1
91.12620000000001 42.6615 0
94.05890174761194 42.6615 1
98.75729999999999 45.45809086396417 0
98.75729999999999 52.0719116735775 1
94.54681165842089 65.07210000000001 0
97.70023497526265 65.07210000000001 1
98.75729999999999 61.80833502073251 0
100 65.5 1
48.75124526941329 65.5 0
48.4148 64.12780000000001 0