46.0536 59.0766 0
0 100 1
100 100 0
100 97.5 1
0 97.5 0
0 94.5 1
100 94.5 0
100 91.5 1
0 91.5 0
0 88.5 1
100 88.5 0
100 85.5 1
0 85.5 0
0 82.5 1
100 82.5 0
100 79.5 1
0 79.5 0
0 76.5 1
100 76.5 0
100 73.5 1
0 73.5 0
0 70.5 1
100 70.5 0
100 67.5 1
0 67.5 0
0 64.5 1
100 64.5 0
100 61.5 1
0 61.5 0
68.70890147796823 37.5 1
0 37.5 0
0 40.5 1
65.55891934760919 40.5 0
62.40893721725016 43.5 1
0 43.5 0
0 46.5 1
59.25895508689113 46.5 0
56.1089729565321 49.5 1
0 49.5 0
0 52.5 1
52.95899082617306 52.5 0
49.80900869581404 55.5 1
0 55.5 0
0 58.5 1
46.65902656545501 58.5 0
46.0536 59.0766 0