49.4062 44.33799999999999 0
49.4062 44.33799999999999 1
45.17230000000001 39.25920000000001 0
44.5 39.85835263681592 1
44.5 100 0
47.5 100 1
47.5 83.61559183258584 0
50.5 86.82024874669909 1
50.5 100 0
53.5 100 1
53.5 90.02490566081235 0
54.5099 91.1037 0
56.5 89.06278284481209 1
56.5 100 0
59.5 100 1
59.5 85.9861779176407 0
62.5 82.90957299046934 1
62.5 100 0
65.5 100 1
65.5 73.40066612296536 0
68.5 75.77958150662494 1
68.5 100 0
71.5 100 1
71.5 78.15849689028454 0
72.3931 78.86670000000001 1
75.47479999999999 75.5035 1
73.786 70.7534 0
74.5 72.76167297489343 1
74.5 0 0
71.5 0 1
71.5 12.20861405213451 0
71.75489999999999 12.7513 1
67.82660000000001 4.387890000000001 1
64.33959999999999 8.291080000000001 0
65.5 9.318363268328326 1
65.5 66.09578198906166 0
71.5 68.92918067846608 1
71.5 12.95245358052196 0
70.49809999999999 13.7431 0
64.33799999999999 15.00987966270527 1
55.22967410692452 5.729290000000001 0
51.02622436208894 5.729290000000001 1
64.33799999999999 19.29282833050377 0
64.33799999999999 23.57577699830226 1
46.82277461725336 5.729290000000001 0
40.5176 5.729290000000001 1
13.0174 5.729290000000001 0
16.17369869392709 5.729290000000001 1
13.0174 8.638883852521953 0
13.0174 12.71908678842705 1
20.59986256775852 5.729290000000001 0
25.02602644158996 5.729290000000001 1
13.0174 16.79928972433216 0
13.0174 20.87949266023725 1
29.4521903154214 5.729290000000001 0
33.87835418925285 5.729290000000001 1
13.0174 24.95969559614235 0
13.0174 29.03989853204745 1
38.30451806308427 5.729290000000001 0
42.61932487241779 5.729290000000001 1
64.33799999999999 27.85872566610075 0
64.33799999999999 30.0002 1
64.33799999999999 5.729290000000001 0
63.63657359659567 5.729290000000001 1
64.33799999999999 6.443982327108282 0
65.5 6.99218075250932 1
65.5 0 0
68.5 0 1
68.5 5.821568765369245 0
67.82660000000001 4.387890000000001 0
64.33799999999999 4.5 1
13.0174 4.5 0
13.0174 1.5 1
64.33799999999999 1.5 0
59.4331238517601 5.729290000000001 1
64.33799999999999 10.72693099490678 0
68.5 11.97421453081108 1
68.5 70.02873820058997 0
65.5 71.12829572271386 1
65.5 66.84335024565445 0
65.8229 66.3458 1
62.8716 70.89340000000001 0
62.5 70.59375802604114 1
62.5 77.52387855454904 0
59.5 74.32783680582907 1
59.5 68.17468934499553 0
58.8472 67.64830000000001 1
60.46559999999999 62.1977 0
62.5 63.77291412651896 1
62.5 30.84167327130555 0
63.02760000000001 31.2343 0
77.5 32.45850334805858 1
77.5 0 0
80.5 0 1
80.5 22.73797323878168 0
80.86920000000001 21.5417 0
82.5197 20.6697 1
86.59110000000001 26.1961 0
86.5 26.0724435083755 1
86.5 0 0
83.5 0 1
83.5 22.0003307216191 0
82.5197 20.6697 0
80.86920000000001 21.5417 1
75.27789999999999 39.6585 0
79.00129999999999 41.3687 1
84.30260000000001 53.1686 0
83.5 51.38213257880143 1
83.5 100 0
86.5 100 1
86.5 52.23175909821249 0
89.5 50.95273720626632 1
89.5 100 0
92.5 100 1
92.5 49.67371531432015 0
94.26060000000001 48.92310000000001 1
89.89519999999999 37.3373 0
92.5 44.25045614605763 1
92.5 27.2306316271646 0
95.5 25.43500017710338 1
95.5 100 0
98.5 100 1
98.5 0 0
95.5 0 1
95.5 24.84968626538577 0
95.74709999999999 25.2871 1
92.4161 19.3906 0
92.5 19.53911886820774 1
92.5 0 0
89.5 0 1
89.5 21.28851595951647 0
87.84139999999999 22.368 1
91.17349999999999 28.0246 0
89.5 25.18365281954323 1
89.5 37.483547834109 0
86.5 38.59372876104976 1
86.5 26.26315949152156 0
83.5 28.47148522768712 1
83.5 39.70390968799053 0
80.5 40.81409061493129 1
80.5 30.67981096385267 0
77.8159 32.65560000000001 1
79.727 36.6362 0
77.5 38.14901429952126 1
77.5 100 0
74.5 100 1
74.5 76.56734377454003 0
80.5 100 1
80.5 44.70458178937241 0
53.5 37.59968508215006 1
53.5 31.52817706151486 0
50.5 34.41442919437175 1
50.5 34.24465595710356 0
50.41370000000001 34.3228 1
55.0759 39.27290000000001 0
53.5 40.68075069580401 1
53.5 72.83498512349226 0
50.5 75.67396655179016 1
50.5 43.36083958939626 0
42.1138 51.6182 0
41.5 51.0017187012987 1
41.5 42.53194762483876 0
38.5 45.20554261286162 1
38.5 47.98861362455726 0
37.0318 46.514 1
42.1138 51.6182 0
41.5 52.11419637797576 1
41.5 100 0
38.5 80.51848603227117 1
38.5 100 0
35.5 100 1
35.5 84.18355655290497 0
32.5 87.84862707353881 1
32.5 100 0
29.5 100 1
29.5 91.51369759417261 0
29.1495 91.9419 1
39.48690000000001 79.31280000000001 0
38.5 78.4555309102569 1
38.5 54.53842109926488 0
29.5 64.5363320067863 1
29.5 49.41948968043219 0
26.5 46.08151696731069 1
26.5 63.62827272788557 0
23.5 62.72021344898486 1
23.5 42.74354425418917 0
20.5 39.40557154106767 1
20.5 60.69801603007127 0
16.795 50.8013 1
16.7727 44.4641 0
17.5 44.48279900714002 1
17.5 36.06759882794616 0
14.5 32.72962611482465 1
14.5 67.67117868212324 0
12.7105 73.7115 1
16.808 59.8807 0
17.5 60.03389141192018 1
17.5 50.80306493840173 0
32.5 52.75746239355371 1
32.5 64.4972459503513 0
35.5 65.20341925245901 1
35.5 56.09543510667521 0
35.9515 56.59780000000001 1
13.0174 31.08 1
13.0174 0 0
11.5 0 1
11.5 73.4615007428979 0
11.0279 73.364 1
8.94875 77.79560000000001 0
11.5 78.40149242235384 1
11.5 100 0
8.5 100 1
8.5 0 0
5.5 0 1
5.5 100 0
2.5 100 1
2.5 0 0
0 0 1
0 100 0
14.5 100 1
14.5 79.11395778915892 0
16.6906 79.63419999999999 0
17.5 79.50331527069039 1
17.5 100 0
20.5 100 1
20.5 79.01819766761554 0
23.5 78.53308006454068 1
23.5 100 0
26.5 100 1
26.5 89.59599599652711 0
23.9665 87.3528 1
23.9665 78.45764427726252 0
24.3137 78.4015 1
29.6616 74.59370000000001 0
28.14461558989808 75.67381990440848 1
23.9665 80.84418990426141 0
23.9665 85.61728115825917 1
33.10850000000001 74.30416127882361 0
34.18510000000001 74.70740000000001 1
33.10850000000001 76.03968012056447 1
33.10850000000001 70.12799999999999 0
33.10850000000001 70.3282008846613 1
29.6616 74.59370000000001 1
33.10850000000001 70.12799999999999 1
35.5441 65.21379999999999 0
35.5 65.30277857612089 1
35.5 75.84958575955335 0
59.5 65.4497386554622 1
59.5 28.60914827872909 0
56.5 28.81169816592616 1
56.5 71.13179505710909 0
55.9354 70.53030000000001 1
65.07579999999999 80.268 1
54.5099 91.1037 1
44.9671 80.90989999999999 0
47.5 78.51294798008809 1
47.5 42.05140641961312 0
49.4062 44.33799999999999 0