41.713 52.2516
9.17674 42.9464
9.16966 54.1361
40.7079 54.9612

25.9549 16.5179
20.4678 9.99675
14.4999 15.7162
20.5225 22.2019

31.7326 72.8978
28.511 70.7637
24.0804 75.7314

42.9716 75.9859
33.8653 81.2487
37.5937 87.5788
41.5908 85.8296

47.5105 91.8211
35.0353 86.9834
36.5483 94.3937
45.6722 98.169

57.8395 28.4372
57.2967 17.7178
52.3193 29.075

88.4569 15.4293
87.7359 13.3412
57.6138 20.6671
59.5864 25.7424

86.6654 65.4616
55.7884 58.2129
54.6993 62.2109
84.8264 69.678

94.1638 33.8789
90.4064 28.3075
82.9609 36.3683
77.6232 40.2576
81.7901 47.7239

64.7428 90.8223
57.2436 88.9803
55.9148 95.031
62.4331 97.3406
63.8042 94.0885

81.9483 75.9056
63.985 71.9902
61.547 80.5296
80.1539 84.7452