24.9598 65.5926 0
26.5 67.63186405336563 1
26.5 8.934984608540969 0
28.2583 10.187 1
28.3418 8.885860000000001 1
28.2583 8.888087117392317 1
28.2583 10.187 0
23.5 9.015000802276937 1
23.5 66.63172150323544 0
24.9598 65.5926 0
24.9598 65.5926 1
38.6615 83.73400000000001 0
38.5 83.86825046673795 1
38.5 100 0
35.5 100 1
35.5 86.36206718632818 0
41.5 100 1
41.5 0 0
44.5 0 1
44.5 100 0
47.5 100 1
47.5 0 0
50.5 0 1
50.5 100 0
53.5 100 1
53.5 0 0
56.5 0 1
56.5 100 0
59.5 100 1
59.5 0 0
62.5 0 1
62.5 100 0
65.5 100 1
65.5 0 0
68.5 0 1
68.5 100 0
71.5 100 1
71.5 0 0
74.5 0 1
74.5 100 0
77.5 100 1
77.5 0 0
80.5 0 1
80.5 100 0
83.5 100 1
83.5 0 0
86.5 0 1
86.5 100 0
89.5 100 1
89.5 0 0
92.5 0 1
92.5 100 0
95.5 100 1
95.5 0 0
98.5 0 1
98.5 100 0
38.5 83.520169884029 1
38.5 0 0
36.0301 2.314474649884069 1
7.817489999999999 3.261784649884069 0
7.817489999999999 0.2600939496522058 1
15.56355957057069 0 0
5.5 0 1
5.5 100 0
2.5 100 1
2.5 0 0
0 0 1
0 100 0
20.5 100 1
20.5 74.18172983118797 0
23.5 77.9048739895822 1
23.5 100 0
26.5 100 1
26.5 81.62801814797643 0
29.5 85.35116230637067 1
29.5 100 0
32.5 100 1
32.5 88.8558839059184 0
32.3946 88.9435 1
17.7274 70.74080000000001 0
14.5 67.83312939447839 1
14.5 100 0
17.5 100 1
17.5 37.61308935258165 0
17.1921 37.6331 1
17.0998 33.1063 0
17.5 33.12351213949773 1
17.5 9.175033189748873 0
20.5 9.095016996012905 1
20.5 33.49858488549619 0
20.4805 33.2517 1
20.808 37.3981 0
20.5 37.41811714649188 1
20.5 68.76719520491125 0
16.7948 64.53999999999999 1
14.2086 68.25129999999999 0
11.5 65.74038466651635 1
11.5 100 0
8.5 100 1
8.5 62.95933689259222 0
7.95477 62.4539 0
12.1981 57.22199999999999 1
16.7948 64.53999999999999 0
14.5 60.88665164139492 1
14.5 9.255049383484842 0
11.5 9.33506557722081 1
11.5 58.08273658895254 0
12.1981 57.22199999999999 1
7.95477 62.4539 0
8.5 61.78164758574044 1
8.5 9.415081770956778 0
7.96355 9.429390000000001 1
7.817489999999999 4.76263 1
7.817489999999999 0 1
36.0301 0 1
36.0301 3.81532 1
35.8806 9.85416 0
35.5 9.870779511695943 1
35.5 79.54809342636315 0
32.5 75.5760169686973 1
32.5 10.00177934114375 0
28.2583 10.187 0
29.5 10.13277917059155 1
29.5 71.60394051103148 0
24.9598 65.5926 0