56.5 46.5 0
77.5 58.5 0
77.5 60 1
95.5 60 0
95.5 61 1
77.5 61 0
77.5 63 1
95.5 63 0
95.5 62 1
77.5 62 0
77.5 59 1
95.5 59 0
87.5 58.5 1
95.5 58.5 1
95.5 64.5 0
95.5 64 1
77.5 64 0
77.5 70 1
101.5 70 0
101.5 71 1
77.5 71 0
77.5 73 1
101.5 73 0
101.5 72 1
77.5 72 0
77.5 69 1
101.5 69 0
101.5 68 1
77.5 68 0
77.5 67 1
101.5 67 0
101.5 66 1
77.5 66 0
77.5 65 1
101.5 65 0
95.5 64.5 1
101.5 64.5 1
101.5 73.5 1
77.5 73.5 1
77.5 58.5 1
57.5 58.5 1
57.5 74.5 1
56.5 74.5 1
56.5 73.5 1
38.5 73.5 1
38.5 76.5 1
19.5 76.5 1
19.5 69.5 1
35.5 69.5 0
35.5 69 1
57.5 69 0
57.5 68 1
35.5 68 0
35.5 67 1
57.5 67 0
57.5 66 1
35.5 66 0
35.5 65 1
57.5 65 0
57.5 64 1
38.5 64 0
38.5 63 1
57.5 63 0
57.5 62 1
38.5 62 0
38.5 61 1
57.5 61 0
57.5 59 1
46.5 59 0
46.5 59.5 1
46.5 26.5 1
56.5 26.5 1
56.5 20.5 1
59.5 20.5 0
59.5 19 1
98.5 19 0
98.5 18 1
59.5 18 0
59.5 16 1
98.5 16 0
98.5 17 1
59.5 17 0
59.5 20 1
98.5 20 0
98.5 21 1
56.5 21 0
56.5 22 1
77.5 22 0
77.5 21.5 0
78.5 21.5 1
77.5 21.5 1
77.5 22.5 1
75.5 22.5 1
75.5 23.5 1
75.5 37.5 1
55.5 37.5 1
55.5 38.5 1
55.5 46.5 0
56.5 46.5 0