56.5 46.5 0
56.5 46.5 1
79.5 46.5 1
83.5 42.5 1
83.5 41.5 0
83.5 41 1
106.4103761792465 41 0
105.7853761792465 40 1
83.5 40 0
83.5 39 1
105.1603761792465 39 0
104.5353761792465 38 1
83.5 38 0
83.5 37 1
103.9103761792465 37 0
103.2853761792465 36 1
83.5 36 0
83.5 35 1
102.6603761792465 35 0
102.0353761792465 34 1
83.5 34 0
83.5 32 1
103.5 32 0
103.5 31 1
83.5 31 0
83.5 28 1
103.5 28 0
103.5 27 1
83.5 27 0
83.5 29 1
103.5 29 0
103.5 30 1
83.5 30 0
83.5 33 1
101.4103761792465 33 0
101.0978761792465 32.5 0
98.5 26.5 0
98.5 26 1
84.5 26 0
84.5 25.5 0
83.75 25 1
98.5 25 0
98.5 24 1
82.25 24 0
80.75 23 1
98.5 23 0
98.5 22 1
79.25 22 0
78.5 21.5 1
84.5 25.5 1
84.5 26.5 1
83.5 26.5 1
83.5 41.5 0
83.5 42 1
113.5 42 0
113.5 43 1
83 43 0
82 44 1
113.5 44 0
113.5 45 1
81 45 0
80 46 1
113.5 46 0
113.5 47 1
46.5 47 0
46.5 46 1
55.5 46 0
55.5 46.5 0
56.5 46.5 0