56.5 46.5 0
57.5 60 1
34.5 60 0
34.5 59 1
42.5 59 0
42.5 58 1
34.5 58 0
34.5 57 1
42.5 57 0
42.5 54 1
9.5 54 0
9.5 53 1
42.5 53 0
42.5 55 1
9.5 55 0
9.5 56 1
42.5 56 0
42.5 59.5 1
42.5 51.5 1
39.5 51.5 0
39.5 42 1
10.70710678118655 42 0
11.70710678118655 41 1
39.5 41 0
39.5 43 1
9.707106781186553 43 0
9.5 44 1
39.5 44 0
39.5 45 1
9.5 45 0
9.5 46 1
39.5 46 0
39.5 47 1
9.5 47 0
9.5 48 1
39.5 48 0
39.5 49 1
9.5 49 0
9.5 50 1
39.5 50 0
39.5 51 1
9.5 51 0
9.5 52 1
42.5 52 0
39.5 51.5 1
39.5 39.5 0
44.5 35 1
29.58102496759066 35 0
28.38102496759066 36 1
44.5 36 0
44.5 37 1
27.18102496759067 37 0
25.98102496759066 38 1
44.5 38 0
44.5 39 1
24.78102496759066 39 0
24.18102496759066 39.5 1
30.18102496759067 34.5 1
44.5 34.5 1
44.5 39.5 1
39.5 39.5 0
39.5 40 1
12.70710678118655 40 0
13.70710678118655 39 1
17.5 39 0
17.5 39.5 1
24.18102496759066 39.5 0
17.5 39.5 1
17.5 38.5 1
14.20710678118654 38.5 1
9.5 43.20710678118655 1
9.5 59.5 1
22.5 59.5 1
22.5 56.5 0
22.5 58 1
9.5 58 0
9.5 59 1
22.5 59 0
9.5 57 1
22.5 57 0
22.5 56.5 1
34.5 56.5 1
34.5 60.5 1
38.5 60.5 1
38.5 64.5 1
35.5 64.5 1
35.5 69.5 0
19.5 70 1
57.5 70 0
57.5 71 1
19.5 71 0
19.5 72 1
57.5 72 0
57 73.5 1
57 74.5 0
57.5 73 1
19.5 73 0
19.5 74 1
38.5 74 0
38.5 76 1
19.5 76 0
19.5 75 1
38.5 75 0
38.5 73.5 0
42.5 59.5 1
46.5 59.5 0
56.5 46.5 0