29.5 29.5 0
29 29.5 1
29 9.5 0
28 9.5 1
28 29.5 0
27 29.5 1
27 9.5 0
26 9.5 1
26 29.5 0
25 29.5 1
25 9.5 0
24 9.5 1
24 29.5 0
21 29.5 1
21 9.5 0
20 9.5 1
20 29.5 0
22 29.5 1
22 9.5 0
23 9.5 1
23 29.5 0
48 21.5 1
48 45.5 0
47 45.5 1
47 21.5 0
46 21.5 1
46 45.5 0
45 45.5 1
45 21.5 0
44 21.5 1
44 45.5 0
43 45.5 1
43 21.5 0
42 21.5 1
42 45.5 0
41 45.5 1
41 21.5 0
40.5 21.5 0
30 9.5 1
30 40.5 0
30.5 40.5 0
31 45.5 1
31 9.5 0
32 9.5 1
32 45.5 0
33 45.5 1
33 9.5 0
33.5 9.5 0
34 8.5 1
34 45.5 0
35 45.5 1
35 8.5 0
36 8.5 1
36 45.5 0
37 45.5 1
37 8.5 0
38 8.5 1
38 45.5 0
39 45.5 1
39 8.5 0
40 8.5 1
40 45.5 0
29.5 29.5 0