21.0247 10.2965
14.1576 6.23911
4.76435 20.302
11.4023 24.914

20.1199 32.6518
19.1804 27.3613
15.459 27.9405
16.0382 31.6619
14.3765 32.0985
15.1847 36.0977
18.0452 35.606
18.0603 32.7944

26.2791 93.0289
24.1896 87.8566
19.9095 88.6948
21.5395 94.2531

37.0572 59.6941
32.7934 58.8415
34.8914 46.1877
27.9381 45.1384
24.575 59.4237
28.9882 60.3569
27.5584 69.8042
34.1902 70.1982

53.4169 42.1618
52.0025 36.512
45.1874 39.889
37.0555 40.7211
37.8528 43.8491
48.1537 43.9891

60.1789 72.2668
51.5928 72.5493
43.9002 76.8345
40.2581 80.8327
38.1196 85.0749
38.6739 88.5437
42.2136 89.9297
51.6234 90.4727
52.8232 79.1475
57.5043 78.9096
57.8209 77.6973
59.9311 77.4811

57.412 55.8783
54.2805 55.2782
51.9445 60.8682
54.2731 61.4111

78.0899 13.0276
57.4544 10.9987
56.4161 18.2238
67.6332 19.776
76.319 22.1604

69.2179 82.7923
69.1131 74.7718
60.7355 74.7484
61.0289 82.9172

85.3478 66.9653
80.8694 40.3731
74.0728 39.604
64.1694 41.7441
62.9011 52.9525
77.8304 49.0867
78.8229 56.3242
62.5302 59.4319
64.0561 71.5604

96.3342 88.8423
83.7273 80.8601
76.4319 91.6983
88.8342 99.7707