35.20010000000001 47.7394 0
28.5329 37.309 0
24.6113 40.57769999999999 1
15.7794 29.1537 0
14.5 30.22884492743836 1
14.5 0 0
11.5 0 1
11.5 32.74989759455974 0
9.856159999999999 34.1313 1
18.9953 47.4657 0
17.5 45.28399271463179 1
17.5 100 0
14.5 100 1
14.5 40.90686313788825 0
11.5 36.52973356114471 1
11.5 52.65779463199617 0
12.1027 53.5492 0
8.5 56.21680030901196 1
8.5 100 0
11.5 100 1
11.5 53.9954660521946 0
12.1027 53.5492 1
9.761420000000001 50.0864 0
8.5 50.96104424691555 1
8.5 0 0
5.5 0 1
5.5 53.04118626206251 0
2.75935 54.9415 1
5.34568 58.55240000000001 0
5.5 58.43813456582932 1
5.5 100 0
2.5 100 1
2.5 0 0
0 0 1
0 100 0
23.5 83.35471029322724 1
23.5 100 0
20.5 100 1
20.5 77.74450603506864 0
18.5167 74.03559999999999 1
26.6094 89.1695 0
26.5 88.96491455138582 1
26.5 100 0
29.5 100 1
29.5 87.66444862559092 0
32.5 86.10243585203969 1
32.5 100 0
35.5 100 1
35.5 84.54042307848846 0
38.5 82.97841030493723 1
38.5 100 0
41.5 100 1
41.5 77.87333999888614 0
44.5 76.56360203558799 1
44.5 100 0
47.5 100 1
47.5 75.25386407228982 0
48.4781 76.34049999999999 0
50.5 75.51701780828176 1
50.5 100 0
53.5 100 1
53.5 0 0
56.5 0 1
56.5 100 0
59.40219999999999 98.43881929120019 1
69.74950000000001 96.5019574730953 0
69.74950000000001 99.55406245515886 1
67.36716713835594 100 0
71.5 100 1
71.5 84.75600468095814 0
68.5 84.90096329222214 1
68.5 71.21902429827477 0
77.5 75.51793356497566 1
77.5 100 0
74.5 100 1
74.5 82.59095066524748 0
73.18440000000001 85.76740000000001 1
76.94239999999999 76.69390000000001 1
70.684 72.51861046709854 1
70.684 72.26222628032752 1
76.94239999999999 75.25159225307431 1
76.94239999999999 76.69390000000001 0
78.05199999999999 75.7816 1
79.85509999999999 70.94550000000001 0
80.5 71.17343933863214 1
80.5 100 0
86.5 100 1
86.5 73.29413406927682 0
83.5 72.23378670395448 1
83.5 100 0
69.74950000000001 93.44985249103178 1
59.40219999999999 95.38671430913664 0
60.2979 93.69300000000001 1
59.40219999999999 85.85589999999999 0
59.5 85.83604390805627 1
59.5 0 0
62.5 0 1
62.5 85.22696133309483 0
59.40219999999999 85.85589999999999 0
59.5 86.7116199732053 1
59.5 93.84235510178172 0
59.40219999999999 93.86066181810486 1
59.40219999999999 100 1
69.74950000000001 100 1
69.74950000000001 91.9238 1
68.3468 84.03989999999999 0
68.8135 83.1429 1
71.60409999999999 77.24440000000001 0
71.5 77.18189021845453 1
71.5 77.4644364975274 0
70.684 76.6919 1
72.24959999999999 73.56309999999999 0
71.5 73.06300460279579 1
71.5 75.06115089422585 0
65.5 84.6178787581334 1
65.5 69.7860545427078 0
64.81319999999999 69.458 1
67.4179 62.6161 0
68.5 63.00093923873139 1
68.5 38.66635599169281 0
71.5 40.09952789200648 1
71.5 53.62347412685745 0
69.929 53.4769 1
70.61150000000001 59.82859999999999 0
71.5 59.99902534730235 1
71.5 64.06786255098919 0
74.5 65.134785863247 1
74.5 59.84332633227878 0
80.5 63.72480422407267 1
80.5 35.06720733023978 0
77.5 41.52743176683737 1
77.5 66.20170917550479 0
79.18510000000001 66.80099999999999 1
81.16659999999999 62.1653 0
83.5 63.16961671532789 1
83.5 0 0
84.40539999999999 0 1
91.14410000000001 0 0
91.14410000000001 0.4278974863141419 1
84.40539999999999 2.933097654521693 0
84.40539999999999 4.5334 1
86.47659999999999 10.5227 0
86.5 10.51054593722549 1
86.5 64.46084417139357 0
76.03389999999999 59.4862 1
75.816 52.9645 0
74.5 53.27085390238658 1
74.5 41.53269979232016 0
76.95330000000001 42.7047 1
82.36240000000001 31.0567 0
80.5 29.79105438450669 1
80.5 0 0
77.5 0 1
77.5 27.75232111212701 0
74.5 25.71358783974732 1
74.5 0 0
71.5 0 1
71.5 28.69337560813799 0
68.5 32.8231854268023 1
68.5 0 0
65.5 0 1
65.5 36.95299524546661 0
35.20010000000001 47.7394 0