35.20010000000001 47.7394 0
29.7233 52.9618 0
29.5 52.67901363811728 1
29.5 69.40648930353575 0
26.5 70.67089363460136 1
26.5 48.87982382330247 0
20.5 46.31952057761733 1
20.5 73.19970229673254 0
23.5 71.93529796566693 1
23.5 45.08063400848765 0
22.9841 44.4273 1
29.7233 52.9618 0
32.5 50.31407905346188 1
32.5 69.12685567515749 0
32.0838 68.3175 1
39.3858 82.5172 0
38.5 80.79464532182965 1
38.5 0 0
35.5 0 1
35.5 74.96075049849355 0
40.3704 78.3665 1
41.1009 62.7818 0
41.5 62.99250204009294 1
41.5 0 0
44.5 0 1
44.5 64.57633095585049 0
46.17910000000001 65.46279999999999 1
50.0202 69.30549999999999 1
52.85639999999999 74.5573 0
50.5 70.19394709117833 1
50.5 0 0
47.5 0 1
47.5 66.78425021738565 0
65.5 67.65394697277998 1
65.5 37.23318409137913 0
65.34889999999999 37.161 1
73.94069999999999 25.3335 0
91.14410000000001 8.098379999999999 1
89.316 2.70782 0
89.5 3.250384980033915 1
89.5 2.639415585060888 0
98.5 0 1
98.5 100 0
95.5 100 1
95.5 0 0
92.5 0 1
92.5 67.04329908352494 0
93.73650000000001 67.57550000000001 1
91.0652 74.90770000000001 0
89.5 74.35448143459917 1
89.5 100 0
92.5 100 1
92.5 70.96945249503986 0
93.73650000000001 67.57550000000001 0
89.5 65.75207162745926 1
89.5 8.952332761006964 0
32.5 43.51526947444205 1
32.5 0 0
29.5 0 1
29.5 38.8219649388049 0
28.5329 37.309 0
26.5 39.00344620308037 1
26.5 0 0
23.5 0 1
23.5 39.14024133312198 0
20.5 35.25976261393359 1
20.5 0 0
17.5 0 1
17.5 31.37928389474519 0
28.5329 37.309 1
35.20010000000001 47.7394 0
35.20010000000001 47.7394 0