47.1574 53.67270000000001 0
31.9363 42.93380000000001 1
26.5697 42.33329999999999 1
8.825559999999999 52.64 0
14.23142216732805 49.5 1
0 49.5 0
0 46.5 1
19.3962586329281 46.5 0
24.56109509852814 43.5 1
0 43.5 0
0 40.5 1
81.19943239666122 40.5 0
73.77629999999999 10.2948 1
82.83680000000001 5.19355 0
78.74023734868905 7.5 1
0 7.5 0
0 4.5 1
86.20038985964487 4.5 0
82.83680000000001 5.19355 1
88.83189999999999 3.9574 0
89.09897350684801 4.5 1
100 4.5 0
100 1.5 1
0 1.5 0
0 10.5 1
73.85202453849618 10.5 0
75.2516 14.2926 0
78.59674377824342 13.5 1
100 13.5 0
100 16.5 1
0 16.5 0
0 13.5 1
74.95910843463906 13.5 0
75.2516 14.2926 1
91.9693 10.3315 0
90.57560550195322 7.5 1
100 7.5 0
100 10.5 1
91.25815096311629 10.5 0
87.1097 37.8982 1
73.4478 43.91240000000001 0
74.38461080775497 43.5 1
31.85640016663531 43.5 0
31.43305240949284 46.5 1
74.6407293835654 46.5 0
76.02378246390867 49.5 1
31.00970465235036 49.5 0
30.8862 50.37520000000001 1
18.0725 49.42440000000001 0
18.05742757730792 49.5 1
19.09134278502314 49.5 0
43.21374159008103 61.5 1
0 61.5 0
0 58.5 1
44.72524303115993 58.5 0
47.1574 53.67270000000001 0