50.581 52.7902 0
50.5 52.92508196421309 1
50.5 23.0692187499244 0
53.5 25.04870270361813 1
53.5 54.07185730091716 0
54.7024 54.5998 1
39.8659 90.7123 0
38.5 90.14686728111249 1
38.5 100 0
34.7106 96.4427 1
26.5619 96.4427 0
23.5 100 1
23.5 83.93741506403023 0
26.5 85.17930550744668 1
26.5 100 0
26.5619 99.4427 1
34.7106 99.4427 0
35.5 100 1
35.5 88.90497683769604 0
34.5699 90.10249999999999 1
26.5619 90.57749999999999 1
26.5619 94.9427 1
27.1211 94.9427 1
26.5619 90.57749999999999 0
26.5619 90.07526420046801 1
27.62308298921881 90.51455520481034 0
26.5619 86.82837463144213 1
34.4834939390814 90.10762523463242 0
34.5699 90.10249999999999 1
34.7106 94.96010000000001 1
34.7106 90.16074466179623 1
34.5699 90.10249999999999 0
34.7106 90.16074466179623 0
39.8659 90.7123 0
41.5 86.7348500454959 1
41.5 100 0
44.5 100 1
44.5 79.43275723384895 0
47.5 72.13066442220199 1
47.5 100 0
50.5 100 1
50.5 64.82857161055506 0
53.5 57.5264787989081 1
53.5 100 0
56.5 100 1
56.5 27.02818665731186 0
58.399 28.2812 1
60.62949999999999 24.567 0
59.5 26.44782891728312 1
59.5 79.88740975131768 0
58.3502 79.97 0
59.5 84.34393643607075 1
59.5 100 0
65.5 92.83249097711797 1
65.5 100 0
62.5 100 1
62.5 93.00920772725732 0
61.8267 93.19489999999999 1
58.3502 79.97 0
62.5 79.67191945209436 1
62.5 0 0
59.5 0 1
59.5 23.81714985236221 0
56.5 21.82551599409449 1
56.5 0 0
53.5 0 1
53.5 19.83388213582677 0
52.2983 19.0361 1
50.1323 22.8266 0
50.5 22.183125 1
50.5 0 0
47.5 0 1
47.5 53.45106436615791 0
44.5 52.05356894252567 1
44.5 0 0
39.1002 4.3575 1
19.8366 4.3575 0
19.8366 5.460562549176219 1
21.4295985417682 4.3575 0
19.8366 9.109577529505732 1
26.69935912506092 4.3575 0
31.96911970835364 4.3575 1
19.8366 12.75859250983524 0
0 0 1
0 100 0
2.5 100 1
2.5 0 0
5.5 0 1
5.5 100 0
8.5 100 1
8.5 53.06437884687864 0
6.3933 52.444 1
7.98757 43.8441 0
8.5 43.93554373874544 1
8.5 0 0
11.5 0 1
11.5 44.47089728212953 0
14.5 45.0062508255136 1
14.5 0 0
17.5 0 1
17.5 45.54160436889769 0
20.5658 46.0887 0
20.5 46.47637102232667 1
20.5 77.4245767831074 0
23.5 70.36706896246091 1
23.5 19.59598475307029 0
20.5 15.49087631303894 1
20.5 46.07695791228177 0
20.5658 46.0887 1
18.8638 56.1163 0
11.5 53.94781575798885 1
11.5 100 0
14.5 100 1
14.5 54.83125266909907 0
17.5 55.7146895802093 1
17.5 100 0
20.5 100 1
20.5 82.69552462061378 0
18.5947 81.9068 1
24.3487 68.37049999999999 0
27.4909 62.28750398438621 1
44.18033753138998 68.78305733815588 0
27.4909 65.50671195315863 1
43.00641259416994 71.5453720144676 0
41.83248765694991 74.30768669077935 1
27.4909 68.72591992193102 0
26.5 69.274771688454 1
26.5 19.42759865178036 0
24.429 20.8672 1
19.8366 14.5831 1
19.8366 0 0
19.8366 1.5 1
39.1002 1.5 0
36.44570707545479 4.3575 1
39.1002 8.083661346019888 0
39.1002 10.6689 0
35.5 13.17148463247723 1
35.5 27.68889657227329 0
32.5 27.75167663417564 1
32.5 15.25685597224494 0
29.5 17.34222731201265 1
29.5 55.68622483463191 0
27.4909 60.67789999999999 1
33.0996 46.74290000000001 0
32.5 48.23262596145274 1
32.5 33.94184523107178 0
35.5 33.60654532940019 1
35.5 47.86108267162895 0
38.5 49.25857809526119 1
38.5 11.08611329270953 0
39.1002 10.6689 1
39.1002 0 0
41.5 0 1
41.5 50.65607351889342 0
49.59739999999999 54.4281 1
50.581 52.7902 0
50.581 52.7902 0