50.581 52.7902 0
68.5 44.76460757180156 1
68.5 81.36989086943507 0
80.5 100 1
80.5 52.13860217025764 0
83.5 55.68977351088691 1
83.5 100 0
86.5 100 1
86.5 55.31195103372821 0
89.5 52.2556996189542 1
89.5 100 0
92.5 100 1
92.5 0 0
98.5 0 1
98.5 100 0
95.5 100 1
95.5 0 0
89.5 0 1
89.5 50.97550606272473 0
86.5 46.60747626990468 1
86.5 0 0
83.5 0 1
83.5 17.09303262275095 0
84.2773 17.0754 1
83.43940000000001 21.191 0
83.5 20.89334471894021 1
83.5 42.23944647708464 0
83.00890000000001 41.5244 1
90.01730000000001 51.7287 1
84.71610000000001 57.1293 1
77.6985 48.8224 0
77.5 48.98424630230045 1
77.5 100 0
74.5 100 1
74.5 51.43028613555659 0
73.81229999999999 51.991 1
64.2373 38.96599999999999 0
65.5 37.83157964867776 1
65.5 0 0
68.5 0 1
68.5 35.13635429509678 0
69.99270000000001 33.7953 0
71.5 35.61716667173648 1
71.5 0 0
74.5 0 1
74.5 39.2432530614462 0
77.5 42.86933945115592 1
77.5 0 0
80.5 0 1
80.5 20.66910052739787 0
81.57060000000001 17.1368 1
80.45189999999999 20.8278 0
80.5 20.83364767196652 1
80.5 43.76031872540274 0
79.19749999999999 44.9211 1
69.99270000000001 33.7953 0
64.2373 38.96599999999999 0
65.5 40.68366762402088 1
65.5 79.45642915287104 0
68.0453 79.27359999999999 1
70.3836 90.0538 0
71.53819999999999 91.05359999999999 0
71.5 91.11101213307242 1
71.5 100 0
68.5 100 1
68.5 94.70123811987199 0
68.93209999999999 94.97040000000001 1
71.53819999999999 91.05359999999999 0
71.5 91.02052156591026 1
71.5 48.84554751958224 0
50.581 52.7902 0