24.9944 42.4996
15.4446 35.5887
8.63584 45.8307
18.0073 51.9566

40.8291 49.406
34.7914 27.3082
24.5 30.9341
31.1501 52.6384

44.1605 18.5314
42.3095 10.7406
33.4833 13.0649
34.8255 20.838

26.6258 69.3275
25.6154 63.8994
18.0978 65.2855
19.1549 71.0498

63.1332 78.1952
34.1248 75.4727
28.6507 77.0614
63.1145 80.2832

48.9384 49.8009
47.9582 45.231
42.0914 46.1586
42.4094 48.1701
45.1271 50.1458

59.9348 38.8162
50.6567 26.8776
43.8958 37.1471
56.5433 45.4034

64.1098 20.3397
60.8123 13.6177
56.4389 16.2922
59.8895 22.667

65.4623 65.8312
64.6263 60.1007
57.0973 61.0105
57.8134 66.746

39.5298 65.7335
31.6383 65.8007
31.0773 73.8435
38.9688 73.7763

80.8542 62.5198
77.7109 54.1105
71.7154 56.3772
68.0686 67.1808

99.8805 23.6745
78.1327 1.0027
68.2508 10.2547
89.5919 32.7406

73.7453 20.6948
73.1275 16.062
69.7189 16.5134
70.121 20.858

82.6617 84.0751
75.7106 77.5745
71.2843 82.3451
74.8074 86.2779
75.6211 85.3878
78.5036 88.6055

90.9284 45.012
85.5315 43.2106
83.1379 48.5112
88.445 50.5655