14.2186 66.9433
10.5306 60.87
5.64683 63.5417
9.6622 70.2674

12.9586 39.9668
9.5949 38.3378
7.48866 42.2538
10.8523 43.8828

43.8552 78.1225
9.0849 80.1147
8.80018 93.1004
35.7194 93.2319

28.8175 39.8989
28.1091 26.7262
23.3377 26.4864
21.5341 14.0886
14.2205 14.53
15.3298 28.7339
20.1012 28.9736
21.7647 40.616

23.6532 59.9513
19.2024 58.0003
18.0408 59.3805
17.4046 61.5994
21.8619 63.8898

61.3922 48.5503
60.9504 47.1884
28.566 51.8853
28.9367 53.843

45.2488 0.872281
40.9001 0.485549
39.3926 10.2742
43.6987 10.7514

54.4201 8.52526
46.7517 7.09481
44.0678 25.1183
50.7359 26.4509

60.8282 35.8752
58.5992 37.589
53.2248 33.7751
49.1573 33.3752
46.5262 36.154
54.8676 43.9274
57.9689 41.4072
60.4445 42.5853

63.649 29.1476
56.5818 23.5427
53.1365 27.5221
60.0837 33.1317

48.774 63.3106
34.8699 53.3003
29.6867 58.1232
37.3744 63.919
42.7574 70.0564

70.8496 70.0217
68.903 67.7264
65.4934 70.1789
67.5221 71.9717

81.394 37.3671
71.2548 23.1687
65.5904 23.8132
72.9092 33.4406
71.5994 34.2181
76.716 40.9077

86.0656 33.739
84.6305 29.8064
86.0611 29.0207
84.0503 22.9584
82.7235 23.8783
82.085 23.1922
77.5703 25.4
78.7715 27.3674
76.4016 28.8803
78.3431 32.6354
81.4555 31.9427
82.6546 34.8776

93.9379 74.6287
72.7039 66.6027
69.3357 76.2352
90.5061 84.9864