59.6443 64.1455 0
59.6443 64.1455 1
62.1313 67.35310000000001 1
62.7071 72.5018 0
61.5 73.0599849488149 1
61.5 100 0
58.5 100 1
58.5 74.44723939869039 0
58.3699 74.50739999999999 1
59.6443 64.1455 0
58.5 73.44958205430007 1
58.5 0 0
55.5 0 1
55.5 100 0
52.5 100 1
52.5 0 0
49.5 0 1
49.5 100 0
46.5 100 1
46.5 0 0
43.5 0 1
43.5 100 0
40.5 100 1
40.5 0 0
37.5 0 1
37.5 100 0
34.5 100 1
34.5 0 0
31.5 0 1
31.5 100 0
28.5 100 1
28.5 0 0
25.5 0 1
25.5 100 0
22.5 100 1
22.5 0 0
19.5 0 1
19.5 100 0
16.5 100 1
16.5 0 0
13.5 0 1
13.5 100 0
10.5 100 1
10.5 0 0
7.5 0 1
7.5 100 0
4.5 100 1
4.5 0 0
1.5 0 1
1.5 100 0
59.6443 64.1455 0