60.2689 47.4898 0
64.5 46.57219540464433 1
64.5 100 0
67.5 100 1
67.5 45.92158119413949 0
67.6198 45.8956 1
65.41210000000001 31.3258 0
58.5 22.54921175275371 1
58.5 0 0
55.5 0 1
55.5 20.31925551838049 0
57.8613 19.7954 1
60.6666 31.8907 0
61.5 31.79149282267412 1
61.5 0 0
64.5 0 1
64.5 31.43437555368244 0
57.8613 19.7954 0
28.5 0 1
28.5 100 0
25.5 100 1
25.5 0 0
22.5 0 1
22.5 100 0
19.5 100 1
19.5 0 0
16.5 0 1
16.5 100 0
13.5 100 1
13.5 0 0
10.5 0 1
10.5 100 0
7.5 100 1
7.5 0 0
4.5 0 1
4.5 100 0
1.5 100 1
1.5 0 0
58.5 39.44918998687936 1
58.5 100 0
61.5 100 1
61.5 47.22280961514916 0
60.2689 47.4898 0