60.2689 47.4898 0
60.2689 47.4898 1
57.37269999999999 34.325 0
55.5 34.64586701669305 1
55.5 100 0
52.5 100 1
52.5 35.15988477184825 0
52.3826 35.18000000000001 1
50.7777 21.3669 0
52.5 20.98480693291547 1
52.5 0 0
49.5 0 1
49.5 100 0
46.5 100 1
46.5 0 0
43.5 0 1
43.5 100 0
40.5 100 1
40.5 0 0
37.5 0 1
37.5 100 0
34.5 100 1
34.5 0 0
31.5 0 1
31.5 100 0
100 100 1
100 0 0
97.5 0 1
97.5 100 0
94.5 100 1
94.5 0 0
91.5 0 1
91.5 100 0
88.5 100 1
88.5 0 0
85.5 0 1
85.5 100 0
82.5 100 1
82.5 0 0
79.5 0 1
79.5 100 0
76.5 100 1
76.5 0 0
73.5 0 1
73.5 100 0
70.5 100 1
70.5 0 0
67.5 0 1
67.5 45.10497534991167 0
67.6198 45.8956 0
60.2689 47.4898 0