51.0266 42.5347 0
51.24199934409903 37.5 1
100 37.5 0
100 34.5 1
75.03038183764662 34.5 0
75.02959999999999 34.51649999999999 1
71.40270000000001 34.6027 0
71.40609233079124 34.5 1
0 34.5 0
0 37.5 1
43.51988443233348 37.5 0
43.52416949286517 40.5 1
14.0499127599258 40.5 0
13.6166 39.7745 1
7.66229 42.72110000000001 0
8.111826351756658 43.5 1
0 43.5 0
0 40.5 1
12.15055374160049 40.5 0
7.508193978592249 22.5 1
100 22.5 0
100 25.5 1
0 25.5 0
0 22.5 1
4.568299640473963 22.5 0
6.488 23.8049 1
1.77003 20.5979 0
0 19.5 1
2.67592947692446 19.5 0
3.60617 18.3726 1
8.124110000000002 21.7122 0
5.131360309019044 19.5 1
100 19.5 0
100 16.5 1
0 16.5 0
0 13.5 1
81.71722618672851 13.5 0
81.6695 12.1623 1
86.197 12.2023 0
86.10314264592591 13.5 1
100 13.5 0
77.041 8.113009999999999 1
46.27370000000001 11.9058 0
45.9644580127091 10.5 1
0 10.5 0
0 7.5 1
55.52516919012784 7.5 0
45.7991 9.748290000000001 1
75.6686 2.84362 0
68.50312468981139 4.5 1
0 4.5 0
0 1.5 1
100 1.5 0
100 4.5 1
76.10000020230046 4.5 0
76.88134301427681 7.5 1
100 7.5 0
100 10.5 1
57.67761910440599 10.5 0
71.54130000000001 30.4067 1
75.23320000000001 30.2197 0
75.17253413703222 31.5 1
100 31.5 0
100 28.5 1
0 28.5 0
0 31.5 1
71.50518670638704 31.5 0
71.40270000000001 34.6027 0
79.73791037646384 43.5 1
15.84169536471891 43.5 0
17.63347796951201 46.5 1
76.76060406677988 46.5 0
76.13140000000001 47.134 1
80.512 51.44970000000001 1
84.42850000000001 47.7145 0
83.52688547939314 46.5 1
100 46.5 0
100 49.5 1
82.55633498875562 49.5 0
84.42850000000001 47.7145 0
81.29976027410652 43.5 1
100 43.5 0
100 40.5 1
51.11365047876502 40.5 0
51.0266 42.5347 0