51.0266 42.5347 0
63.74515770341067 61.5 1
19.18027500421682 61.5 0
25.39022756505315 64.5 1
62.15017116530427 64.5 0
53.9726 68.13509999999999 1
66.8689 78.13720000000001 0
65.72469500160327 79.5 1
74.3089687646999 79.5 0
74.6461642187285 76.5 1
64.75796106117716 76.5 0
60.88988335749492 73.5 1
74.98335967275708 73.5 0
67.01735107241151 64.5 1
100 64.5 0
100 67.5 1
65.5156428063016 67.5 0
64.81870000000001 68.89230000000001 1
60.92570000000001 66.8031 0
62.22429836300977 67.5 1
28.4380749703173 67.5 0
29.3913 66.43289999999999 1
5.828670000000001 55.04989999999999 1
0 55.04989999999999 1
0 76.2029 1
0.453295 76.2029 1
20.6639 76.2029 0
23.07836156192426 73.5 1
49.55430152185943 73.5 0
52.02497114001106 70.5 1
25.75821826612078 70.5 0
41.93805483227985 91.5 1
0 91.5 0
0 88.5 1
42.40959268603649 88.5 0
42.88113053979313 85.5 1
0 85.5 0
0 82.5 1
43.35266839354978 82.5 0
43.82420624730642 79.5 1
0 79.5 0
0.453295 75.05552704856899 1
2.914356036366136 76.2029 0
10.01417362181968 76.2029 1
0.453295 71.7455162291414 0
0.453295 68.43550540971381 1
17.11399120727323 76.2029 0
0 100 1
100 100 0
100 97.5 1
0 97.5 0
0 94.5 1
46.75900945618042 94.5 0
41.60899999999999 93.59350000000001 1
49.56950000000001 94.99469999999999 0
49.6438573622716 94.5 1
100 94.5 0
99.739 91.96969999999999 1
99.739 81.04990000000001 0
98.45890360835449 81.04990000000001 1
99.739 82.10685967739224 0
99.739 86.26273571185217 1
94.4673236442575 91.96969999999999 0
98.55137093277253 91.96969999999999 1
99.739 90.68400713555653 0
92.42529999999999 91.96969999999999 0
91.90720543327555 91.5 1
50.09478132995874 91.5 0
50.54570529764588 88.5 1
88.59810664644715 88.5 0
85.15015001448327 87.07599999999999 1
93.5331378519781 81.04990000000001 0
91.13365943448849 76.5 1
100 76.5 0
100 79.5 1
87.67042396706552 79.5 0
88.39341355593433 81.04990000000001 1
80.01042571843948 87.07599999999999 0
78.9246 87.07599999999999 1
73.52010000000001 86.51849999999999 0
78.9246 87.07599999999999 1
87.72001216250516 87.07599999999999 0
87.33369999999999 87.3537 1
92.42529999999999 91.96969999999999 1
100 91.96969999999999 1
100 81.04990000000001 1
85.88120108341255 81.04990000000001 1
93.6183 74.3477 0
93.82780334969681 73.5 1
100 73.5 0
100 70.5 1
81.5466597805524 70.5 0
94.2174 71.92359999999999 1
75.3982 69.8092 0
75.32055512678568 70.5 1
57.02180565381271 70.5 0
53.9726 68.13509999999999 0
49.5081 73.55609999999999 1
62.41759999999999 83.43889999999999 0
63.20589914367091 82.5 1
73.9717733106713 82.5 0
73.63457785664272 85.5 1
50.99662926533301 85.5 0
51.44755323302014 82.5 1
61.19115308718177 82.5 0
57.27237500809487 79.5 1
51.89847720070728 79.5 0
53.35359692900798 76.5 1
0 76.5 0
0.453295 76.2029 1
0.453295 55.04989999999999 0
0.87871174919041 55.04989999999999 1
0.453295 55.978280572156 0
0.453295 63.17976019071867 1
4.178683916396803 55.04989999999999 0
0 52.5 1
13.30610952778685 52.5 0
11.57468180244345 49.5 1
0 49.5 0
0 46.5 1
9.843254077100053 46.5 0
6.760369882544145 55.5 1
15.03753725313024 55.5 0
15.2632 55.89100000000001 1
21.6015 53.1437 0
21.21704317909823 52.5 1
100 52.5 0
100 55.5 1
16.16527669348087 55.5 0
12.97032244338048 58.5 1
65.34014424151707 58.5 0
66.3956 56.51479999999999 1
70.0932 58.3553 0
68.5190593385214 61.5 1
100 61.5 0
100 58.5 1
70.02076760463129 58.5 0
78.53298018397942 49.5 1
19.42526057430512 49.5 0
51.0266 42.5347 0