42.0248 54.68219999999999 0
49.87936094204608 61.5 1
100 61.5 0
100 58.5 1
46.42316058032554 58.5 0
42.96696021860501 55.5 1
100 55.5 0
100 52.5 1
85.84139359592155 52.5 0
85.71472258540322 49.5 1
100 49.5 0
100 46.5 1
85.5880515748849 46.5 0
85.46138056436658 43.5 1
100 43.5 0
100 40.5 1
37.37211738116592 40.5 0
38.8819 42.1103 0
39.62801972549136 43.5 1
72.41513406593407 43.5 0
72.52996923076924 46.5 1
39.06492124088288 46.5 0
40.693 45.4836 1
35.66379999999999 48.6233 0
34.58201891217566 46.5 1
0 46.5 0
0 43.5 1
33.05357579840319 43.5 0
32.80500000000001 43.0121 1
37.3138 40.4378 0
37.20485878879695 40.5 1
0 40.5 0
0 37.5 1
100 37.5 0
100 28.5 1
86.77277738531851 28.5 0
88.40790000000001 30.9897 0
87.97576992765536 31.5 1
100 31.5 0
100 34.5 1
0 34.5 0
0 31.5 1
85.7527226552879 31.5 0
83.21887799719133 28.5 1
0 28.5 0
0 25.5 1
100 25.5 0
100 22.5 1
0 22.5 0
0 19.5 1
42.69001779568994 19.5 0
51.0069 21.0965 0
51.80929999999999 17.6765 1
39.3669 15.1871 0
37.41330000000001 5.83479 1
44.87269999999999 0.5876760000000001 0
43.5757223384512 1.5 1
0 1.5 0
0 4.5 1
39.31086359896126 4.5 0
44.87269999999999 0.5876760000000001 0
44.9972353467867 1.5 1
100 1.5 0
100 4.5 1
45.3047615684667 4.5 0
45.40260000000001 4.46963 1
37.9365 6.787179999999999 0
45.92897397766531 16.5 1
100 16.5 0
100 19.5 1
51.38147064327485 19.5 0
51.0069 21.0965 1
38.5334 18.7021 0
39.05557648648649 16.5 1
0 16.5 0
0 13.5 1
100 13.5 0
89.56259529405318 10.5 1
100 10.5 0
100 7.5 1
89.31330887407603 7.5 0
89.19210000000001 6.04133 1
81.5479 6.00338 0
81.94082599834357 7.5 1
0 7.5 0
0 10.5 1
82.72845278071364 10.5 0
72.32740000000001 41.208 0
72.64480439560438 49.5 1
0 49.5 0
0 52.5 1
77.68440509802915 52.5 0
85.94390000000001 54.9277 1
72.70359999999999 51.036 0
53.33556130376661 64.5 1
100 64.5 0
100 67.5 1
56.79176166548714 67.5 0
59.6058 69.9426 1
42.0248 54.68219999999999 0
42.0248 54.68219999999999 0
41.27944577614336 55.5 1
0 55.5 0
0 58.5 1
38.54520430931787 58.5 0
36.7458 60.4743 1
40.41718104170272 63.8751 1
46.104 69.14279999999999 1
53.0192848995018 74.11920000000001 0
54.3137 74.11920000000001 1
46.84156493026815 74.11920000000001 1
50.4019 76.68129999999999 0
48.44323884856452 79.5 1
78.31065913466134 79.5 0
76.12530353753942 82.5 1
46.35859576689337 82.5 0
44.27395268522223 85.5 1
78.37519009957703 85.5 0
78.56213969029736 88.5 1
0 88.5 0
0 85.5 1
42.35013622792262 85.5 0
40.99837003784693 82.5 1
0 82.5 0
0 79.5 1
39.64660384777123 79.5 0
38.29483765769554 76.5 1
0 76.5 0
0 73.5 1
36.94307146761984 73.5 0
35.59130527754415 70.5 1
0 70.5 0
0 67.5 1
34.23953908746846 67.5 0
32.88777289739276 64.5 1
0 64.5 0
0 61.5 1
37.85310873161447 61.5 0
35.17423878613242 63.8751 1
49.40960371640058 74.11920000000001 0
50.14996262513471 76.5 1
80.49601473178325 76.5 0
82.68137032890516 73.5 1
55.09827796293636 73.5 0
67.68905811555905 91.5 1
0 91.5 0
0 94.5 1
65.3149757038922 94.5 0
63.93689999999999 96.2414 0
65.07703893997314 97.5 1
0 97.5 0
0 100 1
100 100 0
100 97.5 1
67.18165397544391 97.5 0
68.30198825684423 94.5 1
78.76077123675276 94.5 0
78.79239999999999 95.4554 1
90.10339999999999 92.67830000000001 0
89.66281259300234 91.5 1
100 91.5 0
100 94.5 1
82.68370006121495 94.5 0
78.79239999999999 95.4554 0
78.66145546352504 91.5 1
69.42232253824454 91.5 0
75.31999999999999 83.60550000000001 1
78.98009999999999 85.8751 0
81.2287 86.99940000000001 1
88.75149999999999 89.06280000000001 0
86.69962840942134 88.5 1
100 88.5 0
100 85.5 1
79.23900513966331 85.5 0
81.30969407325404 82.5 1
100 82.5 0
100 79.5 1
83.3803830068448 79.5 0
85.45107194043553 76.5 1
100 76.5 0
96.57958375935465 73.5 1
87.52176087402628 73.5 0
92.505 72.69329999999999 1
97.70189999999999 73.72219999999999 0
97.80216427918319 73.5 1
100 73.5 0
100 70.5 1
88.34835463403041 70.5 0
89.20529999999999 71.0609 1
85.99080000000001 68.95689999999999 0
84.86672592602707 70.5 1
58.89952778336446 70.5 0
59.6058 69.9426 1
54.3137 74.11920000000001 1
46.104 69.14279999999999 0
40.78927103835899 64.21976693766055 1
40.31031635839727 63.8751 0
40.41718104170272 63.8751 1
32.6062 63.8751 0
42.0248 54.68219999999999 0