53.10939999999999 42.0646 0
53.5 39.46237423044165 1
53.5 89.8751782837555 0
50.5 88.84845976980347 1
50.5 21.7848155905177 0
98.5 0 1
98.5 100 0
95.5 100 1
95.5 0 0
92.5 0 1
92.5 100 0
89.5 100 1
89.5 0 0
86.5 0 1
86.5 100 0
83.5 100 1
83.5 40.86679431165228 0
79.95330000000001 39.51779999999999 0
80.5 37.80491438322426 1
80.5 0 0
83.5 0 1
83.5 36.04013676297255 0
81.37440000000001 35.06529999999999 1
79.95330000000001 39.51779999999999 0
80.5 39.72573841886269 1
80.5 100 0
77.5 100 1
77.5 0 0
74.5 0 1
74.5 100 0
71.5 100 1
71.5 0 0
68.5 0 1
68.5 100 0
65.5 100 1
65.5 0 0
62.5 0 1
62.5 100 0
58.5626 91.6078 1
54.5706 95.73570000000001 1
58.5626 93.54304232077612 1
58.5626 91.6078 0
56.5 90.90189679770751 1
56.5 33.42276612568658 0
47.5 87.82174125585144 1
47.5 22.90896198547215 0
44.5 23.72978523002421 1
44.5 86.79502274189943 0
43.8013 86.55590000000001 1
44.8075 94.3279 0
44.5 94.46237318731119 1
44.5 91.95273601669649 0
43.48350000000001 94.90690000000001 1
43.97369999999999 99.6088 1
43.48350000000001 99.71443996092344 1
43.48350000000001 100 1
58.5626 100 0
58.5626 97.99927279908638 1
49.27864660476325 100 0
49.80840000000001 98.35140000000001 1
58.5626 96.46483666683807 0
58.5626 95.25441662609666 1
54.9359727067614 97.24638861612735 0
59.5 100 1
59.5 32.55282046716138 0
61.9585 31.8399 1
60.5154 23.5119 0
59.5 23.96642172788104 1
59.5 0 0
59.34180000000001 0.1825316465081483 1
42.09350000000001 0.1967874383411664 0
41.5 0 1
41.5 100 0
38.5 100 1
38.5 0 0
29.5 0 1
29.5 28.94043368694157 0
26.5 34.46481269765728 1
26.5 0 0
23.5 0 1
23.5 96.15400185551277 0
20.5 97.88368659175251 1
20.5 70.58455010160122 0
21.032 69.6893 0
22.7017 65.10759999999999 1
21.032 69.6893 1
18.5714 73.83000000000001 0
17.5 79.36715499798291 1
17.5 72.95313487865678 0
15.0813 70.9736 1
16.0915 69.72880000000001 0
14.5 68.66193035686459 1
14.5 79.42230031571748 0
13.956 79.4323 1
13.7065 85.923 0
14.5 86.01854323833584 1
14.5 100 0
11.5 100 1
11.5 66.65086599657161 0
8.5 64.63980163627863 1
8.5 100 0
5.5 100 1
5.5 62.62873727598566 0
4.540900000000001 61.9858 1
6.92088 58.6473 0
5.5 60.64042930360759 1
5.5 0 0
2.5 0 1
2.5 100 0
0 100 1
0 0 0
8.5 0 1
8.5 56.90311442710158 0
7.919790000000001 57.7628 1
12.2847 51.2954 0
11.5 52.45807432318192 1
11.5 0 0
14.5 0 1
14.5 49.65864406817258 0
13.2497 51.49209999999999 1
15.9546 47.5256 1
20.5976 52.5548 1
22.3583 58.3539 0
20.5976 52.5548 0
20.5 52.44908173163903 1
20.5 0 0
17.5 0 1
17.5 49.19954479431402 0
29.7138 37.5972 0
32.5 32.3017393986356 1
32.5 100 0
29.5 100 1
29.5 37.46418971064594 0
29.7138 37.5972 1
36.2955 25.088 0
35.5 24.71142591404747 1
35.5 0 0
32.5 0 1
32.5 23.41605467622586 0
32.5539 23.3168 1
26.0401 35.3117 0
26.5 35.59781521082287 1
26.5 97.42267204706278 0
24.878 95.3595 1
27.2663 98.3974 0
27.2663 99.89832800594488 1
24.3763559626345 100 0
27.2663 100 1
19.1114 100 1
19.1114 98.68430000000001 0
17.5 100 1
17.5 86.37976531143917 0
35.5 100 1
35.5 26.59992983575672 0
42.3858 19.7459 1
43.7033 19.2742 1
42.09350000000001 7.69679 0
59.34180000000001 3.182532671171682 1
42.09350000000001 3.1967884630047 0
42.09350000000001 6.196789487668234 1
54.26272455332438 6.186731572859154 0
54.3296 5.85102 1
59.34180000000001 5.25853 0
58.9684 8.9772 1
57.46639999999999 14.0618 1
54.66930000000001 18.2767 0
56.5 15.51805088842015 1
56.5 25.30930648624535 0
53.5 19.26056769001807 1
53.5 36.46857196038108 0
53.93129999999999 36.589 1
53.10939999999999 42.0646 0
53.10939999999999 42.0646 0