51.5432 59.16330000000001 0
52.00639420483259 61.5 1
100 61.5 0
100 64.5 1
52.60107157655243 64.5 0
53.19574894827228 67.5 1
100 67.5 0
100 70.5 1
0 70.5 0
0 73.5 1
100 73.5 0
100 76.5 1
0 76.5 0
0 79.5 1
100 79.5 0
100 100 1
0 100 0
0 97.5 1
100 97.5 0
100 94.5 1
0 94.5 0
0 91.5 1
100 91.5 0
100 88.5 1
0 88.5 0
0 85.5 1
100 85.5 0
100 82.5 1
0 82.5 0
0 64.5 1
23.04590855809361 64.5 0
22.4408 64.79650000000001 1
26.9884 62.5682 0
28.23598235829039 64.5 1
43.3767116748421 64.5 0
43.46986354557404 61.5 1
8.539430137694957 61.5 0
8.802080793149372 58.5 1
100 58.5 0
100 55.5 1
9.064731448603787 55.5 0
9.24962 53.3882 0
8.18421 53.17449999999999 0
7.202723269372282 55.5 1
0 55.5 0
0 58.5 1
5.936561071185592 58.5 0
5.144450000000001 60.3768 1
8.4542 62.4735 0
6.917479617971104 61.5 1
0 61.5 0
0 67.5 1
24.01151297765579 67.5 0
25.1502 69.4599 1
29.7581 66.8569 0
28.6196672339608 67.5 1
43.29146974592504 67.5 0
43.852 70.23339999999999 1
53.3554 68.30539999999999 0
83.16245618568703 49.5 1
0 49.5 0
0 52.5 1
100 52.5 0
100 40.34716642411037 1
98.52068936109603 50.03570000000001 0
95.48592097221146 50.03570000000001 1
98.86965769615961 27.8744 0
100 27.8744 1
91.28273672394815 27.8744 0
91.18721589734946 28.5 1
77.60094605150863 28.5 0
78.2022 18.7264 0
84.86788084470982 13.5 1
0 13.5 0
0 16.5 1
81.0417208619053 16.5 0
78.2022 18.7264 1
91.6121 8.212019999999999 0
88.69404082751433 10.5 1
0 10.5 0
0 7.5 1
100 7.5 0
100 4.5 1
0 4.5 0
0 1.5 1
100 1.5 0
93.46155173235371 8.212019999999999 1
96.7167 12.72518875885956 0
96.7167 17.20143806522542 1
85.84546811455562 25.7948 0
90.6832043436668 25.7948 1
96.7167 21.02551419567628 0
98.5 25.7948 1
98.5 8.212019999999999 0
96.7167 8.212019999999999 1
96.7167 25.7948 0
96.7167 24.84959032612714 1
95.52094057277802 25.7948 0
95.83488930727503 27.8744 1
92.45115258332686 50.03570000000001 0
89.41638419444229 50.03570000000001 1
92.80012091839046 27.8744 0
90.9786 29.8663 1
71.47559999999999 27.8744 0
71.39538693688291 28.5 1
59.531981261637 28.5 0
60.18551518581961 31.5 1
71.01073350121916 31.5 0
70.62608006555541 34.5 1
51.08737060592368 34.5 0
60.2012 31.572 1
40.22329999999999 37.9903 0
41.74943065297664 37.5 1
70.24142662989166 37.5 0
69.85677319422791 40.5 1
0 40.5 0
0 37.5 1
40.17439539641944 37.5 0
39.71148392957321 34.5 1
0 34.5 0
0 31.5 1
38.98313628360592 31.5 0
34.80615568238213 22.5 1
80.99134546997905 22.5 0
78.77398369079282 19.5 1
38.6738020097773 19.5 0
39.1707 19.6222 1
28.6903 17.0448 0
27.44348832610765 19.5 1
0 19.5 0
0 22.5 1
30.49315207108972 22.5 0
26.7693 20.8276 1
33.0587 23.6522 1
39.1707 19.6222 0
50.72470061043927 25.5 1
0 25.5 0
0 28.5 1
39.05022315419386 28.5 0
38.3015 28.6924 1
58.4462 23.5158 0
58.87844733745439 25.5 1
83.20870724916531 25.5 0
83.42660000000001 25.7948 1
100 25.7948 1
100 27.8744 1
100 50.03570000000001 1
87.899 50.03570000000001 1
68.90950000000001 47.88800000000001 0
69.08746632290044 46.5 1
0 46.5 0
0 43.5 1
69.47211975856416 43.5 0
43.4783 61.2283 1
51.5432 59.16330000000001 0
51.5432 59.16330000000001 0