61.1746 48.1362 0
61.1746 48.1362 1
74.8109 46.3192 0
73.45402435883324 46.5 1
100 46.5 0
100 43.5 1
74.51424862827548 43.5 0
74.40049999999999 42.419 1
60.4074 44.18380000000001 0
52.9055 29.5334 1
35.3094 22.9109 0
34.39639576970585 25.5 1
24.232592236061 25.5 0
26.7546 17.9224 1
32.24160000000001 13.3573 0
32.07008242097653 13.5 1
100 13.5 0
100 16.5 1
28.46424684234737 16.5 0
32.24160000000001 13.3573 0
29.96991344474915 10.5 1
100 10.5 0
100 7.5 1
27.58477374441927 7.5 0
42.1886846372216 25.5 1
57.10415158293894 25.5 0
57.06585680649049 28.5 1
50.15973786485466 28.5 0
52.9055 29.5334 0
57.02756203004203 31.5 1
52.18912405711625 31.5 0
51.09631015055099 34.5 1
100 34.5 0
100 31.5 1
80.37484174084824 31.5 0
79.8699 32.16930000000001 1
76.30969999999999 29.673 0
77.18940343907784 28.5 1
65.98698112830755 28.5 0
65.98840000000001 26.876 1
57.179 19.6364 0
57.14244635938741 22.5 1
21.64621113956466 22.5 0
19.9961 20.586 1
14.3675 25.5588 0
14.43405439189189 25.5 1
0 25.5 0
0 22.5 1
17.82968663127413 22.5 0
0 1.5 1
100 1.5 0
100 4.5 1
0 4.5 0
0 7.5 1
27.1815701911167 7.5 0
27.4406 7.318659999999999 1
21.2132 11.6783 0
22.8963081052564 10.5 1
0 10.5 0
0 13.5 1
22.82988909530597 13.5 0
25.49227438702135 16.5 1
0 16.5 0
0 19.5 1
100 19.5 0
100 22.5 1
60.66352923365932 22.5 0
64.31403478645228 25.5 1
100 25.5 0
100 28.5 1
82.63813954832574 28.5 0
82.9633 28.069 1
78.67140000000001 26.5239 0
76.30969999999999 29.673 0
78.91535052277371 31.5 1
65.98436005991013 31.5 0
65.9828 33.2856 0
65.82925050997281 43.5 1
0 43.5 0
0 40.5 1
100 40.5 0
100 37.5 1
50.00349624398572 37.5 0
49.61969999999999 38.5536 1
32.0834 32.0592 0
26.81897333255733 28.5 1
33.33849430167353 28.5 0
32.28059283364122 31.5 1
29.40535442905366 31.5 0
31.1059 33.4725 0
30.09056916548798 34.5 1
38.67409368070953 34.5 0
0 76.5 1
100 76.5 0
100 79.5 1
0 79.5 0
0 82.5 1
100 82.5 0
100 85.5 1
0 85.5 0
0 88.5 1
100 88.5 0
100 91.5 1
0 91.5 0
0 94.5 1
100 94.5 0
100 97.5 1
0 97.5 0
0 100 1
100 100 0
100 49.5 1
28.71574108498785 49.5 0
31.72984119469122 52.5 1
100 52.5 0
100 55.5 1
34.74394130439458 55.5 0
46.77474963045086 37.5 1
27.12609957567185 37.5 0
25.8662 38.77500000000001 0
24.63254432490832 37.5 1
0 37.5 0
0 34.5 1
21.72982508939848 34.5 0
19.5076 32.2033 0
18.96353613815938 31.5 1
0 31.5 0
0 28.5 1
16.64277460606517 28.5 0
25.45700313079393 52.5 1
0 52.5 0
0 55.5 1
22.47106683197419 55.5 0
21.9757 55.99769999999999 1
26.6346 58.60299999999999 0
26.45041134610218 58.5 1
0 58.5 0
0 61.5 1
100 61.5 0
100 58.5 1
37.75804141409796 58.5 0
37.92019999999999 58.6614 0
37.53620119586296 58.5 1
26.70371575087566 58.5 0
30.39867695539754 55.5 1
28.7167958734676 55.5 0
29.0868 54.9486 1
37.92019999999999 58.6614 1
28.5787 49.36360000000001 0
28.44293942961366 49.5 1
0 49.5 0
0 46.5 1
60.85699736868737 46.5 0
62.4714 63.9954 1
70.75839999999999 62.49679999999999 0
71.25853879059943 64.5 1
100 64.5 0
100 67.5 1
72.00754856086613 67.5 0
72.46029999999999 69.3134 1
63.8154 70.85069999999999 0
65.78753714304301 70.5 1
100 70.5 0
100 73.5 1
0 73.5 0
0 70.5 1
63.74664432191152 70.5 0
63.15848625443088 67.5 1
0 67.5 0
0 64.5 1
62.57032818695025 64.5 0
62.4714 63.9954 0
61.1746 48.1362 0