52.0164 38.7783 0
58.48506438526778 52.5 1
100 52.5 0
100 51.998 1
69.05840000000001 51.998 0
73.2495346836298 57.16160000000001 1
58.5282346836298 69.50190000000001 0
44.46414508220238 79.5 1
74.39717032136437 79.5 0
71.73744387693063 76.5 1
46.70233636901087 76.5 0
48.94052765581937 73.5 1
69.07771743249688 73.5 0
66.41799098806311 70.5 1
51.17871894262787 70.5 0
53.85832447271635 69.50190000000001 1
68.57962447271635 57.16160000000001 0
63.90971426180289 57.16160000000001 1
56.48933775109823 63.38181643842927 0
61.13001582928335 57.16160000000001 1
51.92336518374906 69.50190000000001 1
65.53309999999999 69.50190000000001 0
63.19814489454328 69.50190000000001 1
77.91944489454326 57.16160000000001 0
79.81922576963629 51.998 1
100 32.38359747658112 0
100 36.56712712159258 1
84.1235560774908 51.998 0
82.24935384763009 57.16160000000001 1
100 77.4058807200272 0
100 72.85546544294385 1
86.23926154289032 57.16160000000001 0
90.22916923815052 57.16160000000001 1
100 68.30505016586054 0
100 63.75463488877722 1
94.21907693341072 57.16160000000001 0
88.42788638534532 51.998 1
100 40.75065676660405 0
100 44.93418641161551 1
92.73221669319983 51.998 0
97.03654700105434 51.998 1
100 49.11771605662697 0
100 59.2042196116939 1
98.20898462867092 57.16160000000001 0
100 55.5 1
60.31833643318902 55.5 0
61.242 57.0115 1
61.13001582928335 57.16160000000001 1
100 57.16160000000001 1
100 79.67023679078369 1
100 92.3638 1
85.80189999999999 92.3638 1
92.47800000000001 87.74979999999999 1
88.1824078867518 92.3638 0
90.23184054412889 92.3638 1
100 81.87158227048462 0
100 86.27427322988649 1
94.33070585888308 92.3638 0
100 90.67696418928833 1
98.42957117363727 92.3638 0
100 94.5 1
33.44532081723615 94.5 0
45.836 93.38589999999999 1
23.3813 95.4049 0
23.31833328637154 94.5 1
0 94.5 0
0 97.5 1
100 97.5 0
100 100 1
0 100 0
10.592 91.751 0
10.54634629967701 88.5 1
82.37634965466563 88.5 0
85.03607609909938 91.5 1
45.52544067542385 91.5 0
45.1114 88.98570000000001 1
23.0652 90.8622 0
23.10958078235411 91.5 1
10.58847521415532 91.5 0
10.592 91.751 1
1.61488 91.8433 1
0 91.8433 0
0.1148765351916124 91.8433 1
0.0856265351916124 78.2346 0
1.58563 78.2346 1
10.502 85.34209999999999 0
10.50421738519871 85.5 1
79.71662321023189 85.5 0
77.05689676579811 82.5 1
6.936581051424563 82.5 0
3.173076302919462 79.5 1
8.668597464150693 79.5 0
8.360189999999999 80.27629999999999 1
29.3444 81.0994 0
29.64672373824602 79.5 1
43.42103123332194 79.5 0
44.07940000000001 80.01570000000001 1
21.6895 62.4777 0
22.45547842719058 61.5 1
17.99225438601321 61.5 0
24.27127071330825 64.5 1
0 64.5 0
0 67.5 1
28.10122281731099 67.5 0
12.17003774837332 70.5 1
31.93117492131373 70.5 0
30.21379339857992 76.5 1
39.5910791293192 76.5 0
35.76112702531647 73.5 1
30.78086305891384 73.5 0
30.9204 72.76179999999999 1
18.2132 72.19059999999999 1
10.0278 69.9007 0
9.99100807149113 70.5 1
0 70.5 0
0 73.5 1
9.806833558681848 73.5 0
9.622659045872563 76.5 1
0 76.5 0
12.28165459744333 61.5 1
0 61.5 0
0 58.5 1
9.211398586273596 58.5 0
6.09427 55.4542 1
8.838899999999999 53.1397 1
19.0241 60.56010000000001 1
15.0368 64.19210000000001 1
6.09427 55.4542 0
6.141142575103864 55.5 1
0 55.5 0
3.290984249716383 51.7136 1
0.9453842497163838 44.0224 0
4.081794749905461 44.0224 1
6.427394749905462 51.7136 0
7.9956 51.7136 1
22.7065 48.59010000000001 0
18.42109967664476 49.5 1
31.85687059890694 49.5 0
34.20721864183602 46.5 1
22.28728798385048 46.5 0
24.80582647011967 58.5 1
16.19641813379334 58.5 0
12.07863472589079 55.5 1
27.15617451304876 55.5 0
29.50652255597785 52.5 1
0 52.5 0
0 51.20675415144764 1
0.1545737495273063 51.7136 0
0 51.7136 1
0 44.0224 0
0 43.5 1
13.74158293315546 43.5 0
11.0735 44.2051 1
21.2857 41.5063 0
21.6855770377481 43.5 1
36.55756668476511 43.5 0
38.90791472769421 40.5 1
0 40.5 0
0 37.5 1
13.98187053964394 37.5 0
13.8327 38.2307 1
19.9311 39.31959999999999 0
20.49606756101993 37.5 1
41.25826277062329 37.5 0
43.60861081355237 34.5 1
21.42753749015807 34.5 0
21.9817 32.7152 1
18.678 31.4736 1
15.3773 30.6646 0
15.20675522263782 31.5 1
0 31.5 0
0 34.5 1
14.59431288114088 34.5 0
15.3773 30.6646 0
18.678 31.4736 0
18.74824619845361 31.5 1
52.69056556663917 31.5 0
52.7299 31.8508 1
49.2306 33.7769 0
50.09986136528083 38.7783 1
52.0164 38.7783 0
52.0164 38.7783 0