52.0164 38.7783 0
51.85776397931333 38.7783 1
48.80145503915557 33.7769 0
49.2306 33.7769 1
47.04355242512307 33.7769 1
45.78660000000001 31.72 0
47.1429 23.9877 0
46.83318964957081 22.5 1
0 22.5 0
0 19.5 1
46.20864770476503 19.5 0
45.58410575995924 16.5 1
0 16.5 0
0 13.5 1
44.95956381515346 13.5 0
44.33502187034767 10.5 1
0 10.5 0
0 7.5 1
56.52888582302703 7.5 0
56.6007 7.4877 1
44.15179999999999 9.619890000000002 0
38.4884 27.7767 1
46.5311 26.3982 1
43.7567 23.7082 1
38.4884 27.7767 0
41.43649846626521 25.5 1
0 25.5 0
0 28.5 1
62.39048393541772 28.5 0
62.37485592886021 28.6486 1
61.837108818404 33.76180623777279 0
61.45313696490423 33.95794202018625 1
58.61823294187579 28.6486 0
62.01909882562735 28.6486 1
62.31631500576653 29.20524048640574 0
56.37508683085166 22.5 1
63.02149362145428 22.5 0
63.09610000000001 21.7906 1
69.6354 22.1871 0
69.62129798234781 22.5 1
100 22.5 0
100 28.20006783156965 1
75.51489546178178 51.998 0
71.21056515392726 51.998 1
97.11476429259926 26.8208 0
93.23491173921303 28.5 1
90.54133412982617 28.5 0
91.8021 29.8926 1
94.962599138672 26.8208 1
100 26.8208 0
100 25.5 1
69.48609167695773 25.5 0
69.35088537156764 28.5 1
87.25007710432666 28.5 0
83.82919999999999 19.9467 1
59.4318 20.5651 0
62.70598877843599 25.5 1
45.60471855762081 25.5 0
47.1429 23.9877 1
59.1875 22.0468 1
58.92423774065705 20.5651 1
57.1799942365943 10.7481 0
57.13591286617992 10.5 1
100 10.5 0
100 1.5 1
0 1.5 0
0 4.5 1
100 4.5 0
100 7.5 1
56.60288541255984 7.5 0
60.6357 12.1298 1
60.39020532244439 10.7481 0
58.86671276697253 10.7481 1
59.95705737742037 16.88480798591743 0
58.92423774065705 20.5651 1
59.4318 20.5651 1
60.6357 12.1298 1
83.80019999999999 10.7481 0
83.80887578761985 13.5 1
100 13.5 0
100 16.5 1
83.81833374861392 16.5 0
83.82779170960799 19.5 1
100 19.5 0
89.02109999999999 26.8208 1
66.4973 48.1768 0
67.3841542656757 49.5 1
56.65179233734655 49.5 0
54.81852028942531 46.5 1
68.26579165761379 46.5 0
71.42983923206592 43.5 1
52.98524824150407 43.5 0
58.59688689466817 37.10129999999999 1
61.64991079013461 35.54179186156128 0
61.4859 37.10129999999999 0
63.325385046729 37.5 1
54.51890726455447 37.5 0
51.15197619358283 40.5 1
74.59388680651807 40.5 0
69.08047276078744 34.5 1
80.92198195542235 34.5 0
84.08602952987451 31.5 1
69.21567906617753 31.5 0
77.75793438097023 37.5 1
68.94526645539736 37.5 0
68.89089999999999 38.7063 1
61.4859 37.10129999999999 1
55.29943581526861 37.10129999999999 1
52.0164 38.7783 0
52.0164 38.7783 0