51.0898 51.7312 0
46.5 52.32110386470767 1
46.5 0 0
43.5 0 1
43.5 100 0
40.5 100 1
40.5 67.79948468309152 0
42.1328 65.2192 1
39.6447 69.15110000000001 1
37.1985 72.1404 0
34.5 73.66449379187137 1
34.5 100 0
37.5 100 1
37.5 71.77196162619575 0
71.04640000000001 91.22346128603974 1
73.1532291824559 95.06809999999999 0
76.57414306081864 95.06809999999999 1
71.04640000000001 84.98082042867992 0
71.04640000000001 81.8595 1
71.04640000000001 95.06809999999999 0
71.04640000000001 96.56809999999999 1
86.61199999999999 96.56809999999999 0
86.61199999999999 95.06809999999999 1
78.28460000000001 95.06809999999999 0
81.52898342734454 95.06809999999999 1
86.61199999999999 92.41775800148065 0
100 100 1
100 0 0
97.5 0 1
97.5 100 0
94.5 100 1
94.5 0 0
91.5 0 1
91.5 100 0
88.5 100 1
88.5 0 0
85.5 0 1
85.5 88.76971683607192 0
82.5 83.4917047031725 1
82.5 26.85612844951642 0
84.08459999999999 26.6818 1
83.47139999999999 18.4796 0
82.5 18.58647318028179 1
82.5 0 0
79.5 0 1
79.5 18.91653241524715 0
76.5 19.24659165021251 1
76.5 0 0
73.5 0 1
73.5 19.57665088517787 0
70.5 19.90671012014324 1
70.5 0 0
67.5 0 1
67.5 20.2367693551086 0
65.5428 20.4521 1
66.15600000000001 28.6542 0
67.5 28.50634095913792 1
67.5 55.89892660431569 0
67.51320000000001 56.04470000000001 1
65.73830000000001 36.44370000000001 0
64.5 36.50496776212574 1
64.5 0 0
61.5 0 1
61.5 36.65339971429987 0
58.5 36.801831666474 1
58.5 0 0
55.5 0 1
55.5 36.95026361864812 0
53.6277 37.0429 1
56.6284 56.6671 0
58.5 56.56008068499192 1
58.5 100 0
61.5 100 1
61.5 56.38853871821256 0
64.5 65.68526399549614 1
64.5 56.21699675143319 0
67.5 56.04545478465383 1
67.5 61.47605025394088 0
68.18709999999999 60.512 1
80.68369999999999 73.77090000000001 1
76.9143 77.62450000000001 0
76.5 77.31889558825048 1
76.5 78.98336794265464 0
73.5 75.10597443148356 1
73.5 80.56551481298544 0
70.5 72.89305327471664 1
70.5 100 0
71.04640000000001 99.56809999999999 1
86.61199999999999 99.56809999999999 0
86.61199999999999 100 1
86.61199999999999 90.7261 1
79.1447 77.58860000000001 0
79.5 78.21369257027305 1
79.5 74.98104122141456 0
80.68369999999999 73.77090000000001 0
79.5 72.51499359905893 1
79.5 27.18617095144072 0
76.5 27.51621345336501 1
76.5 69.33199182257573 0
73.5 66.14899004609254 1
73.5 27.84625595528932 0
70.5 28.17629845721361 1
70.5 62.96598826960933 0
68.18709999999999 60.512 1
64.0129 66.36869999999999 1
67.23560000000001 70.48509999999999 0
67.5 70.68013211794971 1
67.5 100 0
64.5 100 1
64.5 66.99087967542744 0
49.5 58.56662559005873 1
49.5 100 0
46.5 100 1
46.5 59.09629167663694 0
40.5 63.76006300555875 1
40.5 45.08901839130816 0
37.5 49.72866178042584 1
37.5 62.33811923522596 0
37.9592 61.48950000000001 1
35.5428 65.95509999999999 1
32.4718 69.8716 0
31.5 70.54326366762967 1
31.5 37.84440723857902 0
34.5 39.2394378170638 1
34.5 46.41053154104856 0
32.30200000000001 49.5886 1
37.14870000000001 42.5808 0
37.5 42.82991525060855 1
37.5 40.63446839554858 0
22.5 54.51558213798383 1
22.5 41.03084820219244 0
23.6274 40.761 1
21.1171 30.3242 0
22.5 36.07373221527307 1
22.5 0 0
19.5 0 1
19.5 30.56656154371662 0
16.5 31.01618409714553 1
16.5 0 0
13.5 0 1
13.5 31.46580665057442 0
12.3344 31.6405 1
15.4174 42.7261 0
13.5 35.83166943237106 1
13.5 45.93786916108984 0
10.5 48.57454524596895 1
10.5 0 0
7.5 0 1
7.5 100 0
4.5 100 1
4.5 0 0
1.5 0 1
1.5 100 0
31.5 74.13898968655207 1
31.5 100 0
28.5 100 1
28.5 36.44937666009425 0
26.7674 35.6437 1
27.7054 27.0808 0
28.5 27.14495358459886 1
28.5 0 0
25.5 0 1
25.5 58.09467489266815 0
19.5 50.9364893832995 1
19.5 41.74891153958588 0
16.5 47.35739662861516 1
16.5 42.46697487697929 0
14.5423 45.0218 1
26.5611 59.36060000000001 0
25.5 60.1597918216637 1
25.5 100 0
22.5 100 1
22.5 62.41931068415651 0
19.5 64.67882954664933 1
19.5 100 0
16.5 100 1
16.5 62.6146514425503 0
13.5 58.61308477153177 1
13.5 100 0
10.5 100 1
10.5 54.61151810051324 0
7.77173 50.97239999999999 1
18.5717 65.37799999999999 0
34.5 67.28500107456856 1
34.5 51.05964984828782 0
35.9932 52.059 1
40.55840000000001 44.9987 0
40.5 44.95728716016072 1
40.5 0 0
37.5 0 1
37.5 38.11202246413697 0
34.76609999999999 37.5104 1
34.5932 27.6369 0
34.5 27.62937531577572 1
34.5 0 0
31.5 0 1
31.5 27.38716445018729 0
34.5932 27.6369 0
55.5 49.28750614523275 1
55.5 100 0
52.5 100 1
52.5 0 0
49.5 0 1
49.5 51.93552898255093 0
51.0898 51.7312 0