38.6067 46.5578 0
38.6067 46.5578 1
43.0227 63.5271 0
41.5 57.67584250226449 1
41.5 38.84377039680059 0
44.5 37.52900441542211 1
44.5 100 0
41.5 100 1
41.5 63.89790922411805 0
38.5 64.62847182499422 1
38.5 100 0
35.5 100 1
35.5 65.35903442587042 0
34.34869999999999 65.63939999999999 1
29.7399 49.36490000000001 0
32.5 59.11130849027947 1
32.5 100 0
29.5 100 1
29.5 0 0
26.5 0 1
26.5 40.67057985380117 0
23.5 40.37777283625731 1
23.5 0 0
20.5 0 1
20.5 45.65966451050475 0
21.0905 40.1426 1
19.9434 50.86 0
20.5 50.88844994160243 1
20.5 100 0
17.5 100 1
17.5 0 0
14.5 0 1
14.5 100 0
11.5 100 1
11.5 0 0
8.5 0 1
8.5 100 0
5.5 100 1
5.5 0 0
2.5 0 1
2.5 100 0
0 100 1
0 0 0
38.5 34.922429932734 1
38.5 0 0
41.5 0 1
41.5 33.44976230815203 0
43.57859999999999 32.4294 0
43.8075 34.7011 1
45.3664 37.1493 0
38.5 40.15853637817909 1
38.5 46.59017862994183 0
38.6067 46.5578 0