38.6067 46.5578 0
27.9305 40.81019999999999 1
24.6525 51.1007 0
23.5 51.04179134441826 1
23.5 100 0
26.5 100 1
26.5 45.3009139261745 0
32.5 49.46494148821712 1
32.5 0 0
35.5 0 1
35.5 47.50054310815624 0
45.3664 37.1493 0
44.5 35.78864795047789 1
44.5 0 0
47.5 0 1
47.5 100 0
50.5 100 1
50.5 0 0
53.5 0 1
53.5 100 0
56.5 100 1
56.5 0 0
59.5 0 1
59.5 100 0
62.5 100 1
62.5 0 0
65.5 0 1
65.5 100 0
68.5 100 1
68.5 0 0
71.5 0 1
71.5 100 0
74.5 100 1
74.5 0 0
77.5 0 1
77.5 100 0
80.5 100 1
80.5 0 0
83.5 0 1
83.5 100 0
86.5 100 1
86.5 0 0
89.5 0 1
89.5 100 0
92.5 100 1
92.5 0 0
95.5 0 1
95.5 100 0
98.5 100 1
98.5 0 0
38.6067 46.5578 0