45.5458 52.2436 0
80.5 54.16941005411465 1
80.5 39.83744826075585 0
85.04830000000001 40.59529999999999 1
86.53129999999999 19.9133 0
86.5 19.90964286482759 1
86.5 0 0
86.0351 0 1
65.5915 0 0
65.5 0 1
65.5 15.56751431055412 0
65.7773 15.346 1
68.5463 18.6357 0
68.5 18.58069345973276 1
68.5 11.06033769449557 0
65.5915 10.1322 0
65.5915 4.671512759162718 1
86.0351 11.96119311364264 0
86.0351 8.776179340927907 1
65.5915 1.486498986447991 0
70.35491282415532 0 1
86.0351 5.59116556821318 0
86.0351 2.406151795498452 1
79.28714913597867 0 0
89.5 0 1
89.5 46.46597165179809 0
92.5 46.71831276112373 1
92.5 20.77031288024644 0
91.49090000000001 20.6994 1
92.32310000000001 13.7139 0
92.5 13.7219697687761 1
92.5 0 0
95.5 0 1
95.5 13.85882282885695 0
99.81800000000001 14.0558 0
99.28190000000001 21.2469 1
99.81800000000001 14.0558 0
98.5 13.99567588893781 1
98.5 0 0
100 0 1
100 100 0
98.5 100 1
98.5 21.19195323450135 0
95.5 20.9811330573739 1
95.5 100 0
92.5 100 1
92.5 63.58740460441879 0
92.9502 63.6294 1
94.51259999999999 46.88760000000001 0
83.5 40.33731749051915 1
83.5 51.46991244844575 0
86.5 48.77041484277687 1
86.5 20.34981153068105 0
86.53129999999999 19.9133 0
83.5 19.55911872689655 1
83.5 15.84701997657688 0
80.5 19.20859458896552 1
80.5 14.88968352016062 0
77.5 13.93234706374435 1
77.5 32.45571513927577 0
65.5 25.2507564985451 1
65.5 76.88152177890521 0
63.25074484641172 77.7844791041409 1
64.37870000000001 76.84467708303254 0
64.37870000000001 77.33166459492656 1
53.7411 81.60210000000001 1
53.7411 99.22880000000001 1
53.7411 100 1
80.2355 100 1
80.2355 99.22880000000001 1
53.7411 99.22880000000001 0
53.5 100 1
53.5 80.05143434082214 0
54.20637072943045 81.41531833910807 1
64.37870000000001 72.93982569434419 0
68.5 75.67717998985313 1
68.5 18.67258199371351 0
79.28129999999999 19.0662 1
78.02590000000001 30.3204 1
75.87190000000001 39.0663 0
77.5 39.33757903099254 1
77.5 56.86890765978355 0
74.64769999999999 59.4355 1
74.09440000000001 61.87050000000001 0
74.5 61.90833503431305 1
74.5 78.79689189383993 0
89.5 63.30755967606784 1
89.5 100 0
86.5 100 1
86.5 63.02771474771689 0
83.5 62.74786981936593 1
83.5 100 0
80.5 100 1
80.5 62.46802489101496 0
77.5 62.18817996266401 1
77.5 85.7469266455582 0
80.2355 92.08420000000001 0
80.2355 93.68559041747105 1
65.4077285900479 99.22880000000001 0
73.97498577014369 99.22880000000001 1
80.2355 96.88837125241315 0
80.2355 92.08420000000001 1
72.46610000000001 74.08500000000001 0
71.5 74.47283820080108 1
71.5 12.01767415091183 0
74.5 12.97501060732809 1
74.5 60.08550813302006 0
17.5 46.44793300481277 1
17.5 0 0
20.5 0 1
20.5 51.5584539719671 0
20.6614 51.8334 0
20.5 51.99758152894388 1
20.5 80.38809142851511 0
17.5 77.26753090188814 1
17.5 52.94469245643255 0
14.5 48.96859870008531 1
14.5 100 0
32.87090000000001 86.30590000000001 1
34.2526 83.34829999999999 0
32.5 82.59114763820131 1
32.5 29.6683820573194 0
29.5 29.63297360788254 1
29.5 81.29509772070958 0
47.5 77.64035931642169 1
47.5 100 0
50.5 100 1
50.5 80.86149211383162 0
45.9499 75.976 1
51.386 81.81280000000001 0
53.7411 85.48475918335902 1
59.49783571055616 99.22880000000001 0
56.24530713166848 99.22880000000001 1
53.7411 93.25007755007707 0
41.5 91.92725196374622 1
41.5 44.19841030589949 0
40.0538 41.32259999999999 1
40.0538 33.86490335326249 0
40.0538 35.6751645672642 1
51.7098369149777 27.80009259494642 0
53.0969107449331 30.48347778483927 1
40.0538 39.29568699526763 0
54.3708 32.9479 1
40.0538 41.32259999999999 1
45.5458 52.2436 0
45.5458 52.2436 0