45.5458 52.2436 0
44.5 50.16399661325565 1
44.5 93.15786626384693 0
44.88939999999999 93.3176 1
44.88939999999999 100 1
36.05329999999999 100 1
36.05329999999999 99.9008 1
44.88939999999999 99.9008 0
44.88939999999999 97.19905513657454 1
43.75735281454722 99.9008 0
38.09787367002995 99.9008 1
36.05329999999999 99.08161818057982 0
35.5 100 1
35.5 17.72120549628942 0
35.6854 14.4419 1
34.82299999999999 29.6958 0
35.6867 24.1042 1
38.2377 35.0919 0
38.5 34.91468441691578 1
38.5 91.86169351308155 0
38.9314 90.87360000000001 1
36.05329999999999 97.4657 0
32.5 100 1
32.5 86.12942989127552 0
29.5 84.70206314505435 1
29.5 100 0
26.5 100 1
26.5 0 0
23.5 0 1
23.5 100 0
20.5 100 1
20.5 88.7648955696977 0
20.4959 88.7817 1
22.1301 82.08369999999999 1
17.0563 76.80600000000001 1
16.4269 87.58029999999999 0
17.5 87.89714009338903 1
17.5 100 0
11.5 100 1
11.5 46.35432943591421 0
13.475 47.6101 1
18.3984 54.1354 1
20.6614 51.8334 1
15.4461 42.9491 0
14.5 42.1647127325717 1
14.5 0 0
11.5 0 1
11.5 39.67748960363721 0
11.1571 39.39319999999999 1
7.056649999999999 43.5291 0
8.5 44.44682984489783 1
8.5 100 0
5.5 100 1
5.5 0 0
8.5 0 1
8.5 42.0732716726213 0
0 0 1
0 100 0
2.5 100 1
2.5 0 0
27.1816 21.3386 1
28.5214 21.2681 1
29.0175 14.3632 0
29.5 14.36889485895109 1
29.5 0 0
32.5 0 1
32.5 14.40430330838795 0
35.5 14.4397117578248 1
35.5 0 0
38.5 0 1
38.5 22.36531776506625 0
41.5 20.51103748752698 1
41.5 0 0
44.5 0 1
44.5 18.73189656750915 0
47.5 18.03538759230354 1
47.5 0 0
50.5 0 1
50.5 9.482327463535182 0
53.5 9.678401340790426 1
53.5 0 0
56.5 0 1
56.5 27.17487582576856 0
59.5 28.42222070322105 1
59.5 0 0
62.5 0 1
62.5 23.60961808267932 0
61.3961 23.3414 1
59.3626 28.7904 0
59.5 28.82734306386897 1
59.5 32.56796454344344 0
62.5 37.96105326111831 1
62.5 29.63396017891206 0
63.9235 30.0167 1
65.77930000000001 24.4064 0
65.5 24.33853759353897 1
65.5 20.77833285420945 0
65.65119999999999 20.9419 1
62.72920000000001 17.7809 0
53.5 21.78178710809367 1
53.5 10.79411558339403 0
53.65130000000001 9.688289999999999 1
52.9648 14.7058 0
50.5 14.66098984425507 1
50.5 17.33887861709792 0
50.96810000000001 17.2302 1
64.0771 40.7962 0
62.5 41.77042709361999 1
62.5 68.64664667048802 0
64.37870000000001 70.98740000000001 1
59.3194 64.68379999999999 0
59.5 64.90881732650763 1
59.5 43.62362681517217 0
56.5 45.47682653672435 1
56.5 67.06513278581846 0
53.5 69.59900465836418 1
53.5 47.33002625827653 0
50.5 49.18322597982872 1
50.5 72.1328765309099 0
47.5 74.66674840345561 1
47.5 51.03642570138091 0
45.5458 52.2436 0