18.641 71.9452
7.28627 62.7376
1.13438 74.0314
12.4787 80.0512

30.1713 59.6949
29.5064 51.9943
25.1801 52.127
23.3612 41.1155
16.4895 41.2763
17.143 54.3372
21.4693 54.2046
22.9675 66.9167

22.0654 85.1927
16.3236 84.0198
14.1423 91.3463
20.8307 91.5313

38.3308 77.1249
33.8115 72.5798
32.1633 73.981
30.4098 75.5154
34.7606 80.6844

66.5965 39.7684
56.0736 30.6775
52.9755 34.6817
41.9397 26.9416
37.6022 33.0869
49.081 42.3276
52.195 38.7025
62.4407 45.7162

54.3599 85.2282
45.6282 78.5277
35.884 91.1047
44.4202 98.9196

55.3747 68.7565
52.515 62.8812
44.63 65.6554
47.142 71.7881

57.8759 45.3982
49.119 45.8087
48.8855 51.2462
57.4335 50.2732

71.9568 60.6378
70.5581 55.4665
64.1771 55.7695
64.4526 58.8164
65.6148 61.476

87.8315 48.8053
83.2534 43.287
70.614 54.6067
75.7879 59.7575
82.6283 53.8941

88.4839 17.1122
82.0603 12.8467
76.9994 19.3944
85.4189 31.2242
86.7198 29.12
82.6937 25.9465

99.9389 30.6489
94.3282 0.259945
85.4558 2.4624
92.1946 32.5556

82.9277 65.431
81.1018 58.5329
77.7925 59.2168
79.8677 66.0156

96.383 94.6491
95.5576 90.5327
92.0467 91.4466
92.8318 95.676