57.9034 49.7008 0
57.9034 49.7008 1
74.05510000000001 53.2452 0
74.23078558927313 52.5 1
100 52.5 0
100 49.5 1
74.9380544671842 49.5 0
79.74141456310679 55.5 1
0 55.5 0
0 58.5 1
76.50678630549422 58.5 0
76.17429999999999 57.98699999999999 1
81.71430000000001 54.1245 0
82.65964372506252 55.5 1
100 55.5 0
100 76.5 1
77.40105680094101 76.5 0
78.16749999999999 75.4145 1
62.194 67.6514 0
68.0553327279051 70.5 1
100 70.5 0
100 73.5 1
74.22818893225644 73.5 0
82.84083050733051 61.5 1
100 61.5 0
100 58.5 1
84.72146210033517 58.5 0
85.5899 59.7636 1
79.72620000000001 63.46729999999999 0
78.45115066510957 61.5 1
0 61.5 0
0 64.5 1
100 64.5 0
100 67.5 1
0 67.5 0
0 70.5 1
60.57339658492769 70.5 0
58.86665985628312 73.5 1
0 73.5 0
0 76.5 1
57.15992312763855 76.5 0
55.8603 78.78440000000001 1
54.4157 78.02459999999999 0
53.40906176307777 79.5 1
0 79.5 0
0 82.5 1
51.94181274588945 82.5 0
51.4576 82.36019999999999 1
59.6099 84.7139 0
56.53008526046293 88.5 1
100 88.5 0
100 85.5 1
91.1031101486553 85.5 0
91.9727 84.10509999999999 1
85.66810000000001 80.7629 0
88.94489991023877 82.5 1
100 82.5 0
100 79.5 1
75.28283515453197 79.5 0
74.0256 81.28059999999999 1
67.16159999999999 84.60849999999999 0
71.5105119264401 82.5 1
84.62111042084169 82.5 0
83.9237 83.65710000000001 1
90.3246 86.74879999999999 0
87.73914736229258 85.5 1
25.27114232969784 85.5 0
22.0908 85.0231 0
18.9487 84.7595 1
12.4403 83.5633 0
11.93678134578957 85.5 1
0 85.5 0
0 88.5 1
12.44030251460503 88.5 0
11.2325 88.2089 1
17.7665 89.78370000000001 0
18.06855607658931 88.5 1
23.57663483383102 88.5 0
22.29460069379448 85.5 1
18.77445950400064 85.5 0
22.0908 85.0231 1
37.0102 87.2603 0
36.86663037874959 88.5 1
51.17050091030393 88.5 0
52.9226 86.15620000000001 1
58.8142 89.98400000000001 0
57.67399724395423 91.5 1
100 91.5 0
100 100 1
0 100 0
0 97.5 1
100 97.5 0
100 94.5 1
55.41765933621193 94.5 0
53.5364 97.00129999999999 1
47.88039999999999 92.90119999999999 0
50.08591030462672 94.5 1
0 94.5 0
0 91.5 1
24.85866897386757 91.5 0
24.9673 91.7542 1
36.2311 93.98769999999999 0
36.51920046526146 91.5 1
48.92786191845812 91.5 0
31.72976310736308 40.5 1
100 40.5 0
100 37.5 1
31.15895810691768 37.5 0
30.58815310647227 34.5 1
100 34.5 0
100 31.5 1
0 31.5 0
0 28.5 1
100 28.5 0
100 25.5 1
0 25.5 0
0 22.5 1
100 22.5 0
100 19.5 1
0 19.5 0
0 16.5 1
100 16.5 0
100 1.5 1
0 1.5 0
0 4.5 1
100 4.5 0
100 7.5 1
0 7.5 0
0 10.5 1
100 10.5 0
100 13.5 1
0 13.5 0
26.10348032325668 34.5 1
0 34.5 0
0 37.5 1
14.30395875866975 37.5 0
14.3797 37.0475 1
30.4101 33.5642 0
63.65395632290847 43.5 1
100 43.5 0
100 46.5 1
74.25547353467402 46.5 0
75.55840000000001 46.8687 1
60.7449 42.6768 0
60.41188137813212 43.5 1
32.30056810780849 43.5 0
32.33240000000001 43.6673 1
12.4973 48.29349999999999 0
20.18703495525485 46.5 1
59.19825666287016 46.5 0
57.98463194760821 49.5 1
0 49.5 0
0 46.5 1
12.79750313000178 46.5 0
13.29965500622443 43.5 1
0 43.5 0
0 40.5 1
13.80180688244709 40.5 0
0 52.5 1
70.65925110032728 52.5 0
57.9034 49.7008 0