54.7101 64.97739999999999 0
54.7101 64.97739999999999 1
67.54480000000001 63.5634 0
67.76028983030611 63.5634 1
67.5490078180531 63.86296071834461 0
67.62209999999999 69.06649999999999 0
66.25862257381357 73.5 1
0 73.5 0
0 76.5 1
36.04128217083642 76.5 0
32.83248356648612 79.5 1
0 79.5 0
0 82.5 1
29.62368496213583 82.5 0
26.41488635778553 85.5 1
0 85.5 0
0 88.5 1
23.20608775343523 88.5 0
22.6392 89.03 0
25.20943321554769 91.5 1
0 91.5 0
0 97.5 1
100 97.5 0
100 100 1
0 100 0
0 94.5 1
28.33117396317648 94.5 0
31.032 97.09549999999999 0
33.80727489177491 94.5 1
100 94.5 0
100 91.5 1
37.01506709956712 91.5 0
40.22285930735931 88.5 1
100 88.5 0
100 85.5 1
41.17369573579457 85.5 0
41.5048 87.30109999999999 1
31.032 97.09549999999999 1
22.6392 89.03 1
39.0091 73.7253 0
39.51918550435333 76.5 1
64.14270417082099 76.5 0
63.6942 77.13589999999999 1
68.1626 80.22669999999999 0
67.11200265303481 79.5 1
40.07068891483375 79.5 0
40.62219232531416 82.5 1
100 82.5 0
100 79.5 1
71.54720671910613 79.5 0
68.1626 80.22669999999999 1
87.1694 76.14580000000001 0
85.51971278394475 76.5 1
100 76.5 0
100 73.5 1
87.71372571281975 73.5 0
88.86170000000001 74.30959999999999 1
73.38560000000001 63.3952 0
83.45986842336728 70.5 1
100 70.5 0
100 67.5 1
79.20601113391481 67.5 0
74.95215384446234 64.5 1
100 64.5 0
100 61.49999999999999 1
30.83450701413168 61.49999999999999 0
29.2785 62.4973 0
26.50746521345297 58.49999999999999 1
0 58.49999999999999 0
0 55.49999999999999 1
24.42778533962787 55.49999999999999 0
16.94795690556465 61.49999999999999 1
28.58714508727807 61.49999999999999 0
29.2785 62.4973 1
35.61579999999999 58.4355 0
35.51516583534395 58.49999999999999 1
100 58.49999999999999 0
100 55.49999999999999 1
33.79514502198975 55.49999999999999 0
31.93448587226032 52.49999999999999 1
100 52.49999999999999 0
100 49.5 1
30.0738267225309 49.5 0
54.7101 64.97739999999999 0