54.7101 64.97739999999999 0
51.6421 6.322089999999999 1
40.2984 3.11561 0
39.86409534174194 4.5 1
22.55416434816261 4.5 0
23.6217 5.140420000000001 1
18.8837 2.29807 0
17.82708989114577 4.5 1
0 4.5 0
0 1.5 1
100 1.5 0
100 4.5 1
45.19601509287443 4.5 0
51.6421 6.322089999999999 0
51.31342113226749 7.499999999999998 1
100 7.499999999999998 0
100 10.5 1
50.47631421985693 10.5 0
49.63920730744637 13.5 1
100 13.5 0
100 16.5 1
48.80210039503581 16.5 0
48.33 18.1919 1
36.5021 15.2167 0
37.04065546979652 13.5 1
0 13.5 0
21.4837 9.595929999999999 1
16.7457 6.75357 0
17.98994258010948 7.499999999999998 1
0 7.499999999999998 0
0 10.5 1
37.98180209377833 10.5 0
38.92294871776014 7.499999999999998 1
22.48944307767236 7.499999999999998 0
36.5021 15.2167 0
41.60385587187415 16.5 1
0 16.5 0
0 19.5 1
100 19.5 0
100 22.5 1
72.66075706203571 22.5 0
72.1645 22.2979 1
82.14709999999999 26.3633 0
80.0272646627638 25.5 1
100 25.5 0
100 28.49999999999999 1
81.30009872904569 28.49999999999999 0
80.11087992768708 31.49999999999999 1
100 31.49999999999999 0
100 34.5 1
10.69673838896104 34.5 0
10.873787168417 31.49999999999999 1
77.73822601080863 31.49999999999999 0
79.61449999999999 32.7522 1
70.63140000000001 26.757 0
71.06357391401852 25.5 1
16.28975222482435 25.5 0
16.3789 24.9648 1
9.676220000000001 25.5661 0
10.41303547979382 25.5 1
0 25.5 0
0 22.5 1
72.09501523625843 22.5 0
70.63140000000001 26.757 0
73.24307989391514 28.49999999999999 1
16.10053300658745 28.49999999999999 0
16.6229 30.8703 1
9.58099 31.6416 0
8.410250000000001 30.4982 1
9.063548721559815 31.6416 1
9.58099 31.6416 1
9.369428273888154 30.4982 1
0 30.4982 1
0 40.7912 1
5.03406 40.7912 0
3.306487951657793 40.7912 1
1.11902 36.96263939823105 0
1.11902 32.28036453930416 1
4.895517196556227 30.4982 0
9.369428273888154 30.4982 1
9.03473 28.6893 0
9.073611293865266 28.49999999999999 1
0 28.49999999999999 0
1.11902 30.4982 1
1.11902 40.7912 0
0 43.5 1
24.80846082454499 43.5 0
26.80784422308216 40.5 1
5.651110506553529 40.5 0
5.03406 40.7912 1
12.3253 37.3503 0
12.00808687901422 37.5 1
28.80722762161933 37.5 0
30.41 35.0951 1
34.07250000000001 37.1895 0
33.86525120707877 37.5 1
100 37.5 0
100 40.5 1
31.86284741073834 40.5 0
29.86044361439792 43.5 1
100 43.5 0
100 46.5 1
27.85803981805748 46.5 0
27.6305 46.8409 1
24.141 44.50149999999999 0
27.12200613405145 46.5 1
0 46.5 0
0 49.5 1
26.55090342142933 49.5 0
28.762 47.3849 1
22.7734 53.1135 0
23.41474449952869 52.49999999999999 1
0 52.49999999999999 0
14.4799 58.96259999999999 1
10.5522 62.4667 0
11.63576142518765 61.49999999999999 1
0 61.49999999999999 0
0 64.5 1
12.49553989341925 64.5 0
15.36280969141157 67.5 1
0 67.5 0
0 70.5 1
37.08943242158458 70.5 0
36.47969999999999 70.429 1
42.2567 71.10169999999999 0
42.26958319496802 70.5 1
54.98083306583922 70.5 0
54.985 70.58500000000001 1
68.31458995538802 70.58500000000001 0
66.55109263501859 70.58500000000001 1
67.62209999999999 69.06649999999999 0
67.62069286451299 68.9663239676774 1
71.43140828223906 63.5634 0
73.26696750820554 63.5634 1
67.54480000000001 63.5634 1
67.62209999999999 69.06649999999999 1
54.985 70.58500000000001 0
54.83376480134103 67.5 1
42.33381717353552 67.5 0
42.3578 66.37989999999999 1
36.4666 65.91820000000001 0
36.47119377050635 67.5 1
18.36906311149279 67.5 0
16.7218 68.92189999999999 1
20.769 65.42840000000001 0
19.86597169105137 64.5 1
59.04339970297038 64.5 0
54.7101 64.97739999999999 0