46.0592 54.7076 0
46.0592 54.7076 1
40.3763 54.38460000000001 0
40.34528885982165 55.49999999999999 1
0 55.49999999999999 0
0 58.49999999999999 1
40.26188073669537 58.49999999999999 0
40.2307 59.6215 1
46.5598 59.9432 0
46.42180895408359 58.49999999999999 1
100 58.49999999999999 0
100 61.49999999999999 1
0 61.49999999999999 0
0 64.5 1
100 64.5 0
100 67.5 1
0 67.5 0
0 70.5 1
79.01999688641834 70.5 0
72.48127940327484 76.5 1
100 76.5 0
100 79.5 1
72.84950685365416 79.5 0
72.40539999999999 75.8818 1
62.9689 77.72989999999999 0
63.29908900646603 79.5 1
0 79.5 0
0 82.5 1
63.85869977387924 82.5 0
64.43729999999999 85.6018 0
64.91809042631974 85.5 1
100 85.5 0
100 82.5 1
73.21773430403351 82.5 0
73.3664 83.71119999999999 1
64.43729999999999 85.6018 0
64.41831054129244 85.5 1
47.34350424717458 85.5 0
50.58929999999999 86.179 1
45.34439999999999 85.08179999999999 0
45.2393383676972 85.5 1
0 85.5 0
0 88.5 1
44.48566812162257 88.5 0
43.73199787554793 91.5 1
0 91.5 0
0 94.5 1
47.67472560646893 94.5 0
48.4255 94.6327 1
43.178 93.70519999999999 0
48.4255 94.6327 0
48.45946574990833 94.5 1
100 94.5 0
100 100 1
0 100 0
0 97.5 1
100 97.5 0
100 91.5 1
49.22734253758709 91.5 0
49.99521932526586 88.5 1
100 88.5 0
86.64865149055234 70.5 1
100 70.5 0
100 73.5 1
86.58279429341255 73.5 0
86.56190000000001 74.45179999999999 1
78.8672 74.0839 0
78.89209413822363 73.5 1
0 73.5 0
0 76.5 1
69.24883688112121 76.5 0
0 49.5 1
100 49.5 0
100 52.5 1
0 52.5 0
0 46.5 1
100 46.5 0
100 43.5 1
0 43.5 0
0 40.5 1
100 40.5 0
100 37.5 1
0 37.5 0
0 30.35138173302306 1
2.87170237086888 34.40779999999999 0
6.547381422521328 34.40779999999999 1
0 25.15930758219238 0
0 19.96723343136171 1
10.22306047417377 34.40779999999999 0
12.0609 34.40779999999999 1
25.785 24.6929 0
24.20241685051523 22.5 1
33.72041127440011 22.5 0
32.22111437121821 16.5 1
0 16.5 0
0 13.5 1
27.19195870488497 13.5 0
25.785 24.6929 0
24.64482139702931 25.5 1
34.03267751419979 25.5 0
33.998 25.4793 1
38.5106 28.173 0
39.59594223006508 25.5 1
100 25.5 0
100 28.49999999999999 1
20.40676439181053 28.49999999999999 0
16.16870738659173 31.49999999999999 1
100 31.49999999999999 0
100 34.5 1
0 34.5 0
0 34.40779999999999 1
0 17.7858 0
0.2935146696514065 17.7858 1
1.11869 18.9514 1
3.32702 17.7858 1
22.6054 20.2871 0
16.53894939511452 19.5 1
35.21373466119607 19.5 0
35.68000000000001 18.5633 1
25.4569 12.465 0
26.60041102608516 10.5 1
0 10.5 0
0 7.499999999999998 1
28.34622938652051 7.499999999999998 0
30.09204774695587 4.5 1
0 4.5 0
0 1.5 1
32.64236103239733 1.5 0
32.7085 1.42354 0
35.9284 2.17338 1
32.7085 1.42354 0
33.03682811533128 1.5 1
100 1.5 0
99.6121 6.936009472379951 1
98.7308913745386 3.91451 0
99.6121 3.91451 1
99.6121 19.7581 0
100 22.5 1
40.81405921105842 22.5 0
41.824 20.0127 0
41.78987613074111 19.5 1
88.40420558792908 19.5 0
88.48330000000001 19.7581 1
100 19.7581 1
100 3.91451 1
97.16839999999999 3.91451 1
84.9246 8.145389999999999 0
85.64616719723475 10.5 1
41.16064494927976 10.5 0
39.73928171261252 7.499999999999998 1
86.79230271952881 7.499999999999998 0
95.47404268851869 4.5 1
38.06869009555432 4.5 0
38.5826 5.05865 0
41.19580000000001 10.5742 0
41.39053301477989 13.5 1
86.56551332746619 13.5 0
87.48485945769764 16.5 1
41.5902045727605 16.5 0
88.48330000000001 19.7581 0
91.17608788754697 19.7581 1
99.6121 14.09967716783329 0
99.6121 17.71203150349987 1
96.56166366264091 19.7581 0
100 55.49999999999999 1
46.13496503934601 55.49999999999999 0
46.0592 54.7076 0