48.1537 43.98909999999999 0
48.1537 43.98909999999999 1
53.4169 42.1618 0
52.9341449373882 58.5 1
32.85002069892049 58.5 0
33.34742068943717 55.5 1
54.18781220035778 55.5 0
54.2805 55.2782 1
57.41200000000001 55.8783 0
55.43791826362273 55.5 1
78.70987499136442 55.5 0
78.8229 56.3242 1
62.53019999999999 59.4319 0
55.92464203838924 58.5 1
67.41586049811758 58.5 0
64.64860588493971 52.5 1
78.29847602763385 52.5 0
76.23428026023075 49.5 1
77.88707706390329 49.5 0
77.8304 49.08669999999999 1
62.9011 52.9525 0
62.9523031824346 52.5 1
33.84482067995384 52.5 0
34.34222067047052 49.5 1
63.2917717952607 49.5 0
63.6312404080868 46.5 1
34.83962066098721 46.5 0
34.8914 46.18770000000001 1
27.9381 45.1384 0
18.0603 32.7944 1
20.1199 32.65179999999999 0
19.91536052358 31.5 1
100 31.5 0
100 28.5 1
19.38261314620546 28.5 0
19.1804 27.3613 1
15.459 27.9405 0
65.63866347120216 19.5 1
14.96622499401402 19.5 0
16.94106337266975 16.5 1
56.66382273601749 16.5 0
57.09494479661181 13.5 1
18.91590175132546 13.5 0
20.89074012998119 10.5 1
100 10.5 0
100 13.5 1
77.99829904957954 13.5 0
78.0899 13.0276 1
57.45440000000001 10.9987 0
56.4161 18.2238 1
67.63319999999999 19.776 1
76.31899999999999 22.1604 0
76.83486614838822 19.5 1
100 19.5 0
100 16.5 1
77.41658259898389 16.5 0
100 1.5 1
0 1.5 0
0 4.5 1
100 4.5 0
100 7.5 1
16.29164620186869 7.5 0
21.0247 10.2965 1
14.1576 6.23911 1
0 6.23911 0
0.2643499999999996 6.23911 1
0.2643499999999996 24.914 0
0 25.5 1
100 25.5 0
100 22.5 1
12.9913866153583 22.5 0
11.4023 24.914 1
4.76435 24.914 0
3.26435 24.914 1
3.26435 6.23911 0
4.76435 6.799104830819813 1
5.138396262510637 6.23911 0
4.76435 6.23911 1
4.76435 20.302 0
4.76435 17.60142096616396 1
12.35375925250213 6.23911 0
8.746077757506381 6.23911 1
4.76435 12.20026289849189 0
4.76435 22.12851536849668 1
8.773436667321658 24.914 0
0 28.5 1
15.54608077605202 28.5 0
16.01300182726931 31.5 1
0 31.5 0
0 34.5 1
14.86182013902781 34.5 0
15.1847 36.0977 1
18.0452 35.60599999999999 0
18.05113989187651 34.5 1
100 34.5 0
80.73987564925054 39.604 1
80.86940000000001 40.37309999999999 1
74.0728 39.604 0
69.92652347086585 40.5 1
53.000876438104 40.5 0
52.0025 36.512 1
45.1874 39.889 1
37.05549999999999 40.72110000000001 0
39.21625362336256 40.5 1
0 40.5 0
0 37.5 1
50.00862413384661 37.5 0
52.0025 36.512 0
52.24984100322135 37.5 1
100 37.5 0
100 54.61361538481546 1
97.47222638445268 39.604 0
94.4299807962341 39.604 1
99.81176725090879 71.56039999999999 0
100 73.5 1
60.12029444220701 73.5 0
60.1789 72.26679999999999 1
51.5928 72.54929999999999 1
43.9002 76.83449999999999 0
44.50067948753851 76.5 1
0 76.5 0
0 73.5 1
49.88614574348921 73.5 0
35.74547264591921 64.5 1
63.1678232666859 64.5 0
62.79038994846849 61.5 1
36.56429577212707 61.5 0
49.56246217369889 43.5 1
63.97070902091289 43.5 0
64.1694 41.7441 1
74.0728 39.604 1
100 39.604 1
100 71.56039999999999 1
86.12166210392522 71.56039999999999 0
87.64278489803451 71.56039999999999 1
82.26099844335982 39.604 0
85.3032440315784 39.604 1
90.68503048625305 71.56039999999999 0
93.72727607447163 71.56039999999999 1
88.34548961979695 39.604 0
91.38773520801553 39.604 1
96.76952166269021 71.56039999999999 0
100 76.5 1
69.13568155476591 76.5 0
82.87023215816848 67.5 1
85.43784897977602 67.5 0
85.34780000000001 66.96530000000001 1
64.05609999999999 71.56039999999999 0
68.96953358795238 70.5 1
85.94307983694466 70.5 0
96.33420000000001 83.51613012684061 1
92.13932813434056 80.86009999999999 0
86.53130937811352 80.86009999999999 1
96.33420000000001 87.0669100422802 0
96.33420000000001 91.49318609004612 1
90.65346408946834 99.77070000000001 0
88.83420000000001 99.77070000000001 1
100 99.77070000000001 1
100 100 1
0 100 0
0 97.5 1
85.34553459565927 97.5 0
88.83420000000001 99.77070000000001 1
76.43190000000001 91.69829999999999 0
76.56537952796589 91.5 1
25.66145667884694 91.5 0
24.44952001624036 88.5 1
38.66691691939576 88.5 0
38.6739 88.5437 1
42.2136 89.9297 1
51.6234 90.4727 0
51.83238928584042 88.5 1
78.58473698584635 88.5 0
80.60409444372681 85.5 1
52.15021148765585 85.5 0
57.5043 78.90960000000001 1
57.82089999999999 77.69730000000001 1
59.9311 77.4811 1
60.83365079081383 77.4811 1
60.7355 74.7484 1
60.06096653242047 74.7484 1
59.9311 77.4811 0
60.90616392126138 79.5 1
52.78585589128669 79.5 0
52.46803368947127 82.5 1
61.013915365782 82.5 0
61.02889999999999 82.91720000000001 1
69.21789999999999 82.79230000000001 0
69.21408065706626 82.5 1
82.62345190160727 82.5 0
83.72730000000001 80.86009999999999 1
96.33420000000001 80.86009999999999 1
96.33420000000001 99.77070000000001 0
94.29199226840504 99.77070000000001 1
96.33420000000001 96.79495827013835 0
98.5 99.77070000000001 1
98.5 80.86009999999999 0
100 79.5 1
69.17488110591609 79.5 0
76.43190000000001 91.69829999999999 0
80.73638490040136 94.5 1
0 94.5 0
0 91.5 1
20.73213929618768 91.5 0
19.9095 88.69479999999999 1
24.1896 87.85659999999999 0
20.90420708661416 88.5 1
0 88.5 0
0 85.5 1
38.18752923489392 85.5 0
38.11960000000001 85.07490000000001 0
39.41761132667013 82.5 1
0 82.5 0
0 79.5 1
41.47210296883597 79.5 0
34.92664951971135 67.5 1
63.54525658490333 67.5 0
63.92268990312076 70.5 1
0 70.5 0
0 67.5 1
27.90712875424725 67.5 0
28.36116324029088 64.5 1
0 64.5 0
0 61.5 1
28.81519772633451 61.5 0
28.9882 60.3569 1
24.575 59.4237 0
24.79246098926869 58.5 1
0 58.5 0
0 55.5 1
25.49873247114166 55.5 0
26.20500395301464 52.5 1
0 52.5 0
0 49.5 1
26.91127543488761 49.5 0
27.61754691676059 46.5 1
0 46.5 0
0 43.5 1
37.76381744565218 43.5 0
37.8528 43.84910000000001 1
48.1537 43.98909999999999 0
48.1537 43.98909999999999 0