40.6932 39.953 0
59.69594780443416 49.5 1
100 49.5 0
100 46.5 1
53.72462242334036 46.5 0
47.75329704224657 43.5 1
100 43.5 0
100 40.5 1
41.78197166115277 40.5 0
40.6932 39.953 0
40.6932 39.953 1
68.91030000000001 54.1293 0
68.1521941768512 55.5 1
100 55.5 0
100 52.5 1
65.66727318552796 52.5 0
100 37.5 1
8.093270572558556 37.5 0
8.004997177109765 34.5 1
100 34.5 0
100 31.5 1
7.916723781660975 31.5 0
7.828450386212184 28.5 1
100 28.5 0
100 25.5 1
7.740176990763395 25.5 0
7.651903595314604 22.5 1
100 22.5 0
100 19.5 1
7.563630199865814 19.5 0
7.475356804417025 16.5 1
100 16.5 0
100 13.5 1
7.387083408968234 13.5 0
7.30423 10.6842 0
0 1.5 1
100 1.5 0
100 4.5 1
0 4.5 0
2.874600861109387 10.6842 1
4.5433251497076 50.6824 0
6.04463 50.6824 1
8.47081 50.3308 0
6.04463 50.6824 1
0 50.6824 1
0 10.6842 0
0 10.5 1
100 10.5 0
100 7.5 1
0 7.5 0
0 13.75248587447866 1
1.540715449122803 50.6824 0
0 52.5 1
34.3863769201995 52.5 0
32.87840933915211 55.5 1
0 55.5 0
0 58.5 1
37.37608605232114 58.5 0
43.05476900284505 61.5 1
0 61.5 0
0 64.5 1
48.73345195336896 64.5 0
54.41213490389286 67.5 1
0 67.5 0
0 70.5 1
100 70.5 0
100 73.5 1
0 73.5 0
0 76.5 1
91.89259065448576 76.5 0
88.27567537363501 79.5 1
0 79.5 0
0 88.5 1
81.99630388591262 88.5 0
83.18207314570287 91.5 1
0 91.5 0
0 100 1
100 100 0
100 97.5 1
0 97.5 0
0 94.5 1
100 94.5 0
100 92.34180000000001 1
83.51480000000001 92.34180000000001 0
85.81913653185831 92.34180000000001 1
97.61070000000001 82.2305629770272 0
97.61070000000001 86.18248893108156 1
90.4278095955749 92.34180000000001 0
95.03648265929147 92.34180000000001 1
97.61070000000001 90.13441488513595 0
98.5 92.34180000000001 1
98.5 74.2353 0
97.61070000000001 74.2353 1
97.61070000000001 80.25460000000001 0
97.61070000000001 76.88077013311243 1
96.29761191389363 74.2353 0
94.62299999999999 74.2353 1
86.17689999999999 81.24080000000001 1
80.37180000000001 84.38999999999999 0
80.81053462612238 85.5 1
0 85.5 0
0 82.5 1
83.85574481138067 82.5 0
66.49295621854782 58.5 1
100 58.5 0
100 61.5 1
64.83371826024444 61.5 0
63.17448030194105 64.5 1
100 64.5 0
100 67.5 1
61.51524234363767 67.5 0
59.9091 70.404 1
32.6306 55.99299999999999 0
35.89434450124688 49.5 1
8.446364154353716 49.5 0
8.358090758904925 46.5 1
37.40231208229426 46.5 0
38.91027966334164 43.5 1
8.269817363456134 43.5 0
8.181543968007343 40.5 1
40.41824724438902 40.5 0
40.6932 39.953 0