6.22266 21.3568
5.28143 19.2491
0.395916 20.3651
1.55999 24.5322
6.22209 23.1608

21.4497 20.8426
12.9975 26.1116
21.3559 25.0019

24.0178 47.7123
22.9738 46.4835
18.1784 44.7472
13.6521 52.2546
19.2271 55.6559

27.8994 36.5692
25.843 30.0419
18.8733 29.6889
14.8703 30.9658
14.971 37.4161
27.8158 38.506

40.0084 90.6645
33.8958 74.0487
26.865 76.6676
33.0722 93.2511

46.7708 55.4321
40.4308 51.0564
37.2654 55.9059
43.5123 60.206

49.8305 73.7511
48.7057 70.1984
44.3959 69.3073
39.9813 84.1619
46.3596 85.8917

68.7783 44.2449
64.3642 43.0943
66.0288 34.1556
59.3096 33.1251
56.4103 43.1838
60.7995 44.2171
58.8034 55.0658
65.7574 56.0466

78.5074 35.1353
76.5925 14.858
66.3226 15.4031
67.6169 31.7565

70.4424 93.2242
67.6044 89.653
61.0426 94.5933
63.2999 98.9002

83.2817 82.5055
78.5671 80.5358
82.6082 68.0489
75.8457 65.3518
69.9842 78.7672
74.8156 80.7643
70.362 92.9079
77.8875 96.0306

98.8355 56.8545
90.2801 55.0365
86.2839 67.407
96.2637 69.3699