48.3477 50.04859999999999 0
48.3477 50.04859999999999 1
51.2084 43.45010000000001 0
50.7114251090571 44.5964239129887 1
51.0423406306525 34.93779266047447 0
54.06842906941993 34.22771024396451 1
53.69360249950275 45.16799979285199 0
56.6259165839428 47.19496611018204 1
58.24286896764244 0 0
61.24462918773251 0 1
59.55823066838286 49.22193242751209 0
62.49054475282291 51.24889874484214 1
64.24638940782259 0 0
66.31876079417503 0 1
66.07310000000001 7.170249999999999 1
88.97669999999999 8.182639999999999 0
89.00008801081353 7.500000000000002 1
73.53313229980546 7.500000000000002 0
66.26736911448987 1.5 1
89.2056547295542 1.5 0
89.25704640923936 0 1
88.97669999999999 8.182639999999999 1
74.79480000000001 29.879 0
72.22742200409576 29.89534704674401 1
70.35308020515359 84.60289352227815 0
73.23731409080236 88.03320564954041 1
75.25380072804589 29.17679190123005 0
78.42160057367343 24.33049303727815 1
76.90931460160184 68.47049735671308 0
76.75700000000001 68.51249999999999 0
76.8788324627703 69.36019795867367 1
75.82907853708375 100 0
72.82731831699368 100 1
73.23392898066939 88.13200890411687 0
73.315 88.12559999999999 1
69.43979999999999 83.51669999999999 1
64.04400000000001 88.85849999999999 0
64.20419179232488 88.84583636451356 1
63.82203765672345 100 0
66.82379787681353 100 1
67.21410418843973 88.60789387771464 0
70.22401658455456 88.36995139091576 1
69.82555809690359 100 0
60.82027743663338 100 1
61.63193183283451 76.30975277438458 0
63.0162 76.50239999999999 1
62.76696735661243 74.31455965523324 1
63.3134 58.3655 0
62.41334369669457 57.95772193770975 1
63.116033694607 64.12614958186143 0
82.97009688439505 66.79916136143314 1
84.75720026492849 14.63789530937434 0
81.58940041930094 19.48419417332624 1
79.93970574299843 67.63482935907311 0
76.75700000000001 68.51249999999999 1
79.5384 87.86519999999999 0
79.30276301198205 86.22566166030964 1
78.83083875717384 100 0
81.8325989772639 100 1
82.26954010150229 87.2467354274257 0
85.29477128785061 86.56167415518482 1
84.83435919735396 100 0
87.02029592126127 100 1
87.49780000000001 86.06280000000001 1
86.831735784454 80.92247873127647 1
87.53489999999999 60.39879999999999 1
88.4145 65.6833 0
89.5 65.73953426650155 1
89.5 100 0
92.5 100 1
92.5 65.89494909791998 0
85.078 67.38810000000001 1
86.831735784454 80.92247873127647 0
85.76897865168243 72.72069733307467 1
87.92500011055603 9.791596445422442 0
90.69127474443374 16.66485651959979 1
91.26223138863327 0 0
94.26399160872333 0 1
93.66092484724859 17.60207391194556 0
96.63057495006345 18.53929130429132 1
97.26575182881342 0 0
98.76663193885844 0 1
98.11539999999999 19.0079 1
96.71270000000001 20.8094 1
96.26539280280014 23.07320693669951 0
96.15010000000001 23.6567 1
96.26539280280014 23.07320693669951 1
94.79419999999999 66.0138 1
94.8218 62.9545 1
93.9288 60.19289999999999 0
92.19980786584298 60.24857798689735 1
93.48669142459792 22.68753008255086 0
90.52189348716755 21.60868960767594 1
89.19473215762483 60.34534914195484 0
95.5 45.41318903562282 1
95.5 100 0
98.5 100 1
98.5 7.782347468263726 0
89.10287137018386 4.500000000000002 1
66.16458575511953 4.500000000000002 0
66.07310000000001 7.170249999999999 1
65.29300000000001 29.9395 0
66.2225916227614 29.93358109061683 1
65.42285883726296 53.27586506217219 0
66.196 53.8103 0
63.3134 58.3655 1
66.196 53.8103 0
65.35924597041458 55.13257223880093 1
64.2093668756736 88.69478808027111 0
67.31651613577586 85.61873449829727 1
69.22500681342859 29.91446406868042 0
54.1904 31.6773 0
54.1555390716704 31.68517798048379 1
55.24110874755236 0 0
52.2393485274623 0 1
51.13035657614633 32.3688180842213 0
45.54581929427425 20.13970351261994 1
42.80971611609293 100 0
45.81147633618301 100 1
48.56938416290302 19.50327806237058 0
50.4872 19.0996 0
48.63661243685715 17.54104581428699 1
49.23758830737222 0 0
46.23582808728214 0 1
45.71903743616791 15.08388095485535 0
42.4425 12.3244 0
39.69645780284507 15.64017313978581 1
40.23230764710199 0 0
43.23406786719207 0 1
42.80146243547868 12.62671609542371 0
42.4425 12.3244 1
37.75660000000001 17.9825 0
39.55142248892443 19.87340647075319 1
36.80619567591278 100 0
39.80795589600285 100 1
42.52225442564549 20.7761289628693 0
48.3477 50.04859999999999 0