48.3477 50.04859999999999 0
50.4639984551348 51.81821514465169 1
48.81323655627308 100 0
51.81499677636316 100 1
52.95519857298761 66.72024130522834 0
52.22709999999999 59.8984 1
52.44827053779299 53.44296190726037 0
52.3927128620923 55.06455734958833 1
61.01928844388057 58.97289981885741 0
61.059 59.3215 1
52.22709999999999 59.8984 1
53.8633 75.2286 0
55.65690085417386 75.4782136490125 1
54.81675699645322 100 0
57.8185172165433 100 1
58.64441634350418 75.89398321169855 0
24.9814 77.93680000000001 1
26.1963 83.1003 0
25.48214840609937 80.06505285611496 1
25.69427416226429 73.87361025445102 0
26.3539 74.8212 1
17.829 62.57470000000001 0
20.12848592786972 61.0972559068246 1
21.93091631846742 8.488631152156131 0
1.5 0 1
1.5 100 0
4.5 100 1
4.5 0 0
10.21470544620124 0 1
7.105054231448676 90.76326871106897 0
25.37611787390254 83.15983005804108 1
24.79915479555248 100 0
27.80091501564255 100 1
28.71661653217164 73.27286661295986 0
31.78732008969292 71.26057577100974 1
30.80267523573263 100 0
33.8044354558227 100 1
34.85802364721418 69.24828492905965 0
37.2814 67.6602 1
28.9801 55.41 0
29.31184561154707 55.89955586360858 1
31.22702698683177 0 0
27.96561808035145 7.578523077286286 1
28.22526676674169 0 0
25.22350654665162 0 1
25.03026571221627 5.640236981755056 0
26.0575 5.048970000000001 1
29.7402 9.931049999999999 0
27.84203244482766 11.18569168599042 1
26.26713731584442 57.1531072937351 0
23.19781162185707 59.12518160027986 1
24.81699533540058 11.8650883178793 0
25.538 12.7086 1
21.3211 7.7752 0
21.96811873545941 7.402781731447618 1
22.22174632656154 0 0
19.21998610647147 0 1
18.3494828786361 25.40790362824041 0
20.1828 25.6638 1
17.7482 35.23309999999999 0
18.05404755006444 34.03095305149445 1
16.95957426467246 65.97600606189206 0
17.5124 66.0677 1
15.7058 76.429 1
9.041789999999999 69.0538 1
10.2649 64.8656 0
10.98997719098229 64.9858642692349 1
11.93788720770547 37.31864192815786 0
10.6297 37.7882 1
13.6375 24.7502 0
15.36200936593019 24.99090886845734 1
16.21822588638139 0 0
13.21646566629132 0 1
12.14716198936248 31.21041244188177 0
7.5 27.14318323868352 1
7.5 0 0
8.429955852425469 0 1
5.2974 91.43180000000001 1
7.33206 95.2747 0
7.5 95.19913390286754 1
7.5 100 0
10.5 93.84925721239864 1
10.5 100 0
10.83512198111933 100 1
11.0544 93.59979999999999 1
9.499559999999999 89.8777 0
10.08882525796854 91.2883301720336 1
10.78452500068497 70.98252147206438 0
13.67662405031957 74.18326830630761 1
12.79211391519218 100 0
15.79387413528226 100 1
16.82047152469302 70.03608177305335 0
22.83332426622947 69.76369425522637 1
21.79739457546241 100 0
18.79563435537233 100 1
19.97237437019465 65.65377825600169 0
13.97477572782737 65.48093516556347 1
14.97702153795477 36.22778119524784 0
28.9801 55.41 0
32.16914365117711 60.11606080200086 1
34.22878720692184 0 0
37.23054742701191 0 1
35.02644169080713 64.33256574039314 0
52.28159751069091 58.30774823424427 1
55.34324496183015 59.69485330806737 0
48.3477 50.04859999999999 0