55.76949999999999 51.06399999999999 0
67.5 46.54288334706526 1
67.5 100 0
64.5 100 1
64.5 57.51394752238053 0
65.41249999999999 57.2863 1
63.5945 49.3006 0
58.5 50.44866917571885 1
58.5 40.02217630051648 0
56.6199 39.6371 0
55.5 37.56331750648934 1
55.5 67.81947534425245 0
52.76479999999999 65.5806 0
49.5 69.13253171295713 1
49.5 0 0
40.0942 25.3795 1
40.50960000000001 31.0653 1
40.50960000000001 35.42360592578478 1
34.998 35.00524101367122 0
34.5 34.96743969894727 1
34.5 0 0
31.5 0 1
31.5 63.26611503342752 0
28.5 61.29373237438831 1
28.5 0 0
25.5 0 1
25.5 59.3213497153491 0
23.6008 58.0727 1
13.9229 74.1123 0
16.5 69.84116130668843 1
16.5 19.37038309774133 0
15.6244 21.2968 1
17.6123 16.9232 1
20.6166 5.44345 0
19.5 5.200123550067882 1
19.5 0 0
22.5 0 1
22.5 59.89710319490798 0
19.5 64.8691322507982 1
19.5 9.710097422028419 0
20.6166 5.44345 0
17.8913 4.84956 0
13.5 13.97211624672311 1
13.5 0 0
16.5 0 1
16.5 7.739868679904779 0
17.8913 4.84956 1
11.2539 18.6382 0
13.5 20.00451540098387 1
13.5 100 0
10.5 100 1
10.5 0 0
7.5 0 1
7.5 100 0
4.5 100 1
4.5 0 0
1.5 0 1
1.5 100 0
16.5 100 1
16.5 75.77759671093656 0
19.5 77.71616724867656 1
19.5 100 0
22.5 100 1
22.5 79.65473778641652 0
25.5 81.59330832415651 1
25.5 100 0
28.5 100 1
28.5 83.53187886189647 0
28.9971 83.85310000000001 1
38.10980000000001 67.61179999999999 0
37.5 67.21088035150598 1
37.5 43.63547979207354 0
57.4815 59.2649 1
55.76949999999999 51.06399999999999 0
55.76949999999999 51.06399999999999 0