55.76949999999999 51.06399999999999 0
61.5 49.77260527795526 1
61.5 40.63662707523561 0
62.2542 40.7911 1
63.3613 37.31959999999999 0
61.5 36.01964144134988 1
61.5 0 0
58.5 0 1
58.5 33.92439850579386 0
56.4747 32.5099 0
55.5 32.60040991006487 1
55.5 0 0
52.5 0 1
52.5 32.87898765726361 0
52.4051 32.8878 1
51.8289 36.43729999999999 0
52.5 36.64314303031925 1
52.5 65.86868855598843 0
52.76479999999999 65.5806 1
44.8078 74.23740000000001 0
46.5 72.39637486992584 1
46.5 0 0
43.5 0 1
43.5 100 0
40.5 100 1
40.5 43.78198725894914 0
41.03879999999999 43.8083 1
41.7334 35.51649999999999 0
40.5 30.93389971112186 1
40.5 0 0
37.5 0 1
37.5 25.53424997056631 0
34.998 25.6835 1
36.1182 32.384 1
34.998 32.72038651455117 0
40.50960000000001 32.63147166605039 1
34.998 34.28655818060156 0
33.33620000000001 34.87909999999999 1
32.4877 43.3907 0
34.5 43.48897232519793 1
34.5 65.23849769246675 0
38.10980000000001 67.61179999999999 0
37.5 68.69862879278369 1
37.5 100 0
34.5 100 1
34.5 74.0454414827658 0
31.5 79.39225417274793 1
31.5 100 0
46.5 75.76224083450379 1
46.5 100 0
49.5 100 1
49.5 78.46553979651262 0
52.5 81.16883875852147 1
52.5 100 0
55.5 100 1
55.5 79.80171997863519 0
53.5651 82.12860000000001 1
61.4285 72.6722 0
58.5 70.27510053903066 1
58.5 59.0108079435128 0
61.5 58.26237773294666 1
61.5 100 0
58.5 100 1
58.5 76.19396760688761 0
70.5 100 1
70.5 46.86469005890382 0
72.84559999999999 47.1163 1
74.15770000000001 43.6499 1
73.7902 40.3079 0
73.5 40.26963818041374 1
73.5 0 0
70.5 6.837778658089452 1
70.5 0.8634456952104483 0
69.36060000000001 1.13674 1
70.9151 8.914750000000002 0
70.5 9.18408050391389 1
70.5 39.8740990392739 0
85.5 31.83289410126748 1
85.5 0 0
82.5 0 1
82.5 81.99400604656987 0
79.5 82.39086919844053 1
79.5 0 0
76.5 0 1
76.5 82.78773235031119 0
75.03450000000001 82.98159999999999 1
76.64070000000001 96.20439999999999 0
76.5 96.22298055509347 1
76.5 95.04610840493095 0
75.03450000000001 96.41651149673859 1
75.03450000000001 100 1
88.06219999999999 100 0
88.5 100 1
88.5 56.64220285365538 0
91.5 56.77835716927743 1
91.5 100 0
88.06219999999999 99.23516883917884 1
82.27056763023336 100 0
100 100 1
100 0 0
97.5 0 1
97.5 44.60089973626411 0
98.87989999999999 44.73090000000001 1
97.79159999999999 57.0639 0
97.5 57.05066580052154 1
97.5 100 0
94.5 100 1
94.5 56.91451148489948 0
86.97739999999999 56.5731 1
87.31530000000001 43.6414 0
88.5 43.75301048804108 1
88.5 33.52327763886875 0
88.85409999999999 33.7025 1
94.83109999999999 23.0453 0
94.5 23.63566287769783 1
94.5 44.31826998685644 0
91.5 44.03564023744876 1
91.5 28.98476777982264 0
94.83109999999999 23.0453 0
88.5 0 1
88.5 27.82735131542653 0
91.5 23.8218085295856 1
91.5 0 0
94.5 0 1
94.5 22.81619927664274 0
93.02010000000001 21.7922 1
85.4066 31.9576 0
85.5 32.00487299782452 1
85.5 81.5971428946992 0
86.21770000000001 81.50219999999999 1
88.06219999999999 94.6961 0
88.06219999999999 96.20912294639294 1
75.03450000000001 97.92953444313156 0
73.5 100 1
73.5 45.38745908848409 0
72.84559999999999 47.1163 0
64.5 53.27807599009904 1
64.5 12.46060630017454 0
63.4811 9.541360000000001 0
64.5 9.073733073173287 1
64.5 5.218810145255027 0
64.45949999999999 5.06176 0
66.7251 4.22575 1
66.26009999999999 1.88042 1
66.26009999999999 0 1
70.9151 0 0
67.66874313455997 0 1
66.26009999999999 0.3378744480921017 0
64.5 0 1
64.5 5.046815435646185 0
64.45949999999999 5.06176 1
65.38890000000001 8.665769999999998 0
63.4811 9.541360000000001 1
65.31469999999999 14.7948 0
67.5 14.02242370767943 1
67.5 39.47855989813407 0
65.50479999999999 39.21550000000001 0
55.76949999999999 51.06399999999999 0