49.78919999999999 49.4611 0
49.78919999999999 49.4611 1
57.8541 41.4012 0
55.75399799873448 43.5 1
74.98123485824215 43.5 0
74.8535 43.9311 1
81.54220000000001 44.1073 0
81.65966190814169 43.5 1
100 43.5 0
100 40.5 1
82.23991174253177 40.5 0
100 46.5 1
52.75213693346072 46.5 0
54.52272842993395 58.5 1
100 58.5 0
100 55.5 1
18.61846993809451 55.5 0
21.67522022389508 58.5 1
52.58202703324444 58.5 0
52.79040000000001 57.9105 1
64.8065 61.9995 0
64.2068980203486 64.5 1
78.61258992775407 64.5 0
79.8972 64.24719999999999 1
70.2611 66.14349999999999 0
70.2592484675518 67.5 1
63.48751952046692 67.5 0
62.9823 69.6069 1
52.1546 66.7587 0
51.9400827671555 67.5 1
54.97272162418368 67.5 0
62.9823 69.6069 0
64.8065 61.9995 0
63.33864919295669 61.5 1
100 61.5 0
100 64.5 1
79.90889487904494 64.5 0
80.04767904492618 67.5 1
100 67.5 0
100 70.5 1
73.68602085626341 70.5 0
73.72559999999999 71.35550000000001 1
70.2534 71.78479999999999 0
70.25515366670803 70.5 1
51.07194341934286 70.5 0
50.7516 71.607 1
37.9375 67.4118 0
33.90222136709734 70.5 1
47.37030502002287 70.5 0
40.01572193869846 76.5 1
66.76964701844912 76.5 0
66.8365 76.42789999999999 1
70.91229999999999 79.7585 0
70.59596231309672 79.5 1
100 79.5 0
100 82.5 1
46.1292225102996 82.5 0
49.18597279610016 85.5 1
100 85.5 0
100 100 1
0 100 0
0 97.5 1
100 97.5 0
100 94.5 1
45.87524354382516 94.5 0
50.02224498071543 91.5 1
100 91.5 0
100 88.5 1
52.24272308190072 88.5 0
43.07247222449904 79.5 1
66.45498085510687 79.5 0
69.34229999999999 81.42920000000001 1
64.93170000000001 78.48220000000001 0
66.8365 76.42789999999999 0
66.9247319041614 76.5 1
100 76.5 0
100 73.5 1
36.9589716528979 73.5 0
38.20690399027458 67.5 1
30.84547108129677 67.5 0
38.58371683562487 64.5 1
27.78872079549621 64.5 0
24.73197050969564 61.5 1
39.24950792940693 61.5 0
39.55970000000001 60.1023 1
51.05410000000001 62.82259999999999 0
51.52160481056983 61.5 1
45.46556438260484 61.5 0
49.78919999999999 49.4611 0