10.1637 41.5628
3.4454 46.6577
5.41905 50.3201

25.9736 60.0517
25.2851 45.5242
20.1769 45.6414
18.3656 32.9157
11.2534 33.4143
11.9194 47.8239
16.9321 47.847
18.4853 60.4997

56.8723 89.6642
51.3388 70.2109
38.9513 73.3412
41.4723 84.6113

63.6152 65.7575
58.7549 63.501
54.692 71.4098
59.5932 73.5016

71.577 45.7972
62.8039 44.2646
58.9713 62.6516
67.0464 66.3471

76.4855 38.1817
75.6794 33.8954
70.109 35.4838
71.2977 40.2323

58.679 18.9153
51.0736 12.1619
42.5093 21.6436
48.9605 27.5497

48.1811 95.6588
47.1017 92.6157
44.0193 93.2642
45.0988 96.3073

67.132 83.6032
63.3052 79.1648
57.1 83.6292
62.2798 87.8646

82.1158 63.0247
82.0798 58.0294
79.5689 47.6238
75.7554 47.6542
76.8794 63.6102

90.5381 9.53616
85.3553 2.06078
79.8445 6.03174
82.276 10.0806
83.5774 9.75434
85.9536 12.965

85.3521 15.33
84.2866 15.1166
81.2488 22.3197
84.5591 24.4155

94.2429 85.9267
87.1456 83.5421
85.9702 88.5319
92.9285 90.5635