49.95099999999999 56.93980000000001 0
49.59185386532263 56.88850898146663 1
45.6678 56.32810000000001 0
43.94629999999999 63.8159 1
51.95180000000001 65.90610000000001 1
58.91800000000001 69.01230000000001 1
16.77981321160958 67.32763506381517 0
17.24722983992239 67.69212484818433 1
100 71.0005417708426 0
100 67.9981451837908 1
59.53176050949267 66.38024395702107 0
58.91800000000001 69.01230000000001 0
54.83987265611476 67.1938797485607 1
25.59241738388305 66.0245802099451 0
21.3055270793627 70.85677025467953 1
77.93462811225598 73.12077514309274 0
78.81460000000001 71.04259999999999 1
85.136 73.4726 0
84.95042506198925 73.40126341326825 1
100 74.00293835789444 0
100 80.00773153199808 1
82.33859606491006 79.30163688956225 0
83.75234655042925 76.35576138357709 1
100 77.00533494494627 0
83.53567131730111 64.33751246121528 1
100 64.99574859673896 0
100 61.99335200968714 1
83.99494313930003 61.35347734611251 0
84.1412 60.4032 1
77.93600000000001 58.9234 0
75.84428202849159 55.02282456516201 1
100 55.98855883558349 0
97.3934277559699 48.32858234854342 1
99.13352775596988 33.01748234854342 0
100 28.96698955211707 1
62.84373462075881 27.48149949630783 0
63.59086126757174 24.50897268203706 1
100 25.96459296506525 0
100 22.96219637801342 1
80.06563499973137 22.16522981868545 0
83.4786 19.3016 0
83.47556729312984 19.29916072475289 1
100 19.9597997909616 0
100 16.95740320390978 1
80.20440568091664 16.16598463130314 0
80.87379999999999 17.2065 1
83.4786 19.3016 1
78.47970000000001 23.4959 1
63.99108148864504 22.91665183010572 0
64.09580440761783 22.5 1
77.24151551238603 22.5 0
78.47970000000001 23.4959 1
75.8749 21.4008 0
74.89693321608809 19.5 1
64.84983627359736 19.5 0
65.60386813957689 16.5 1
77.88604296199861 16.5 0
74.8656 19.4391 1
79.44399999999999 14.984 1
100 15.80581923494052 0
100 13.5 1
65.18748557265519 13.5 0
62.38005755558 10.5 1
100 10.5 0
100 7.5 1
59.5726295385048 7.5 0
59.3866 7.301209999999999 1
48.955 4.40826 0
49.28580246253824 4.5 1
100 4.5 0
100 1.5 1
0 1.5 0
0 2.451062070124871 1
48.955 4.40826 0
48.60334736528799 5.895399386188695 1
0 3.952260363650783 0
0 6.954656950702606 1
47.90004209586395 8.869678158566082 0
47.19673682643992 11.84395693094347 1
0 9.95705353775443 0
0 12.95945012480626 1
28.38980262425069 14.0944611129739 0
28.8281 12.7339 1
41.74379999999999 16.4155 0
34.45135143684888 14.33679899036853 1
46.49343155701588 14.81823570332086 0
45.79012628759185 17.79251447569825 1
41.4148296064912 17.61759216731627 0
45.08682101816781 20.76679324807564 1
40.60207152326089 20.58749506755392 0
39.78931344003057 23.55739796779158 1
44.38351574874378 23.74107202045303 0
44.3138 24.0359 1
62.4913 28.8837 0
56.24423048962134 27.21765441769145 1
38.97655535680026 26.52730086802924 0
38.16379727356995 29.49720376826689 1
81.55936068959537 31.2321380320522 0
81.56729999999999 31.1168 1
89.09719999999999 32.9272 0
82.14428295351493 31.25552294971293 1
100 31.9693861391689 0
100 33.0521235023032 1
100 48.43279188383268 1
95.89060000000001 48.2685 1
89.6618 47.8954 1
80.71340000000001 43.5218 0
80.73494782811471 43.2087647408794 1
77.13994617116049 43.06503826144139 0
77.8193 43.6925 1
68.36449999999999 34.9599 0
66.73218568719727 36.64414770660341 1
26.68134750740404 35.04293398838759 0
31.52053150719503 32.2340057070589 1
0 30.9738296471172 0
0 24.96903647301355 1
24.57017331195418 25.9513404734799 0
25.52508064002831 22.9871206333534 1
0 21.96663988596173 0
0 18.96424329890991 1
26.47998796810244 20.0229007932269 0
27.43489529617656 17.0586809531004 1
0 15.96184671185808 0
0 27.97143306006537 1
22.80252443188814 28.88306728770338 0
22.6507 29.641 1
36.9782 33.8295 0
37.35103919033965 32.46710666850454 1
81.35325747422522 34.22629470925901 0
81.14715425885504 37.2204513864658 1
70.34439544582958 36.78856215787232 0
73.74217080849502 39.92680020965685 1
80.94105104348489 40.2146080636726 0
77.8193 43.6925 1
69.35050000000001 48.2146 0
73.63411015086504 45.92727316937149 1
86.70410908623541 46.44980559424693 0
100 58.99095542263531 1
50.07639565940829 56.99503314570117 0
57.57317690016792 60.2971475292016 1
77.7998096717202 61.10579881689084 0
77.61291451664215 64.10072342333552 1
60.22541280571021 63.40557926330413 0
60.6357 61.6461 1
49.95099999999999 56.93980000000001 0
49.95099999999999 56.93980000000001 0