49.95099999999999 56.93980000000001 0
49.59185386532263 56.88850898146663 1
61.6503 57.3706 0
61.57273559732977 55.45347010162355 1
0 52.99182102292183 0
0 49.98942443587001 1
61.45106601509775 52.44620922176254 0
61.32939643286575 49.43894834190155 1
0 46.98702784881819 0
0 46.6238810192705 1
67.07730000000001 49.3056 0
69.35050000000001 48.2146 1
62.2449 41.27419999999999 0
63.93090778747292 39.53455051760895 1
27.06381925724717 38.06062161653897 0
27.0817 38.2017 1
22.6464 38.9211 0
22.20300486040123 34.86389195063894 1
0 33.97622623416902 0
0 36.97862282122085 1
22.5325640162627 37.87946415811 0
0 45.98581258237633 1
100 49.98376566147984 0
100 52.98616224853167 1
74.06174387814704 51.94916293924229 0
75.9451 52.66200000000001 1
67.07730000000001 49.3056 1
61.32599999999999 49.355 0
66.72597060385851 45.65108899164316 1
0 42.98341599532449 0
0 39.98101940827267 1
63.52092268632748 42.52055609268567 0
29.1723 65.83349999999999 1
19.728 66.33760000000001 0
19.7072607608117 65.78929440952297 1
14.54226119451581 65.58280015032653 0
19.59352541844709 62.78235073684904 1
0 61.9990107840773 0
0 65.00140737112912 1
11.95481803838426 65.47935538699593 0
12.8649 64.2748 1
16.77981321160958 67.32763506381517 1
31.2992 78.6498 0
29.92665044461753 80.20862848286953 1
74.18416025267055 81.97802295897512 0
72.93219999999999 84.93469999999999 0
72.95461476228985 84.93126289423529 1
100 86.01252470610174 0
100 89.01492129315355 1
90.19503441385027 88.62292336959703 0
85.68956655768986 91.44519346576547 1
100 92.01731788020538 0
100 95.01971446725722 1
81.18409870152942 94.26746356193391 0
77.83320000000001 96.3665 1
92.33680000000001 87.28129999999999 0
100 83.01012811904991 1
80.92484557939085 82.2475123955474 0
80.1677 83.8252 1
72.93219999999999 84.93469999999999 0
72.93400429947542 84.93043889760258 1
27.37293411064909 83.10892868911588 0
25.4326 85.3126 1
7.95227 70.77699999999999 0
9.752917145144799 68.39372100948768 1
0 68.00380395818095 0
0 71.00620054523279 1
8.643472172286916 71.35176250708616 0
12.436480182292 74.50580177466463 1
0 74.00859713228459 0
0 77.01099371933643 1
16.22948819229708 77.6598410422431 0
20.02249620230216 80.81388030982157 1
0 80.01339030638826 0
0 83.01578689344007 1
23.81550421230725 83.96791957740004 0
25.4326 85.3126 1
89.02129714541306 87.85484627548686 1
74.24549999999999 90.4109 0
80.93388134679125 89.25388208183392 1
40.05036451585013 87.6193782618455 0
39.5151 86.90299999999999 1
26.9668 90.9992 0
28.52355298929761 93.16333491960089 1
0 92.02297665459554 0
0 98.5 1
100 98.5 0
100 97.25271826313872 1
43.18531904061264 94.98129397634005 1
39.25579999999999 98.096 1
32.3934 90.995 1
28.5846 93.2482 0
28.71510992804428 93.17099327613175 1
34.72861689359962 93.41141046302329 0
37.74673896453321 96.53447015434108 1
0 95.02537324164737 0
0 96.52657153517328 1
39.25579999999999 98.096 0
42.53091853508526 95.5 1
56.15960896840393 95.5 0
44.6711 93.80359999999999 1
43.18531904061264 94.98129397634005 0
44.66472703759196 93.80865148446813 1
77.07284867230931 95.10431298124294 0
75.21954660246669 92.02782224702474 1
42.36277567281209 90.71422396194862 0
39.5151 86.90299999999999 0
37.61839768392743 87.52214936900589 1
0 86.0181834804919 0
0 89.02058006754373 1
29.42440113223038 90.19695381861749 0
31.2992 78.6498 0
29.42212155824333 77.18606106766993 1
75.43431620586571 79.02560702034765 0
76.68447215906085 76.07319108172018 1
25.36382431880301 74.02141566117473 0
19.728 66.33760000000001 0
19.5762 62.32429999999999 1
28.8672 61.9829 0
28.96021537620641 63.15682660642535 1
43.95995439450715 63.756509134365 0
44.64394041832371 60.781457987613 1
0 58.99661419702548 0
0 55.99421760997366 1
45.32792644214025 57.80640684086099 0
45.6678 56.32810000000001 0
49.95099999999999 56.93980000000001 0