38.4653 84.57689999999999 0
38.4653 84.57689999999999 1
43.97499999999999 88.6849 1
35.8486 95.79839999999999 1
31.9422 93.1576 0
33.2023175381962 91.5 1
0 91.5 0
0 88.5 1
35.48293566958408 88.5 0
37.76355380097196 85.5 1
0 85.5 0
0 82.5 1
100 82.5 0
100 79.5 1
0 79.5 0
0 76.5 1
100 76.5 0
100 73.5 1
0 73.5 0
0 70.5 1
100 70.5 0
100 67.5 1
0 67.5 0
0 64.5 1
100 64.5 0
100 61.49999999999999 1
0 61.49999999999999 0
0 58.49999999999999 1
100 58.49999999999999 0
100 55.49999999999999 1
0 55.49999999999999 0
0 52.49999999999999 1
100 52.49999999999999 0
100 49.49999999999999 1
0 49.49999999999999 0
0 46.5 1
100 46.5 0
100 43.5 1
0 43.5 0
0 40.5 1
100 40.5 0
100 37.5 1
0 37.5 0
0 34.5 1
100 34.5 0
99.04569701784837 31.9065 1
95.91949701784839 10.7316 0
92.88697821070903 10.7316 1
96.01317821070901 31.9065 0
92.98065940356966 31.9065 1
89.85445940356968 10.7316 0
100 17.82998145591053 1
98.95201582498771 10.7316 0
100 7.499999999999998 1
0 7.499999999999998 0
0 4.5 1
100 4.5 0
100 1.5 1
0 1.5 0
0 10.5 1
100 10.5 0
100 10.7316 1
100 31.9065 1
91.46440000000001 31.9065 1
81.6139 30.4284 0
88.75536255327782 31.49999999999999 1
0 31.49999999999999 0
0 28.49999999999999 1
81.74571241731462 28.49999999999999 0
81.95077218289427 25.49999999999999 1
0 25.49999999999999 0
0 22.5 1
81.54962416121899 22.5 0
81.0953324070521 19.5 1
0 19.5 0
0 16.5 1
80.64104065288524 16.5 0
80.18674889871838 13.5 1
0 13.5 0
0 100 1
100 100 0
100 97.49999999999997 1
0 97.49999999999997 0
0 94.5 1
33.92794347167523 94.5 0
35.8486 95.79839999999999 0
37.33188077036623 94.5 1
100 94.5 0
100 91.5 1
40.7590544542068 91.5 0
43.97499999999999 88.6849 0
43.72700985150924 88.5 1
100 88.5 0
100 85.5 1
39.70337304527749 85.5 0
38.4653 84.57689999999999 0