44.6468 58.09399999999999 0
19.03510423230323 42.1032 1
100 42.1032 0
100 39.1032 1
25.79157846771543 39.1032 0
29.284 37.55249999999999 0
39.56369446096213 21.1032 1
72.98184681057785 21.1032 0
72.78700000000001 22.7696 1
90.21430000000001 24.366 0
100 24.1032 1
90.22556535406392 24.1032 0
90.35416528630049 21.1032 1
100 21.1032 0
100 18.1032 1
90.48276521853705 18.1032 0
90.55590000000001 16.3971 1
73.72569999999999 14.7415 0
77.40260465088184 15.1032 1
100 15.1032 0
100 1.225300000000005 1
0 1.225300000000005 0
0 4.225300000000004 1
100 4.225300000000004 0
100 7.225300000000004 1
0 7.225300000000004 0
0 10.2253 1
100 10.2253 0
100 13.2253 1
0 13.2253 0
5.86477 25.179 0
5.909888496543779 25.2253 1
0 25.2253 0
0 22.2253 1
22.32240942622951 22.2253 0
17.7679 23.5321 1
26.9522 20.8969 0
26.57620489899793 19.2253 1
0 19.2253 0
0 16.2253 1
27.30867877834623 16.2253 0
25.9623 16.496 1
40.3502 13.6032 0
40.78127938151957 15.1032 1
73.68340757838095 15.1032 0
73.33262719447939 18.1032 1
41.6434381445587 18.1032 0
42.2925 20.3617 1
29.9148 23.7251 0
30.00424512454506 24.1032 1
87.34541097469307 24.1032 0
69.98769999999999 42.88330000000001 1
76.47219999999999 44.5843 0
76.37170472975814 45.1032 1
100 45.1032 0
100 48.1032 1
75.79069526603575 48.1032 0
75.5513 49.33929999999999 1
68.86189999999999 48.46169999999999 0
68.93425036928153 48.1032 1
5.522155761478814 48.1032 0
3.92988 48.81019999999999 0
2.306342218196412 48.81019999999999 1
0.5778650000000001 44.63639997239709 0
0.5778650000000001 39.0776955757588 1
21.87143872902858 29.7253 0
25.60153715841879 29.7253 1
0.5778650000000001 29.7253 0
0 28.2253 1
8.83333319700461 28.2253 0
8.909829999999999 28.3038 1
11.6249 25.8976 1
8.230930000000001 22.6843 0
10.91479947063766 25.2253 1
18.42520017438481 25.2253 0
19.58980005812827 28.2253 1
8.998406591721388 28.2253 0
8.909829999999999 28.3038 0
6.951045011467732 29.7253 1
0.5778650000000001 32.52447787879397 0
0.5778650000000001 35.80108672727638 1
14.41124187024816 29.7253 0
20.1721 29.7253 1
30.9158 27.9565 0
30.71393931559295 27.1032 1
100 27.1032 0
100 30.1032 1
25.95225034773686 30.1032 0
27.29402057538099 33.1032 1
100 33.1032 0
100 36.1032 1
28.63579080302512 36.1032 0
29.284 37.55249999999999 1
3.92988 48.81019999999999 1
0 48.81019999999999 1
0 29.7253 1
0.5778650000000001 29.7253 1
0.5778650000000001 48.81019999999999 0
0 51.1032 1
100 51.1032 0
100 54.1032 1
0 54.1032 0
0 57.1032 1
100 57.1032 0
89.20307563865418 66.10319999999999 1
100 66.10319999999999 0
100 69.10319999999999 1
90.25108618142741 69.10319999999999 0
91.3426 67.1669 1
87.3192 65.16659999999999 0
86.81226173226582 66.10319999999999 1
47.26709824817519 66.10319999999999 0
49.97285656123277 63.1032 1
100 63.1032 0
100 60.1032 1
48.45794909963985 60.1032 0
69.53969279004733 45.1032 1
12.27862999689102 45.1032 0
0 60.1032 1
42.96681143778306 60.1032 0
44.6468 58.09399999999999 0