44.6468 58.09399999999999 0
46.44600375148462 60.1032 1
47.30462484953586 60.1032 0
46.83329999999999 60.53570000000001 1
47.9016 59.55540000000001 1
50.6934 62.3043 0
40.00060000000001 75.05260000000001 0
39.99895519403003 75.10319999999999 1
0 75.10319999999999 0
0 78.10319999999999 1
39.90143705351842 78.10319999999999 0
39.8039189130068 81.10319999999999 1
0 81.10319999999999 0
0 84.10319999999999 1
39.70640077249517 84.10319999999999 0
39.60888263198355 87.10319999999999 1
0 87.10319999999999 0
0 90.10319999999999 1
24.85175172115984 90.10319999999999 0
22.9769 90.2028 0
0 99.10319999999999 1
100 99.10319999999999 0
100 96.10319999999999 1
37.58530046254307 96.10319999999999 0
37.49590000000001 97.18049999999999 1
30.7621 97.9016 1
30.5454 96.57759999999999 1
23.6277 96.83930000000001 0
23.55551528215174 96.10319999999999 1
0 96.10319999999999 0
0 93.10319999999999 1
23.26132406690274 93.10319999999999 0
22.9769 90.2028 1
38.2336 89.39230000000001 1
39.53447304016849 89.39230000000001 1
39.48050000000001 91.05269999999999 0
39.51654768706868 91.4203 1
39.48050000000001 91.05269999999999 1
58.9821 91.4203 1
38.43247026489468 91.4203 1
38.2336 89.39230000000001 0
38.59749924358859 93.10319999999999 1
80.37760437676255 93.10319999999999 0
82.1318 94.74039999999999 1
84.65010000000001 92.6053 1
86.1344 93.44540000000001 0
85.52979642899655 93.10319999999999 1
84.06283871481429 93.10319999999999 0
82.1318 94.74039999999999 1
78.33240000000001 91.1944 0
79.35882102198426 90.10319999999999 1
59.07704304499366 90.10319999999999 0
59.1641 88.8955 1
40.00060000000001 75.05260000000001 0
40.07064840748687 75.10319999999999 1
100 75.10319999999999 0
100 72.10319999999999 1
88.5599528571916 72.10319999999999 0
88.03790000000001 73.02930000000001 1
84.41900000000001 70.5249 0
85.18850046469962 69.10319999999999 1
0 69.10319999999999 0
0 72.10319999999999 1
86.69966996885481 72.10319999999999 0
56.68291895773284 87.10319999999999 1
85.27658573379938 87.10319999999999 0
86.56970000000001 85.94 0
87.85091825910183 87.10319999999999 1
88.9314869634978 87.10319999999999 0
86.56970000000001 85.94 0
83.80260000000001 88.42910000000001 1
86.56970000000001 85.94 1
88.35769999999999 87.5633 1
90.22309999999999 86.0675 0
91.12335502410238 87.10319999999999 1
100 87.10319999999999 0
100 93.10319999999999 1
86.55981142110028 93.10319999999999 0
86.1344 93.44540000000001 1
92.31479999999999 88.47389999999999 0
90.28930956049481 90.10319999999999 1
100 90.10319999999999 0
100 84.10319999999999 1
52.52985132017135 84.10319999999999 0
48.37678368260985 81.10319999999999 1
100 81.10319999999999 0
100 78.10319999999999 1
44.22371604504836 78.10319999999999 0
44.23377293980128 66.10319999999999 1
0 66.10319999999999 0
0 63.1032 1
43.25364436002337 63.1032 0
42.4683 60.6994 0
44.6468 58.09399999999999 0