53.858 50.258 0
96.45383994873524 85.52699999999999 1
95.99943994873524 92.23269999999999 0
100 100 1
0 100 0
0 97.5 1
100 97.5 0
100 94.5 1
54.16166087469504 94.5 0
67.20569345238781 91.5 1
86.78723430777646 91.5 0
83.63534330292967 88.5 1
80.24972603008055 88.5 0
80.55799999999999 88.42910000000001 1
42.6003 97.15899999999999 0
42.11199999999999 95.10679999999999 1
80.1687 86.363 0
72.93799999999999 82.07560000000001 1
61.96339999999999 85.16800000000001 0
61.2343707165109 82.5 1
36.69294495511591 82.5 0
36.22733760499773 85.5 1
80.79618967648128 85.5 0
80.6463 85.655 1
88.90520000000001 93.51589999999999 1
92.03290000000001 91.02860000000001 1
94.49600000000001 92.23269999999999 0
92.99719311518976 91.5 1
91.44012961444136 91.5 0
94.49600000000001 92.23269999999999 1
100 92.23269999999999 0
99.00631984620574 92.23269999999999 1
99.46071984620573 85.52699999999999 0
100 85.5 1
90.33684371899545 85.5 0
92.70349999999999 87.21729999999999 1
87.36959999999999 83.34690000000001 0
74.52344318879358 76.5 1
100 76.5 0
100 73.5 1
70.16726155662232 73.5 0
69.1514 72.8004 1
74.68680000000001 76.61250000000001 1
72.39449999999999 78.1165 0
72.58442504609633 79.5 1
100 79.5 0
100 82.5 1
71.43184935972062 82.5 0
70.86757601500494 88.5 1
35.76173025487955 88.5 0
44.75304915025507 94.5 1
0 94.5 0
0 91.5 1
57.81031258263 91.5 0
50.1596 73.49019999999999 1
61.4658 63.6322 1
28.3716 56.74930000000001 0
31.9266 61.3419 1
37.5586 62.8287 1
41.1315 65.2954 0
39.97940016621396 64.5 1
15.99664738135026 64.5 0
16.0187 64.51300000000001 1
5.867710000000001 58.529 0
10.90758153910427 61.5 1
32.52548297013719 61.5 0
31.9266 61.3419 0
29.72676668118277 58.5 1
0 58.5 0
0 55.5 1
89.66974190156154 55.5 0
90.52597332244534 52.5 1
12.95908590904758 52.5 0
12.1438 53.6388 1
5.590920000000001 50.4233 0
6.284952556837466 49.5 1
0 49.5 0
0 52.5 1
9.823035035297767 52.5 0
19.49999999999999 68.8878 1
19.49999999999999 72.24248854242208 0
16.5 83.13486471933075 1
16.5 68.8878 0
13.5 68.8878 1
13.5 83.48596577264681 0
10.5 83.83706682596286 1
10.5 68.8878 0
7.643144912363262 64.5 1
0 64.5 0
0 61.5 1
4.125352628196135 61.5 0
3.77823 62.0919 1
13.6677 68.25370000000001 0
12.45803828767567 67.5 1
0 67.5 0
1.5 68.8878 1
1.5 90.36840000000001 0
4.499999999999998 90.36840000000001 1
4.499999999999998 68.8878 0
7.499999999999998 68.8878 1
7.499999999999998 90.36840000000001 0
10.5 90.36840000000001 1
10.5 90.12003188663903 0
9.50684 83.95330000000001 1
10.54 90.36840000000001 1
17.8126 89.50239999999999 1
21.16600078258523 90.1387 1
35.5074 90.1387 0
27.46111241081905 90.1387 1
17.70821495392895 88.28811038838938 0
18.33579603813394 83.0462 1
17.9309 86.80359999999999 1
17.5841501269873 86.84488996370337 1
17.2576 83.0462 1
18.33579603813394 83.0462 1
19.8615 68.8878 1
38.3048 72.11449999999999 0
40.47279218221962 67.5 1
14.14139441548374 67.5 0
29.0765767843307 70.5 1
40.46422907707866 70.5 0
38.08976700547042 73.5 1
69.22832395878058 73.5 0
67.36354500918557 76.5 1
37.62415965535224 76.5 0
37.15855230523408 79.5 1
62.43854142573046 79.5 0
63.4085 78.208 1
69.45869999999999 75.59520000000001 0
53.58907851896937 70.5 1
100 70.5 0
100 67.5 1
57.0297967173869 67.5 0
60.47051491580443 64.5 1
100 64.5 0
94.1605882359847 61.5 1
51.21380545700211 61.5 0
46.6327 47.4145 1
53.858 50.258 0
53.858 50.258 0