53.858 50.258 0
51.93193093019165 49.5 1
15.10683593288207 49.5 0
15.1475 49.4432 1
8.692229999999999 46.2975 0
8.540013393523683 46.5 1
0 46.5 0
0 43.5 1
23.2116393068592 43.5 0
21.47610140072202 40.5 1
0 40.5 0
0 37.5 1
19.74056349458483 37.5 0
9.107778900085822 46.5 1
46.78568357244066 46.5 0
47.28754329613886 43.5 1
27.52244033049739 43.5 0
24.0904 45.01900000000001 1
29.6142 42.5742 0
25.24178959489648 28.5 1
75.39173741312285 28.5 0
75.4622 29.0423 1
81.74700000000001 28.237 0
84.26333624319736 28.5 1
79.69447001117598 28.5 0
80.21583279229537 31.5 1
67.03339150452234 31.5 0
62.7683 29.8408 1
75.3587 34.73869999999999 0
74.74510468772331 34.5 1
78.66187534877869 34.5 0
77.91820000000001 33.203 1
86.42160000000001 26.9003 0
87.59020928335681 28.5 1
100 28.5 0
100 25.5 1
81.79223933649288 25.5 0
81.84182574843248 22.5 1
100 22.5 0
100 19.5 1
81.89141216037208 19.5 0
81.94099857231168 16.5 1
100 16.5 0
100 13.5 1
0 13.5 0
0 10.5 1
100 10.5 0
100 7.5 1
0 7.5 0
0 1.5 1
100 1.5 0
100 4.5 1
0 4.5 0
0 16.5 1
80.90262630032919 16.5 0
79.1704662598126 19.5 1
0 19.5 0
0 22.5 1
77.43830621929604 22.5 0
75.70614617877945 25.5 1
26.52556933281132 25.5 0
26.6569 25.1931 1
21.3648 22.5637 0
20.1919622917164 25.5 1
0 25.5 0
0 28.5 1
22.8987196981132 28.5 0
19.6916 26.7527 1
24.7988 29.5352 0
23.5034 32.0145 1
18.0811 34.6315 0
18.35356176920138 34.5 1
0 34.5 0
0 31.5 1
62.11716019126104 31.5 0
60.93983411470796 34.5 1
24.94173569135486 34.5 0
26.67780773885622 37.5 1
59.76250803815488 37.5 0
58.58518196160179 40.5 1
28.41387978635756 40.5 0
29.6142 42.5742 0
36.78927509915876 58.5 1
88.81351048067771 58.5 0
88.32679999999999 60.20529999999999 1
96.0026 61.9088 1
100 61.9088 1
100 51.6944 1
90.7559 51.6944 0
96.54122625054316 51.6944 1
98.73929999999999 52.28448839089059 0
98.73929999999999 51.6944 1
98.73929999999999 61.9088 0
97.58648090106863 61.9088 1
98.73929999999999 58.50885352749846 0
100 49.5 1
62.16110001998236 49.5 0
62.6178465605382 46.5 1
68.12761068050446 46.5 0
70.47749999999999 47.4979 0
74.30232831838987 37.5 1
80.38201879236854 37.5 0
81.56370000000001 39.5609 1
84.87540000000001 37.21120000000001 0
86.373115578967 34.5 1
100 34.5 0
100 31.5 1
89.78176260589879 31.5 0
89.89660000000001 31.6572 1
84.5789 35.94759999999999 0
84.87540000000001 37.21120000000001 0
84.46836124611653 37.5 1
100 37.5 0
100 40.5 1
73.15463880807573 40.5 0
72.00694929776162 43.5 1
100 43.5 0
100 46.5 1
70.85925978744748 46.5 0
70.47749999999999 47.4979 1
63.84422806693084 44.68102602764171 1
57.93000000000001 42.1695 1
51.02134544223827 41.7685 0
47.5772 41.7685 1
55.26739999999999 44.1832 0
52.66645879804075 43.36651217388741 1
62.02837016568454 43.90990690104272 0
62.90309999999999 44.6264 0
61.9888 50.6317 1
53.858 50.258 0
53.858 50.258 0