54.6105 49.15519999999999 0
52.89081023254718 46.5 1
48.22331517597421 46.5 0
51.8616 44.9109 1
43.125 48.7268 0
41.97485244874369 46.5 1
0 46.5 0
0 43.5 1
40.42534523939892 43.5 0
29.65949775498067 34.5 1
100 34.5 0
100 31.50000000000001 1
29.9732354891466 31.50000000000001 0
30.2362 28.9855 1
19.1769 21.5609 0
19.10175772965786 22.5 1
0 22.5 0
2.71817 28.1051378849241 1
11.24367641422705 25.2307 0
0 7.500000000000002 1
33.60709813627305 7.500000000000002 0
31.7021 5.293559999999999 1
34.2343 3.23344 0
32.67750562297341 4.5 1
0 4.5 0
0 1.5 1
100 1.5 0
100 4.5 1
35.25001328828736 4.5 0
37.65585262070122 7.500000000000002 1
100 7.500000000000002 0
100 10.5 1
0 10.5 0
0 13.5 1
100 13.5 0
100 16.5 1
0 16.5 0
0 19.5 1
100 19.5 0
100 22.5 1
20.57573476954988 22.5 0
25.044379545026 25.5 1
100 25.5 0
100 28.5 1
29.51302432050212 28.5 0
30.2362 28.9855 0
39.32077448830698 40.5 1
0 40.5 0
1.21817 39.4629 1
1.21817 25.2307 0
0 25.2307 1
18.88326023458461 25.2307 0
17.48563813558989 25.2307 1
20.15255504904936 35.80875958170719 0
22.80492207095588 34.057557239738 1
20.87164766070522 26.38941737523294 0
23.2722 27.1182 1
22.63622724237669 36.56277652625997 1
18.4774 35.3002 1
5.464650000000001 39.4629 0
3.906564200245623 39.4629 1
2.71817 35.23337142940748 0
2.71817 29.6881 1
2.71817 39.4629 0
5.464650000000001 39.4629 0
11.60074603742762 37.5 1
22.57311709705186 37.5 0
22.5212 38.271 1
29.1811 39.0745 0
29.34576002081475 37.5 1
38.57926326852545 37.5 0
38.4756 37.0806 1
42.94199999999999 36.5228 1
47.2689 36.3899 1
51.78879999999999 38.25020000000001 0
49.96606765575446 37.5 1
100 37.5 0
100 40.5 1
55.02586786766432 40.5 0
51.78879999999999 38.25020000000001 1
57.3077 42.0859 0
58.25977968476634 43.5 1
100 43.5 0
100 46.5 1
60.27960788241785 46.5 0
61.5793 48.43040000000001 1
57.2734 50.07640000000001 0
58.78124979343862 49.5 1
100 49.5 0
100 70.5 1
34.01310783947189 70.5 0
32.65860000000001 69.893 1
45.9089 75.83090000000001 0
45.82342141334405 76.5 1
100 76.5 0
100 73.5 1
40.7075452668452 73.5 0
45.9089 75.83090000000001 0
66.90880000000001 86.08080000000001 1
62.5607 89.27170000000001 0
63.61226186969192 88.5 1
0 88.5 0
0 85.5 1
100 85.5 0
100 88.5 1
93.05463329318883 88.5 0
92.81870000000001 88.1294 1
90.1448 89.40780000000001 0
92.04355345744679 88.5 1
68.37072484569072 88.5 0
70.18362768012861 91.5 1
91.53780291788246 91.5 0
91.90180000000001 92.04669999999999 1
94.7217 91.11859999999999 0
93.56287028337459 91.5 1
100 91.5 0
100 94.5 1
68.49057538800011 94.5 0
70.89349999999999 92.6747 1
63.1746 98.53809999999999 0
64.54121153767437 97.5 1
100 97.5 0
100 100 1
0 100 0
0 97.5 1
62.50660960481549 97.5 0
60.57618750140203 94.5 1
0 94.5 0
0 91.5 1
62.15683754700957 91.5 0
63.28270000000001 90.7158 1
59.7324 93.18870000000001 0
45.44016665326657 79.5 1
100 79.5 0
100 82.5 1
45.0569118931891 82.5 0
44.86020000000001 84.03980000000001 1
37.1611 83.61410000000001 0
37.21599238570981 82.5 1
0 82.5 0
0 79.5 1
37.36380421331008 79.5 0
37.51161604091034 76.5 1
0 76.5 0
0 73.5 1
37.6594278685106 73.5 0
32.6022 72.36619999999999 0
32.64475769044154 70.5 1
0 70.5 0
0 67.5 1
100 67.5 0
100 64.5 1
0 64.5 0
0 61.50000000000001 1
100 61.50000000000001 0
100 58.50000000000001 1
0 58.50000000000001 0
0 55.5 1
84.55638202290984 55.5 0
85.26179999999999 57.8627 1
92.53049999999999 56.0667 0
92.33319152500363 55.5 1
100 55.5 0
100 52.5 1
91.28867868754261 52.5 0
90.8449 51.22539999999999 1
83.88300000000001 53.24460000000001 0
86.45026958201265 52.5 1
0 52.5 0
0 49.5 1
56.89054517571886 49.5 0
54.6105 49.15519999999999 0