49.9151 50.2591 0
49.9151 50.2591 1
48.371 55.79040000000001 1
46.2501 61.4066 0
49.5 71.16717193806053 1
49.5 62.29396914693613 0
46.5 61.47483396098937 1
46.5 71.82522771638116 0
44.3031 74.24930000000001 1
44.3031 78.73454927217347 1
41.22880000000001 74.73869999999999 0
40.5 75.25991259155182 1
40.5 28.12774232995501 0
39.6328 32.2222 1
46.0561 1.89479 1
46.0561 1.47822 1
46.0561 0 1
37.4383 0 1
37.4383 31.9691 0
37.5 31.97621609478241 1
37.5 46.11732795110413 0
34.5 44.35547087484245 1
34.5 0 0
37.4383 1.47822 1
46.0561 1.47822 0
46.0561 1.89479 1
40.62690000000001 1.47822 0
39.11872027121983 1.47822 1
37.4383 17.54718219009316 0
25.0956 21.5999 1
23.7917 10.6551 0
22.5 10.65896985956517 1
22.5 0 0
25.5 0 1
25.5 52.7550380193363 0
27.536 57.39149999999999 1
24.0917 49.548 0
22.5 50.22651810850623 1
22.5 21.42299684247229 0
19.5 21.21853179678607 1
19.5 25.52094766811943 0
19.6821 25.5017 1
20.7262 32.1335 0
19.5 32.21159654563297 1
19.5 51.50537362494694 0
16.5 52.78422914138766 1
16.5 32.40266622178606 0
15.6312 32.458 1
14.7719 26.0207 0
16.5 25.83804269479858 1
16.5 21.01406675109985 0
15.3443 20.9353 1
14.1787 10.6839 0
1.5 0 1
1.5 100 0
4.5 100 1
4.5 0 0
7.5 0 1
7.5 100 0
10.5 100 1
10.5 0 0
19.5 0 1
19.5 10.66795768854676 0
16.5 10.67694551752835 1
16.5 0 0
13.5 0 1
13.5 100 0
16.5 100 1
16.5 53.84402910208372 0
16.0811 52.9628 1
19.7908 60.7668 0
19.5 60.15505155672966 1
19.5 100 0
22.5 100 1
22.5 76.03785953152135 0
25.5 76.20612414118978 1
25.5 100 0
28.5 100 1
28.5 76.3743887508582 0
31.5 76.54265336052663 1
31.5 100 0
34.5 100 1
34.5 70.18530306064704 0
31.5 74.17335216083583 1
31.5 71.11949140540767 0
31.42076891413041 71.14416365772837 1
20.8579 74.43340000000001 1
20.8579 75.70518080416494 1
31.42076891413041 71.14416365772837 0
30.2185 71.66329999999999 1
32.7453 76.61250000000001 0
34.5386 79.52330000000001 1
45.5371 93.81870000000001 0
46.5 93.13006717287973 1
46.5 100 0
43.5 100 1
43.5 91.17096082283948 0
40.5 87.27168364867936 1
40.5 100 0
37.5 100 1
37.5 83.37240647451927 0
34.5386 79.52330000000001 0
37.5 77.4054089892679 1
37.5 69.25111471588642 0
37.6452 69.20590000000001 1
36.78919999999999 66.49160000000001 0
37.5 68.74548369158879 1
37.5 50.30800402074125 0
39.15860000000001 47.09139999999999 1
34.453 56.21720000000001 0
34.5 56.12605060353621 1
34.5 67.16090293243312 0
31.5 68.03802541945885 1
31.5 54.48603992330635 0
29.759 53.4654 1
32.2859 48.0873 0
31.5 49.75996167636234 1
31.5 0 0
28.5 0 1
28.5 68.91514790648461 0
25.5 69.79227039351036 1
25.5 58.27877351133606 0
22.5 59.58615098383515 1
22.5 70.66939288053609 0
46.5 60.74485810740724 1
46.5 0 0
43.5 13.96333618358165 1
43.5 77.69071277265081 0
44.3031 78.73454927217347 1
52.2273 89.0341 1
52.2273 82.46546580715551 1
48.9311 78.18119999999999 1
52.56610000000001 74.47409999999999 1
48.28449999999999 69.8562 1
44.3031 74.24930000000001 0
44.3031 74.62581154467699 1
52.2273 84.92536227250352 0
52.2273 89.0341 0
49.5 90.98457077516366 1
49.5 100 0
52.5 100 1
52.5 74.54151108940852 0
49.5 77.60101590371389 1
49.5 78.92063292812657 0
82.5 83.26316591727635 1
82.5 100 0
79.5 100 1
79.5 79.30990590790898 0
76.5 75.35664589854159 1
76.5 100 0
73.5 100 1
73.5 71.40338588917422 0
52.5 74.40280814882286 1
52.5 63.11310433288291 0
53.0585 63.26560000000001 1
55.0412 58.24169999999999 1
56.8852 52.5103 0
55.5 56.81568789587853 1
55.5 100 0
58.5 100 1
58.5 41.22222530557282 0
61.5 38.04501896623161 1
61.5 100 0
64.5 100 1
64.5 31.66129826605609 0
61.67458757686138 31.57497789687901 1
61.7932 31.68167752001754 0
61.7932 31.57997460684778 1
50.4637 31.10270397959682 1
50.4637 31.07 1
61.7932 31.54727062725095 1
61.7932 37.7345 1
57.9316 41.8242 0
55.5 40.17720706927669 1
55.5 46.05165838725735 0
51.0669 44.88939999999999 0
52.5 45.26512635284078 1
52.5 39.27012742131501 0
49.762 36.9025 0
50.4637 36.08925725676845 1
50.4637 31.10270397959682 0
50.4637 33.79313499667816 1
52.7036966134428 31.19706688958737 0
56.96846252562047 31.37672596562633 1
61.7932 35.71689250667251 0
67.5 31.78767735443182 1
67.5 100 0
70.5 100 1
70.5 67.45012587980685 0
68.6403 64.99950000000001 1
87.21539999999999 89.4769 0
85.5 87.21642592664372 1
85.5 100 0
88.5 100 1
88.5 88.43288896135502 0
91.5 85.99475015088095 1
91.5 100 0
100 100 1
100 0 0
97.5 0 1
97.5 100 0
94.5 100 1
94.5 83.5566113404069 0
97.48840000000001 81.12790000000001 1
79.4014 57.52889999999999 0
76.5 59.54311776955888 1
76.5 42.75112421721636 0
79.5 42.04153074574104 1
79.5 57.65754827776857 0
82.5 61.5717960800575 1
82.5 41.33193727426573 0
85.5 40.62234380279041 1
85.5 65.48604388234645 0
94.5 77.22878728921324 1
94.5 0 0
91.5 0 1
91.5 73.3145394869243 0
88.5 69.40029168463536 1
88.5 0 0
85.5 0 1
85.5 30.98966075523359 0
85.33250000000001 30.0117 1
87.0856 40.2473 0
85.33250000000001 30.0117 0
82.5 30.72846360773064 1
82.5 0 0
79.5 0 1
79.5 31.48761305987254 0
76.5 32.24676251201443 1
76.5 0 0
73.5 0 1
73.5 33.00591196415633 0
71.80709999999999 33.43429999999999 1
73.7901 43.3921 0
73.5 41.93533863842663 1
73.5 61.62578589828178 0
70.5 63.70845402700468 1
70.5 0 0
67.5 0 1
67.5 26.23828741593432 0
64.59800000000001 23.8263 0
64.5 23.82437287081271 1
64.5 0 0
61.5 0 1
61.5 23.76537912018127 0
58.5 23.70638536954984 1
58.5 0 0
55.5 0 1
55.5 23.64739161891841 0
52.5 23.58839786828698 1
52.5 0 0
49.5 0 1
49.5 51.74607793536688 0
51.0669 44.88939999999999 0
49.9151 50.2591 0