13.8822 15.3074
11.3285 14.5764
9.92872 20.0174
12.6805 20.8841

25.4595 61.0709
21.0502 47.931
13.8796 50.201
19.3479 67.7961
23.298 66.9919

50.2842 63.6833
49.6311 54.9002
44.8786 46.7213
40.0887 42.9389
36.4295 41.5316
33.2114 42.2889
32.2447 46.0247
31.6145 55.4019
43.4821 56.3286
43.4734 60.8208
44.8816 61.3377
45.0448 63.2725

40.9181 70.7881
36.0491 70.592
35.3873 76.0101
37.2118 76.4562
37.2371 78.838
40.8723 79.5612

78.7339 16.7346
65.0249 11.496
63.5114 15.7453
54.3393 13.0681
53.0642 19.5881
63.0919 23.8307
64.5057 19.7187
76.7665 23.4858

86.3462 74.8295
74.3904 52.6339
66.2836 57.0415
77.322 79.608

93.0392 69.8411
86.6933 69.4187
85.5698 89.9093
91.5885 89.8288