51.7761 53.73690000000001 0
53.5 52.44511759063813 1
53.5 100 0
56.5 100 1
56.5 50.19710597274523 0
57.69799999999999 49.29940000000001 1
52.4885 41.315 0
53.5 40.389477228864 1
53.5 42.86528709089164 0
56.5 47.46327154237451 1
56.5 35.29772238588303 0
86.5 13.22989706359972 1
86.5 62.18602472470737 0
89.5 59.95440206215093 1
89.5 17.13377150717383 0
90.48220000000001 18.4119 1
80.0136 4.789199999999999 1
80.0136 0 0
80.0136 1.5 1
95.00899999999999 1.5 0
95.00899999999999 1.80423 1
83.0547 1.80423 1
80.0136 1.80423 0
80.0136 2.687365234654035 1
80.91334189425902 1.80423 0
85.5819379542319 1.80423 1
95.00899999999999 8.75652913772414 0
95.00899999999999 5.028938470615387 1
90.63641386269569 1.80423 0
95.00899999999999 12.9365 1
91.423 7.975709999999999 1
95.00899999999999 10.62032447127851 1
95.00899999999999 12.9365 1
90.48220000000001 18.4119 0
92.5 15.97126597154723 1
92.5 57.7227793995945 0
95.13159999999999 55.76519999999999 0
95.5 56.48834325754493 1
95.5 0 0
98.5 0 1
98.5 62.3771319997674 0
98.571 62.51649999999999 0
95.5 64.52777143622515 1
95.5 100 0
98.5 100 1
98.5 62.56299960012113 0
98.571 62.51649999999999 1
95.13159999999999 55.76519999999999 0
81.8639 65.63470000000001 0
71.45949999999999 75.37989999999999 1
67.18940000000001 88.0607 0
68.5 84.16864677408023 1
68.5 0 0
71.5 0 1
71.5 75.38967212303285 0
74.5 76.11353308842988 1
74.5 0 0
77.5 0 1
77.5 76.83739405382687 0
83.5 67.90687116399351 1
83.5 100 0
86.5 100 1
86.5 70.4220869445372 0
89.5 68.45731510843316 1
89.5 100 0
92.5 100 1
92.5 66.49254327232916 0
85.69210000000001 70.9512 1
81.8639 65.63470000000001 0
83.5 64.4176473872638 1
83.5 9.326022620025601 0
80.5 5.422148176451483 1
80.5 100 0
77.5 100 1
77.5 77.99061032173577 0
77.88380000000001 76.93000000000001 1
74.5239 86.2149 0
74.5 86.22091467312018 1
74.5 100 0
71.5 100 1
71.5 86.97589456268321 0
68.5 87.73087445224624 1
68.5 100 0
65.5 100 1
65.5 0 0
62.5 0 1
62.5 100 0
59.5 100 1
59.5 0 0
56.5 0 1
56.5 34.8050296990711 0
56.68680000000001 35.1228 1
54.3507 31.1488 0
53.5 31.95552338240329 1
53.5 0 0
50.5 0 1
50.5 34.80043950701814 0
48.8008 36.4118 1
45.9318 42.48950000000001 0
47.5 39.16741943534332 1
47.5 0 0
44.5 0 1
44.5 100 0
47.5 100 1
47.5 55.5885267637365 0
46.9823 55.81270000000001 1
45.69280000000001 51.50020000000001 0
32.5 15.91927794440246 1
32.5 100 0
29.5 100 1
29.5 0 0
26.5 0 1
26.5 7.232464572934159 0
23.5 7.034109138340378 1
23.5 0 0
20.5 0 1
20.5 65.54695558100437 0
17.5 63.83354703832752 1
17.5 24.46220610475404 0
19.7058 23.2588 1
15.6026 14.916 0
14.5 15.45973913936702 1
14.5 0 0
17.5 0 1
17.5 18.77387403002535 0
20.8645 23.2036 0
23.5 23.352785628102 1
23.5 67.2603641236812 0
24.5499 67.86000000000001 1
18.5457 75.80770000000001 0
14.5 82.48754217421697 1
14.5 69.10562474429031 0
16.7098 70.37860000000001 1
15.1108 72.874 0
17.5 74.91458227022622 1
17.5 89.78611930457529 0
20.5 73.22081246960462 1
20.5 100 0
17.5 100 1
17.5 94.00395145844382 0
16.2784 94.6651 1
2.97145 63.4064 0
5.5 69.34609210713199 1
5.5 100 0
8.5 100 1
8.5 76.39324415925512 0
11.5 83.44039621137827 1
11.5 100 0
14.5 90.4875482635014 1
14.5 100 0
18.9182 93.2364 1
6.05757 61.9483 0
5.5 62.21173525754021 1
5.5 0 0
2.5 0 1
2.5 100 0
0 100 1
0 0 0
12.0006 16.6923 1
16.315 25.1087 0
14.5 21.56805332838865 1
14.5 63.14338126142596 0
12.6221 63.1142 0
11.5 64.82656034423704 1
11.5 0 0
8.5 0 1
8.5 67.89038791350035 0
11.5 75.18896504385867 1
11.5 67.37744763906403 0
10.2865 66.67840000000001 1
12.6221 63.1142 0
16.3417 63.172 0
24.5499 67.86000000000001 0
23.5 69.2497422187802 1
23.5 100 0
26.5 100 1
26.5 23.52260421444463 0
27.8761 23.6005 1
28.217 7.34599 0
32.5 13.28634228470877 1
32.5 0 0
35.5 0 1
35.5 10.63871746993617 0
37.4041 8.958269999999999 0
38.5 9.463840516300525 1
38.5 0 0
41.5 0 1
41.5 10.84782769478539 0
43.7996 11.9087 1
41.2351 19.088 0
41.5 18.34641428348606 1
41.5 100 0
38.5 100 1
38.5 18.09582226943425 0
35.5 17.00755010691835 1
35.5 100 0
50.5 100 1
50.5 54.28947382035129 0
51.7761 53.73690000000001 0