64.6601 37.6512 0
59.5 0 1
59.5 100 0
56.5 100 1
56.5 0 0
53.5 0 1
53.5 100 0
50.5 100 1
50.5 0 0
47.5 0 1
47.5 100 0
44.5 100 1
44.5 0 0
41.5 0 1
41.5 100 0
38.5 100 1
38.5 0 0
35.5 0 1
35.5 100 0
32.5 100 1
32.5 0 0
29.5 0 1
29.5 100 0
26.5 100 1
26.5 0 0
23.5 0 1
23.5 100 0
19.03164005758744 100 1
22.0033 99.07918612051702 0
22.0033 100 1
14.5329 100 0
14.5 100 1
14.5 0 0
0 0 1
0 100 0
2.499999999999999 100 1
2.499999999999999 0 0
5.499999999999998 0 1
5.499999999999998 100 0
8.5 100 1
8.5 0 0
11.5 0 1
11.5 100 0
14.5329 98.2532787212846 1
22.0033 95.93846204017234 0
22.0033 94.3681 1
21.5674 86.95930000000001 0
20.5 87.13357093610065 1
20.5 0 0
17.5 0 1
17.5 87.62337120619802 0
21.5674 86.95930000000001 0
62.5 100 1
62.5 0 0
65.5 0 1
65.5 31.09653291239147 0
65.09620000000001 30.929 0
64.6601 37.6512 0