26.9374 42.12860000000001 0
26.9374 42.12860000000001 1
25.917 26.1656 0
25.5 26.20948677913056 1
25.5 0 0
22.5 0 1
22.5 26.52521900309149 0
1.5 0 1
1.5 100 0
4.5 100 1
4.5 0 0
7.5 0 1
7.5 100 0
10.5 100 1
10.5 0 0
13.5 0 1
13.5 100 0
16.5 100 1
16.5 0 0
19.5 0 1
19.5 100 0
22.5 100 1
22.5 39.47345671018704 0
20.6805 31.7126 1
23.1238 42.13420000000001 0
25.5 42.1307107195301 1
25.5 100 0
28.5 100 1
28.5 0 0
31.5 0 1
31.5 100 0
34.5 100 1
34.5 0 0
37.5 0 1
37.5 100 0
40.5 100 1
40.5 0 0
43.5 0 1
43.5 100 0
46.5 100 1
46.5 0 0
49.5 0 1
49.5 100 0
52.5 100 1
52.5 0 0
55.5 0 1
55.5 100 0
58.5 100 1
58.5 0 0
61.5 0 1
61.5 100 0
64.5 100 1
64.5 0 0
67.5 0 1
67.5 100 0
70.5 100 1
70.5 0 0
73.5 0 1
73.5 100 0
76.5 100 1
76.5 0 0
79.5 0 1
79.5 100 0
82.5 100 1
82.5 0 0
85.5 0 1
85.5 100 0
88.5 100 1
88.5 0 0
91.5 0 1
91.5 100 0
94.5 100 1
94.5 0 0
97.5 0 1
97.5 100 0
100 100 1
100 0 0
26.9374 42.12860000000001 0