47.5359 49.46129999999999 0
47.5359 49.46129999999999 1
25.8197 83.32159999999999 1
17.2135 71.62700000000001 1
35.795 42.0104 0
22.5 63.20097648736646 1
22.5 0 0
25.5 0 1
25.5 58.41934960040901 0
28.5 53.63772271345155 1
28.5 0 0
31.5 0 1
31.5 48.8560958264941 0
34.5 44.07446893953663 1
34.5 0 0
37.5 0 1
37.5 43.09241113202566 0
40.5 44.99624303588311 1
40.5 36.81235922640512 0
40.2109 36.3847 0
40.5 36.1996820458274 1
40.5 0 0
43.5 0 1
43.5 34.27974478357281 0
40.2109 36.3847 1
44.3707 42.5382 0
43.5 41.25019277609501 1
43.5 46.90007493974056 0
69.01939999999999 42.27460000000001 1
80.7826 20.8914 0
91.5 6.48979857859924 1
91.5 0 0
94.5 0 1
94.5 14.12940155458173 0
93.90049999999999 14.2264 1
92.10759999999999 2.3611 1
89.9759 16.8462 0
91.1377 16.7604 1
93.24860000000001 28.0631 0
94.5 27.79586143053895 1
94.5 35.15537740018215 0
94.33109999999999 34.70610000000001 1
96.41739999999999 40.2557 0
94.5 40.79193462660973 1
94.5 100 0
91.5 100 1
91.5 41.63093738024965 0
90.3527 41.95180000000001 0
82.5 35.98130610726346 1
82.5 100 0
79.5 100 1
79.5 41.90626747181042 0
76.9786 46.886 1
87.46119999999999 26.183 0
85.5 24.62909859551403 1
85.5 0 0
88.5 0 1
88.5 100 0
85.5 100 1
85.5 30.0563447427165 0
97.5 27.15520639746946 1
97.5 100 0
100 100 1
100 0 0
97.5 0 1
97.5 13.64400483022009 0
97.98519999999999 13.5655 1
99.85589999999999 26.6521 0
91.5 35.56395992303914 1
91.5 18.70031577526174 0
82.5 22.25213336327973 1
82.5 0 0
79.5 0 1
79.5 23.22291628128401 0
76.5 28.67633031828074 1
76.5 0 0
73.5 0 1
73.5 34.12974435527748 0
70.5 39.58315839227421 1
70.5 0 0
67.5 0 1
67.5 100 0
70.5 100 1
70.5 43.13242978691326 0
73.5 44.87056929842196 1
73.5 100 0
76.5 100 1
76.5 46.60870880993065 0
46.5 51.07649440647995 1
46.5 100 0
43.5 100 1
43.5 55.75414979738628 0
40.5 60.43180518829261 1
40.5 100 0
37.5 100 1
37.5 65.10946057919895 0
34.5 69.78711597010528 1
34.5 100 0
31.5 100 1
31.5 74.4647713610116 0
28.5 79.14242675191792 1
28.5 100 0
25.5 100 1
25.5 82.88717323557435 0
22.5 78.81060053217448 1
22.5 100 0
19.5 100 1
19.5 74.7340278287746 0
17.2135 71.62700000000001 0
19.5 67.98260337432393 1
19.5 0 0
16.5 0 1
16.5 100 0
13.5 100 1
13.5 0 0
10.5 0 1
10.5 100 0
7.5 100 1
7.5 0 0
4.5 0 1
4.5 100 0
1.5 100 1
1.5 0 0
64.5 0 1
64.5 100 0
61.5 100 1
61.5 0 0
52.5 0 1
52.5 100 0
55.5 100 1
55.5 0 0
58.5 0 1
58.5 100 0
49.5 100 1
49.5 39.33756947764297 0
49.9014 39.08710000000001 0
49.5 38.48142541268462 1
49.5 0 0
46.5 0 1
46.5 33.95470951346655 0
45.7578 32.8348 1
49.9014 39.08710000000001 0
46.5 41.20953866779973 1
46.5 48.80390684359801 0
47.5359 49.46129999999999 0