41.607 51.6867 0
42.27035928476749 52.5 1
100 52.5 0
88.58899633466135 40.5 1
100 40.5 0
100 43.5 1
83.40254215139441 43.5 0
78.21608796812748 46.5 1
100 46.5 0
100 49.5 1
0 49.5 0
0 52.5 1
40.60486626247122 52.5 0
28.83652846633417 43.5 1
75.28962695286401 43.5 0
57.68559999999999 32.6266 0
54.04581294010167 28.5 1
0 28.5 0
0 25.5 1
56.30741578347579 25.5 0
61.13946446850925 13.5 1
0 13.5 0
0 16.5 1
60.73457689740962 16.5 0
60.90106306746671 19.5 1
0 19.5 0
0 22.5 1
62.86568908368849 22.5 0
61.0361 21.9333 1
67.70230000000001 23.9981 1
71.89670000000001 23.7502 0
72.19491503745019 22.5 1
80.48301868413793 22.5 0
78.03979799448277 19.5 1
72.91051663107569 19.5 0
74.92213488437383 15.67186062236286 1
67.93528056330311 13.2442 0
80.20386800439556 7.5 1
0 7.5 0
0 4.5 1
100 4.5 0
100 1.5 1
0 1.5 0
0 10.5 1
76.63573129366119 10.5 0
72.5054818718979 13.2442 1
61.2166 13.2442 1
77.57366942797231 18.92764658737042 1
73.11850000000001 13.4572 1
80.54339999999999 7.21453 0
80.77338624689821 7.5 1
100 7.5 0
100 10.5 1
83.19030830769148 10.5 0
85.60723036848472 13.5 1
100 13.5 0
100 16.5 1
88.02415242927796 16.5 0
90.44107449007123 19.5 1
100 19.5 0
100 22.5 1
91.55556510267294 22.5 0
92.33860000000001 21.8553 1
84.92740000000001 27.9572 0
82.92623937379309 25.5 1
58.34445484294024 25.5 0
61.02265685245902 28.5 1
100 28.5 0
100 31.5 1
58.89060448307667 31.5 0
61.5125 29.0487 1
57.68559999999999 32.6266 0
56.69190443908266 31.5 1
40.2148324061926 31.5 0
41.91576392023092 34.5 1
84.80169546374486 34.5 0
80.15775659850652 37.5 1
42.92634463945059 37.5 0
43.5033 37.3 1
35.1862 40.1831 1
25.9744 44.99509999999999 0
21.4968 39.23050000000001 1
27.6652 35.2985 1
40.0461 31.2024 0
39.14657219550304 31.5 1
0 31.5 0
0 34.5 1
30.07875158565465 34.5 0
27.6652 35.2985 0
24.21155488301119 37.5 1
0 37.5 0
0 40.5 1
22.4828724421469 40.5 0
24.81309483398675 43.5 1
0 43.5 0
0 46.5 1
77.39174989521959 46.5 0
77.62950000000001 46.83929999999999 1
90.64750000000001 39.30929999999999 0
89.62795784030249 37.5 1
100 37.5 0
100 34.5 1
87.93745517126334 34.5 0
87.91184757206773 25.5 1
100 25.5 0
87.10059999999999 33.0149 1
78.22819999999999 38.7465 1
73.01519999999999 40.25409999999999 0
73.18750401050841 40.5 1
34.57954592269327 40.5 0
44.71727660224261 55.5 1
100 55.5 0
100 58.5 1
47.1641939197177 58.5 0
54.50494587214301 67.5 1
60.85143545681198 67.5 0
63.40944277326001 64.5 1
52.05802855466791 64.5 0
49.6111112371928 61.5 1
100 61.5 0
100 64.5 1
63.48701560359589 64.5 0
63.4421 64.46170000000001 1
63.98999999999999 64.9289 0
62.65942159617428 67.5 1
100 67.5 0
100 70.5 1
56.95186318961811 70.5 0
59.39878050709322 73.5 1
100 73.5 0
100 76.5 1
61.84569782456832 76.5 0
64.29261514204342 79.5 1
100 79.5 0
100 82.5 1
66.73953245951853 82.5 0
68.92830000000001 85.18350000000001 1
66.77799999999999 86.81649999999999 0
65.68356683888314 85.5 1
0 85.5 0
0 100 1
100 100 0
100 97.5 1
0 97.5 0
0 94.5 1
100 94.5 0
100 91.5 1
0 91.5 0
0 88.5 1
100 88.5 0
100 85.5 1
68.51153946723821 85.5 0
66.77799999999999 86.81649999999999 0
63.18960597040569 82.5 1
0 82.5 0
0 79.5 1
60.69564510192824 79.5 0
58.20168423345079 76.5 1
0 76.5 0
0 73.5 1
55.70772336497333 73.5 0
53.21376249649589 70.5 1
0 70.5 0
0 67.5 1
50.71980162801843 67.5 0
48.22584075954099 64.5 1
0 64.5 0
0 61.5 1
45.73187989106353 61.5 0
43.23791902258608 58.5 1
0 58.5 0
0 55.5 1
40.74395815410863 55.5 0
39.1987 53.6412 1
41.607 51.6867 0
41.607 51.6867 0