45.52160000000001 85.9811 0
45.21190786556335 91.5 1
100 91.5 0
100 94.5 1
39.36130535594469 94.5 0
33.16297357944454 97.5 1
100 97.5 0
100 100 1
0 100 0
0 97.5 1
28.5777227980568 97.5 0
29.4979 99.2739 1
45.2022 91.673 0
45.52160000000001 85.9811 0
45.52160000000001 85.9811 1
34.7984 91.57230000000001 0
34.77065449367089 91.5 1
34.93706206896552 91.5 0
34.2527 90.15029999999999 1
26.7964 94.066 0
27.02152932275965 94.5 1
0 94.5 0
0 91.5 1
31.68259296677478 91.5 0
0 82.5 1
100 82.5 0
100 85.5 1
0 85.5 0
0 88.5 1
40.69067488911146 88.5 0
45.52160000000001 85.9811 0