28.9379 50.66 0
28.9379 50.66 1
15.4552 54.3476 0
15.83277921937604 55.5 1
0 55.5 0
0 58.5 1
16.81571713861253 58.5 0
17.798655057849 61.5 1
0 61.5 0
0 64.5 1
18.78159297708549 64.5 0
12.3948750799998 74.7499 1
4.817869999999999 80.35917477274839 0
4.817869999999999 84.09179159091613 1
17.43689169333327 74.7499 0
19.9579 74.7499 1
4.817869999999999 74.7499 0
4.817869999999999 76.62655795458065 1
7.352858466666332 74.7499 0
3.31787 74.7499 1
3.31787 92.84350000000001 0
4.817869999999999 92.84350000000001 1
4.817869999999999 85.9581 0
4.817869999999999 88.62843545838629 1
7.679772348556833 92.84350000000001 0
9.492850000000001 92.84350000000001 0
11.32477266878156 91.5 1
100 91.5 0
100 94.5 1
0 94.5 0
0 97.5 1
100 97.5 0
100 100 1
0 100 0
15.41540758232429 88.5 1
100 88.5 0
100 85.5 1
19.50604249586703 85.5 0
23.59667740940976 82.5 1
100 82.5 0
100 79.5 1
23.2564983645029 79.5 0
24.7516 81.65299999999999 1
9.492850000000001 92.84350000000001 1
0 92.84350000000001 0
0.3178700000000003 92.84350000000001 1
0.3178700000000003 74.7499 0
0 73.5 1
100 73.5 0
100 76.5 1
21.17321694021526 76.5 0
28.52396705534981 67.5 1
100 67.5 0
100 70.5 1
0 70.5 0
0 67.5 1
19.76453089632197 67.5 0
20.5498 69.89670000000001 1
33.8464 65.90029999999999 0
33.39540018044264 64.5 1
100 64.5 0
100 61.5 1
32.42917904306346 61.5 0
31.46295790568427 58.5 1
100 58.5 0
100 55.5 1
30.49673676830508 55.5 0
28.9379 50.66 0