28.9379 50.66 0
29.5305156309259 52.5 1
100 52.5 0
100 49.5 1
0 49.5 0
0.6819000000000004 48.0694 1
0.6819000000000004 25.8858 0
0 25.5 1
100 25.5 0
100 28.5 1
32.77721947399563 28.5 0
31.3641 25.8858 1
5.181900000000001 25.8858 0
3.6819 25.8858 1
3.6819 48.0694 0
5.181900000000001 48.0694 1
5.181900000000001 39.85980000000001 0
5.181900000000001 38.15952600485606 1
28.17840415087609 25.8858 0
21.80701245262828 25.8858 1
5.181900000000001 34.7589780145682 0
5.181900000000001 31.35843002428033 1
15.43562075438046 25.8858 0
9.064229056132646 25.8858 1
5.181900000000001 27.95788203399247 0
0 1.5 1
100 1.5 0
100 4.5 1
0 4.5 0
0 7.5 1
100 7.5 0
100 10.5 1
0 10.5 0
0 13.5 1
100 13.5 0
100 16.5 1
0 16.5 0
0 19.5 1
100 19.5 0
100 22.5 1
0 22.5 0
5.181900000000001 42.87619883228912 1
8.158520999162192 48.0694 0
9.887450000000001 48.0694 1
35.84059999999999 34.1671 0
34.39888515450473 31.5 1
100 31.5 0
100 34.5 1
35.21913422563173 34.5 0
29.61866164195852 37.5 1
100 37.5 0
100 40.5 1
24.01818905828532 40.5 0
18.41771647461211 43.5 1
100 43.5 0
100 46.5 1
12.81724389093891 46.5 0
9.887450000000001 48.0694 0
0 52.5 1
22.21044365983295 52.5 0
28.9379 50.66 0