43.42310000000001 50.0502 0
56.5 48.72386625496544 1
56.5 37.23001144587242 0
57.0492 37.273 1
58.30889999999999 23.5248 0
62.5 27.78442577954768 1
62.5 100 0
57.7071 98.61138567110748 1
46.2817 98.93069386985522 0
46.2817 100 1
46.2817 97.43010819874775 1
46.5432 97.4228 1
46.2817 90.24359999999999 0
47.5 90.14767563903229 1
47.5 85.21705879436269 0
49.8507 84.64099999999999 1
46.40219999999999 77.81399999999999 0
47.5 79.98731610845294 1
47.5 72.2559985920773 0
47.29519999999999 72.1506 1
59.27800000000001 41.6537 0
62.30119999999999 43.20950000000001 1
49.69589999999999 73.3861 0
50.5 71.46111574258447 1
50.5 89.91146691958454 0
53.5 89.67525820013682 1
53.5 64.27923193180646 0
56.5 57.09734812102846 1
56.5 85.70862397403454 0
56.1656 84.77289999999999 0
55.92910000000001 89.48400000000001 1
56.1656 84.77289999999999 1
58.89230000000001 92.40280000000001 0
57.6567 93.12620000000001 1
57.7071 97.11080000000001 1
57.7071 100 0
59.5 100 1
59.5 49.91546431025046 0
67.19800000000001 32.8198 1
61.87439999999999 27.1139 0
62.5 26.51886436257269 1
62.5 0 0
65.5 0 1
65.5 23.66543259741616 0
68.5 20.81200083225963 1
68.5 16.7549239449121 0
70.48949999999999 18.9197 1
66.99690000000001 15.1194 0
68.5 13.9660190799512 1
68.5 0 0
71.5 0 1
71.5 11.66401471554005 0
74.5 9.362010351128905 1
74.5 0 0
77.5 7.060005986717757 1
77.5 0 0
80.5 0 1
80.5 8.243726614668077 0
78.63650000000001 6.18793 1
83.55330000000001 11.6121 0
83.5 11.5532999143752 1
83.5 0 0
86.5 0 1
86.5 100 0
83.5 100 1
83.5 11.66260039928966 0
80.5 14.50502437431751 1
80.5 100 0
77.5 100 1
77.5 24.25330447625021 0
77.72020000000001 24.0702 0
77.5 23.80673645530467 1
77.5 17.34744834934536 0
74.5 20.21731486545005 1
74.5 20.18987232437321 0
74.4872 20.202 1
77.72020000000001 24.0702 0
74.5 26.7479158693049 1
74.5 100 0
71.5 100 1
71.5 55.18702800990653 0
92.5 64.38145677724816 1
92.5 0 0
89.5 0 1
89.5 69.58848123494357 0
89.946 67.10650000000001 1
89.15729999999999 71.4956 0
89.5 71.66568589081518 1
89.5 100 0
98.5 100 1
98.5 0 0
95.5 0 1
95.5 100 0
92.5 100 1
92.5 72.12824098237587 0
93.5812 72.01820000000001 1
94.8509 64.76929999999999 0
73.11240000000001 49.2299 0
71.5 49.42632372511729 1
71.5 29.24252726235958 0
68.5 31.73713865541427 1
68.5 100 0
65.5 100 1
65.5 30.99986270193102 0
43.42310000000001 50.0502 0