43.42310000000001 50.0502 0
41.5 50.04393454563007 1
41.5 6.250529804053881 0
44.5 5.383183670774873 1
44.5 22.05472561984659 0
44.3861 22.0426 1
42.87990000000001 36.1639 0
44.5 36.29071310368191 1
44.5 76.1041739796735 0
41.5 73.40757106674135 1
41.5 59.0150302485884 0
53.5 56.35903499682878 1
53.5 36.99518686032479 0
50.5 36.76036227477717 1
50.5 63.99420373869212 0
47.5 71.62937248055547 1
47.5 36.52553768922954 0
59.27800000000001 41.6537 0
59.5 41.76794569992062 1
59.5 5.782094406983745 0
58.76090000000001 7.603680000000001 1
60.58799999999999 3.10061 1
60.58799999999999 0 1
54.7743 0 1
54.7743 1.40319 0
55.27706892409668 1.40319 1
54.7743 2.452039504054182 0
56.9405 1.40319 0
59.17610000000001 1.97771 0
60.58799999999999 3.10061 1
59.17610000000001 1.97771 1
60.58799999999999 1.97771 0
60.58799999999999 1.5 1
57.31721175241941 1.5 0
56.9405 1.40319 1
59.17610000000001 1.97771 0
56.9405 1.40319 1
54.7743 1.40319 1
54.7743 5.9222 0
56.5 6.650070876436061 1
56.5 23.33222727181314 0
53.5 23.0128518588215 1
53.5 0 0
50.5 0 1
50.5 22.69347644582986 0
47.5 22.37410103283822 1
47.5 4.515837537495862 0
49.32389999999999 3.98852 1
48.64230000000001 0.6575549999999999 1
49.32389999999999 0.4446659790706151 0
49.32389999999999 0 1
17.3657 0 1
17.3657 10.4264 0
17.3657 8.854936460955411 1
45.71626812905906 0 0
35.65365857280507 0 1
17.3657 5.712009382866231 0
17.3657 2.569082304777051 1
25.59104901655108 0 0
5.5 0 1
5.5 12.33856434638868 0
8.5 9.39021070573493 1
8.5 0 0
17.9071 13.0716 1
17.3657 10.4264 0
17.5 11.08256985592907 1
17.5 100 0
38.2484 98.9469 0
38.2484 96.5333 1
35.28789999999999 92.48990000000001 0
35.5 92.77958253335586 1
35.5 81.45792995177007 0
41.5 81.70573315143247 1
41.5 100 0
44.5 100 1
44.5 84.06540140745122 0
42.8458 84.49250000000001 1
40.6468 79.93899999999999 0
38.5 80.57256625873552 1
38.5 100 0
38.2484 98.9469 1
38.2484 97.5590469214053 0
36.6863 98.23259999999999 1
38.2484 96.5333 1
38.2484 97.5590469214053 1
35.02970000000001 98.9469 0
31.9232 97.55638929430305 1
33.0791062101278 98.9469 0
31.9232 98.9469 1
38.2484 98.9469 1
38.2484 100 1
31.9232 100 1
31.9232 95.2099 0
32.5 94.74361890510298 1
32.5 82.34329364480462 0
31.5031 82.63749999999999 1
28.9522 75.69110000000001 1
28.3398 70.50309999999999 0
28.9522 75.69110000000001 0
29.5 77.1828236739974 1
29.5 100 0
26.5 100 1
26.5 10.58726047044893 0
28.096 10.1258323275445 1
28.096 12.794 1
28.6094 16.822 0
29.5 17.05870762117347 1
29.5 70.50377017395746 0
32.5 70.50550308369066 1
32.5 23.67506491564943 0
31.1447 23.8669 0
23.5 11.45460660372794 1
23.5 100 0
20.5 100 1
20.5 12.32195273700695 0
14.1251 47.3764 1
5.45894 25.7695 0
2.5 26.6944164247067 1
2.5 0 0
0 0 1
0 100 0
2.5 100 1
2.5 28.89647549953796 0
1.72554 26.9365 1
10.3395 48.7364 0
8.5 44.08105959326488 1
8.5 100 0
5.5 100 1
5.5 36.48876754640142 0
1.72554 26.9365 0
5.45894 25.7695 0
5.5 25.87187282879614 1
5.5 15.3302808948906 0
3.9918 13.8208 1
9.18439 19.0178 0
8.5 18.33282875636243 1
8.5 33.35162164488078 0
11.5 40.83137046096542 1
11.5 17.20128347903091 0
12.6173 16.3248 1
11.4932 6.448539999999999 0
11.5 6.508284300329152 1
11.5 0 0
14.5 0 1
14.5 100 0
11.5 100 1
11.5 48.31948326289096 0
38.5 50.03416055410085 1
38.5 7.117875937332892 0
36.97750000000001 7.55805409997199 1
36.97750000000001 12.12193647220595 1
35.42149999999999 12.5718 0
35.5 12.54910444284587 1
35.5 13.09998492930591 0
36.97750000000001 9.119486880698879 1
28.096 11.68726510827139 0
28.096 12.794 1
35.42149999999999 12.5718 1
36.97750000000001 23.0413 0
35.5 23.25043180633658 1
35.5 50.02438656257165 0
35.1358 50.0232 1
33.3133 61.2948 0
35.5 61.73010211313394 1
35.5 70.75675290036659 0
37.1507 70.9126 0
38.5 71.67669890432862 1
38.5 62.32730627438231 0
40.6957 62.76439999999999 1
43.42310000000001 50.0502 0
43.42310000000001 50.0502 0