30.2807 78.19110000000001 0
31.28464256439656 79.5 1
100 79.5 0
100 82.5 1
33.58567984240841 82.5 0
35.88671712042024 85.5 1
100 85.5 0
100 88.5 1
31.19877218979853 88.5 0
27.4206 90.69470000000001 1
36.03360000000001 85.69149999999999 0
27.4206 90.69470000000001 0
0 91.5 1
100 91.5 0
100 94.5 1
0 94.5 0
0 97.5 1
100 97.5 0
100 100 1
0 100 0
0 88.5 1
26.31577060252311 88.5 0
25.3895 86.66 1
27.8299 84.97819999999999 0
27.07273462956356 85.5 1
0 85.5 0
0 82.5 1
25.94362621639033 82.5 0
23.3402 79.0796 0
26.8736 76.6978 0
30.2807 78.19110000000001 0