46.3206 42.8001 0
46.0059 38.605 0
45.48656462352859 37.5 1
77.78733175500915 37.5 0
75.72110000000001 33.97239999999999 1
78.4349 33.5821 0
79.08222794549266 31.5 1
51.43312880346508 31.5 0
51.76949999999999 31.098 0
44.45990059047472 25.5 1
100 25.5 0
100 22.5 1
0 22.5 0
0 19.5 1
100 19.5 0
100 16.5 1
0 16.5 0
0 13.5 1
100 13.5 0
100 10.5 1
0 10.5 0
0 7.5 1
100 7.5 0
100 4.5 1
0 4.5 0
0 1.5 1
100 1.5 0
90.15143147638327 31.5 1
100 31.5 0
100 28.5 1
48.37715643695128 28.5 0
51.76949999999999 31.098 1
41.6857 23.3754 0
39.91652484163734 25.5 1
0 25.5 0
20.88622045405052 31.5 1
42.4900558452194 31.5 0
42.63209999999999 31.4265 1
39.80029999999999 32.8918 0
40.55312029092589 34.5 1
28.52800826643989 34.5 0
28.6195 32.35590000000001 1
3.72555 29.6007 1
1.63253 55.6658 1
0 55.54896647910761 0
1.5 55.65631536784998 1
1.5 29.44142645377294 0
0 28.5 1
42.55365645273045 28.5 0
39.4378 26.0749 1
49.4513 33.8685 0
46.40816528048656 31.5 1
42.66664402730376 31.5 0
44.07660432541617 34.5 1
76.03013273442079 34.5 0
75.72110000000001 33.97239999999999 0
79.62129999999999 29.7661 1
90.8717 31.6186 0
90.37381608591886 34.5 1
100 34.5 0
100 37.5 1
79.89196898624783 37.5 0
100 40.5 1
45.16610694387963 40.5 0
46.3206 42.8001 1
41.9786 45.6562 0
40.57234640175085 43.5 1
28.14396573015848 43.5 0
39.56150392351816 40.5 1
28.27197990891895 40.5 0
28.39999408767942 37.5 1
39.4014893040293 37.5 0
40.5813 39.68810000000001 1
38.93899999999999 40.9956 0
48.1647429517802 64.5 1
100 64.5 0
100 61.5 1
43.20475456464938 61.5 0
42.5917 61.1292 0
43.28469791138522 64.5 1
36.68933302238254 64.5 0
36.1335 65.5693 0
34.73295699955536 67.5 1
43.90146358545537 67.5 0
38.24876355370924 61.5 1
42.66793223731507 61.5 0
42.5917 61.1292 1
48.85599999999999 64.91810000000001 0
48.91229844767804 67.5 1
77.74010067938033 67.5 0
78.10069999999999 67.23849999999999 0
89.2227723846072 82.5 1
100 82.5 0
100 79.5 1
87.03647240401409 79.5 0
84.85017242342099 76.5 1
100 76.5 0
100 73.5 1
82.66387244282791 73.5 0
80.4775724622348 70.5 1
100 70.5 0
100 67.5 1
78.2912724816417 67.5 0
78.10069999999999 67.23849999999999 1
62.5326 78.5282 0
63.21172661375233 79.5 1
0 79.5 0
0 82.5 1
65.30822778812666 82.5 0
66.74752481038487 84.55957006824156 1
62.9221 84.28579999999999 0
62.77137632379628 86.72574136663025 1
67.10783648908674 92.93102312601383 0
64.82120364008045 84.42171111024615 1
70.96047882969557 93.20674104200461 0
63.25519414847791 92.65530521002304 1
62.47412886383165 91.5376355027127 0
62.34869999999999 93.56809999999999 0
60.8095848795784 91.5 1
0 91.5 0
0 100 1
100 100 0
100 97.5 1
0 97.5 0
0 94.5 1
100 94.5 0
100 91.5 1
78.32803782441002 91.5 0
82.45956688239525 88.5 1
100 88.5 0
100 85.5 1
86.59109594038046 85.5 0
89.74180000000001 83.2122 1
77.1018 92.3904 1
72.88679999999999 93.34460000000001 1
62.40882819267649 92.59473424680661 0
62.34869999999999 93.56809999999999 1
62.40882819267649 92.59473424680661 1
62.9221 84.28579999999999 1
57.8156 87.477 0
58.57693396266684 88.5 1
0 88.5 0
0 85.5 1
60.9791593193783 85.5 0
62.5326 78.5282 0
73.60320598775874 70.5 1
48.97771358499325 70.5 0
49.0063 71.81100000000001 1
44.7651 71.70079999999999 0
44.51822925952553 70.5 1
32.55673645709204 70.5 0
30.38051591462872 73.5 1
69.46631129613718 73.5 0
65.32941660451561 76.5 1
28.2042953721654 76.5 0
27.9763 76.8143 0
23.09352541762868 73.5 1
0 73.5 0
0 76.5 1
27.5132592217846 76.5 0
27.9763 76.8143 1
21.4678 72.3965 0
22.88348494359914 70.5 1
0 70.5 0
0 67.5 1
25.12290220212665 67.5 0
27.26602114847417 64.5 1
0 64.5 0
0 61.5 1
28.89902586178761 61.5 0
30.53203057510103 58.5 1
0 58.5 0
1.63253 55.6658 1
27.5457 57.52030000000001 0
32.6772 54.5591 0
34.22226150730098 55.5 1
100 55.5 0
100 58.5 1
39.14859217145549 58.5 0
39.64960000000001 58.8051 1
32.6772 54.5591 0
32.16503528841446 55.5 1
27.63190901511659 55.5 0
27.75992319387706 52.5 1
100 52.5 0
100 49.5 1
27.88793737263754 49.5 0
28.015951551398 46.5 1
100 46.5 0
100 43.5 1
45.25657360036413 43.5 0
46.3206 42.8001 0