18.9442 64.3769
7.95899 63.1965
2.60369 98.7743
14.1145 99.846

24.2815 55.7372
22.0222 48.7746
11.005 45.5369
9.62388 52.1669

23.9993 10.8628
22.4608 7.27352
11.146 13.2716
12.8642 16.7727

37.4816 36.0653
33.146 30.0574
18.2994 32.9193
24.391 43.5993

42.7583 18.1917
42.1091 14.2183
28.4248 15.6287
28.719 19.5394

36.7852 95.7144
27.2617 83.8602
21.4174 87.5435
31.351 99.536

41.8012 70.1291
37.5952 57.9986
25.5406 62.4948
30.0874 74.7429

42.9547 47.2695
41.9621 43.6675
30.3544 47.4437
31.5472 50.9462

60.8596 85.8772
50.6848 68.4732
43.5112 73.084
54.0728 89.9607

61.01 43.8903
58.0542 40.8872
50.4123 48.2792
53.2133 51.6073
46.2265 59.5772
50.3996 64.4894
51.7772 63.5506

65.3233 32.2879
64.5958 28.1259
59.9678 27.9321
57.9043 16.9462
51.2552 17.8346
52.7581 27.8668

70.8484 91.8119
64.3865 85.8962
62.2941 87.0961
60.9227 89.025
67.1051 95.1973
68.8166 92.8532

78.5148 87.59
75.8141 83.1137
67.0709 74.8551
62.8627 78.224
73.6622 92.8982

95.7451 73.0385
89.6273 70.1713
83.2122 81.7301
86.8666 83.671
81.1273 94.2096
91.5767 83.9543
90.5991 83.3207

97.1899 19.5596
91.7869 11.4202
89.2925 12.9982
90.1884 24.4862