49.4811 65.3716 0
50.5 65.73741803795215 1
50.5 0 0
53.5 0 1
53.5 66.81451501886926 0
55.09869999999999 67.38849999999999 1
53.02930000000001 71.63890000000001 0
53.5 70.67211577268773 1
53.5 84.29466277917405 0
59.06059999999999 86.19130000000001 1
59.06059999999999 98.48990000000001 0
56.24565224441284 98.48990000000001 1
59.06059999999999 90.63672958287265 0
59.06059999999999 86.19130000000001 0
56.5 85.31791776289484 1
56.5 0 0
59.5 0 1
59.5 100 0
59.06059999999999 99.98990000000001 1
40.4704 99.98990000000001 0
40.4704 100 1
40.4704 93.85050000000001 1
45.05500000000001 81.41419999999999 0
44.5 82.91970680539197 1
44.5 73.84447725760648 0
47.5 77.52334135496957 1
47.5 82.24815281173244 0
50.5 83.27140779545326 1
50.5 73.83913127650422 0
51.5994 71.4306 1
48.34520000000001 78.5598 1
38.48520000000001 66.46860000000001 0
38.5 66.48674906288034 1
38.5 100 0
35.5 100 1
35.5 29.20214890603263 0
33.18519999999999 30.0646 0
32.5 29.93143775891341 1
32.5 100 0
29.5 100 1
29.5 23.43096217359926 0
32.5 21.99102646962341 1
32.5 24.0658767003367 0
32.13079999999999 24.0409 1
31.4182 29.7212 0
26.5 24.87089787757512 1
26.5 100 0
23.5 100 1
23.5 22.54819572049601 0
22.1129 19.5367 1
24.9193 25.6296 0
32.5 21.99102646962341 0
68.2723 33.5395 1
73.6643 27.4042 0
72.88624222942335 28.28951488127205 1
79.33600000000001 16.09424727854493 0
79.33600000000001 7.057797094524862 1
74.27431379677759 1.09669 0
70.33870459892586 1.09669 1
79.33600000000001 11.69273236484162 0
79.33600000000001 14.0102 1
79.33600000000001 1.09669 1
79.33600000000001 0 1
61.4769 0 1
61.4769 6.4465 1
72.45519999999999 19.4792 1
68.2723 27.38826987052423 1
68.2723 33.5395 0
68.5 33.72247406940063 1
68.5 100 0
65.5 100 1
65.5 11.22245396099578 0
68.5 14.7838523560114 1
68.5 26.95773239424739 0
68.2723 30.59671450833761 1
75.38264022773419 17.15241087584609 0
71.5 21.28530187676606 1
71.5 18.34525075102702 0
72.45519999999999 19.4792 1
79.33600000000001 14.0102 1
79.33600000000001 16.68009194466703 1
78.40649999999999 18.4376 0
85.72450000000001 22.9326 1
82.5257 28.8291 1
73.97829999999999 38.1247 0
74.5 37.55733278657837 1
74.5 100 0
71.5 100 1
71.5 36.1331996214511 0
49.4811 65.3716 0