49.4811 65.3716 0
86.5 75.05401175 1
86.5 69.64315571889912 0
87.2595 69.91159999999999 1
85.8595 79.39070000000001 1
92.5427 68.0308 0
92.5 68.10338016070145 1
92.5 100 0
89.5 100 1
89.5 73.20268887508979 0
86.5 78.30199758947811 1
86.5 100 0
83.5 100 1
83.5 68.58280964476791 0
83.11009999999999 68.44499999999999 1
84.4753 63.2846 0
83.5 66.97119399355407 1
83.5 27.03312652557209 0
82.5257 28.8291 0
80.5 31.03212044130379 1
80.5 100 0
77.5 100 1
77.5 34.29472661394108 0
91.37430000000001 44.7574 1
93.0341 47.7972 0
92.5 46.81903565489819 1
92.5 0 0
89.5 0 1
89.5 45.84580812969041 0
86.59059999999999 47.53530000000001 1
88.50819999999999 50.50060000000001 0
89.5 51.39014118333776 1
89.5 66.24072355157796 0
92.5 68.00567880357983 1
92.5 66.26949316023627 0
92.22749999999999 66.4091 1
90.63059999999999 63.9648 0
92.5 62.78407565738664 1
92.5 50.63324890152957 0
96.06880000000001 60.53 1
97.5771 63.66840000000001 0
95.5 64.73253712614027 1
95.5 100 0
98.5 100 1
98.5 0 0
95.5 0 1
95.5 60.88925751903203 0
86.5 64.47576829957606 1
86.5 0 0
83.5 0 1
83.5 21.56622564908445 0
80.5 19.72350905985242 1
80.5 0 0
79.33600000000001 2.422861824208103 1
78.20992299462932 1.09669 0
79.33600000000001 1.09669 1
61.4769 1.09669 0
65.92419671747777 1.09669 1
61.4769 4.547834829145588 0
61.4769 6.4465 0
62.5 7.661055565980162 1
62.5 100 0
40.4704 98.48990000000001 1
54.65219999999999 98.48990000000001 0
49.82785523578649 98.48990000000001 1
40.4704 95.42872456240337 0
40.4704 93.85050000000001 0
41.5 91.05758142913231 1
41.5 70.1656131602434 0
14.5 72.66797739853999 1
14.5 0 0
17.5 0 1
17.5 90.74795120288152 0
18.0195 93.87880000000001 1
12.8278 62.5902 0
38.5 66.46489681194802 1
38.5 14.3001580175287 0
37.5925 14.5646 1
35.123 3.22656 0
35.123 2.34091 1
39.2298 2.34091 1
35.123 3.22656 1
35.123 0 0
35.123 1.5 1
41.643 1.5 0
41.643 0 1
41.643 13.3843 0
35.5 25.03645214589235 1
35.5 4.957453330633731 0
32.5 0 1
32.5 8.99702697507573 0
30.8273 9.850639999999999 1
32.0046 14.3306 0
29.5 15.64879586724224 1
29.5 0 0
26.5 0 1
26.5 17.22772567708281 0
23.5 18.80665548692338 1
23.5 0 0
20.5 0 1
20.5 100 0
17.5 100 1
17.5 93.87035119257277 0
18.0195 93.87880000000001 0
13.4202 93.804 0
11.5 81.2736352696204 1
11.5 100 0
14.5 100 1
14.5 93.82156115930684 0
13.4202 93.804 1
8.718589999999999 63.1234 0
11.5 62.76249174464192 1
11.5 0 0
8.5 0 1
8.5 100 0
5.5 100 1
5.5 0 0
2.5 0 1
2.5 100 0
0 100 1
0 0 0
40.76519558012335 2.34091 1
41.643 6.35795647456559 0
41.643 13.3843 0
41.5 13.42596964572275 1
41.5 65.71425058519424 0
44.056 65.07470000000001 0
44.5 65.09899883320122 1
44.5 0 0
47.5 0 1
47.5 65.26318013861496 0
49.4811 65.3716 0