41.3216 41.8604 0
38.4428031582561 40.5 1
0 40.5 0
0 37.5 1
32.09438318969411 37.5 0
52.93974237375032 73.5 1
19.52495365149786 73.5 0
19.1321 74.07140000000001 1
17.3162 73.01840000000001 0
17.0061462594395 73.5 1
18.14671988603989 73.5 0
17.20171503075457 85.5 1
0 85.5 0
0 88.5 1
13.57094313436715 88.5 0
12.7942 89.14179999999999 1
18.3822 84.52459999999999 0
19.27872654531966 85.5 1
34.97757921501154 85.5 0
35.64060000000001 88.0693 1
47.70010000000001 86.34440000000001 0
47.58311551399801 85.5 1
100 85.5 0
100 88.5 1
21.58702692324658 88.5 0
17.64461404278782 91.5 1
100 91.5 0
100 94.5 1
0 94.5 0
0 97.5 1
100 97.5 0
100 100 1
0 100 0
0 91.5 1
14.77398655685297 91.5 0
15.893 92.8329 1
21.8513 88.2989 0
0 58.5 1
100 58.5 0
100 55.5 1
0 55.5 0
0 52.5 1
100 52.5 0
100 49.5 1
0 49.5 0
0 46.5 1
100 46.5 0
100 43.5 1
0 43.5 0
19.30386894062657 67.5 1
51.59414578082288 67.5 0
52.29170000000001 68.5728 1
55.9743 69.61359999999999 0
55.96939999999999 79.9434 1
47.0741 81.82589999999999 0
47.1674908597986 82.5 1
100 82.5 0
100 79.5 1
55.86066723315309 79.5 0
55.12499222065706 76.5 1
100 76.5 0
100 73.5 1
54.38931720816105 73.5 0
54.35039999999999 73.34129999999999 1
43.9478 74.51159999999999 0
42.15781265658185 79.5 1
0 79.5 0
0 82.5 1
34.20341412920398 82.5 0
33.8858 81.26920000000001 1
44.6728 78.96209999999999 0
44.27171641388608 76.5 1
0 76.5 0
0 73.5 1
12.85282915963066 73.5 0
13.5545 71.6695 1
11.5756 70.56950000000001 0
11.62463983703663 70.5 1
0 70.5 0
0 67.5 1
13.74146733502044 67.5 0
14.1129 66.9736 1
16.1858 67.74760000000001 0
16.30859491704906 67.5 1
15.52268625322997 67.5 0
17.0288 66.0478 1
22.3245 69.4281 0
21.58753845110159 70.5 1
100 70.5 0
100 67.5 1
56.30317273672131 67.5 0
56.69289999999999 64.99529999999999 1
50.8823 63.7637 0
50.72625850818191 64.5 1
0 64.5 0
0 61.5 1
100 61.5 0
100 64.5 1
54.35611031178954 64.5 0
42.02430272444214 40.5 1
100 40.5 0
100 37.5 1
43.57392649195641 37.5 0
45.12355025947068 34.5 1
100 34.5 0
100 31.5 1
61.46377078957252 31.5 0
61.48743076962924 28.5 1
100 28.5 0
100 25.5 1
37.94854473101125 25.5 0
37.50451388815031 22.5 1
72.78462873582416 22.5 0
73.8706 24.0677 0
75.61359805890055 22.5 1
100 22.5 0
100 19.5 1
79.28899030803669 19.5 0
84.40507571988121 16.5 1
100 16.5 0
100 13.5 1
87.46298400321473 13.5 0
88.31540000000001 14.678 1
83.32919999999999 17.0013 1
78.20079999999999 20.173 1
73.8706 24.0677 0
70.70647998764051 19.5 1
37.06048304528937 19.5 0
37.0224 19.2427 1
30.1955 17.7957 1
26.0413 18.4258 0
25.88700413593298 19.5 1
0 19.5 0
0 16.5 1
71.52330464225892 16.5 0
69.72309999999999 18.0804 1
74.00729999999999 14.3193 1
79.35929999999999 11.1498 0
75.39076540463796 13.5 1
0 13.5 0
0 10.5 1
80.82819341890021 10.5 0
79.35929999999999 11.1498 1
84.2097 9.004110000000001 0
85.29214530172422 10.5 1
100 10.5 0
100 7.5 1
0 7.5 0
0 4.5 1
100 4.5 0
100 1.5 1
0 1.5 0
0 22.5 1
25.45609034687965 22.5 0
25.1241 24.8113 1
37.6365 27.912 0
33.7199 28.6262 1
46.89570000000001 31.0692 0
46.67317402698495 31.5 1
54.77560695232278 31.5 0
55.09950083486052 28.5 1
0 28.5 0
0 25.5 1
27.90324338052698 25.5 0
32.18567636210143 31.5 1
0 31.5 0
0 34.5 1
30.58407885576985 34.5 0
29.6094 36.3257 1
41.3216 41.8604 0
41.3216 41.8604 0