38.7011 79.22720000000001 0
26.75889910313902 76.5 1
100 76.5 0
100 73.5 1
0 73.5 0
0 70.5 1
100 70.5 0
100 67.5 1
0 67.5 0
0 64.5 1
100 64.5 0
100 61.5 1
0 61.5 0
0 58.5 1
100 58.5 0
100 55.5 1
0 55.5 0
0 52.5 1
100 52.5 0
100 49.5 1
0 49.5 0
0 46.5 1
100 46.5 0
100 43.5 1
0 43.5 0
0 40.5 1
100 40.5 0
100 37.5 1
0 37.5 0
0 34.5 1
100 34.5 0
100 31.5 1
0 31.5 0
0 28.5 1
100 28.5 0
100 25.5 1
0 25.5 0
0 22.5 1
100 22.5 0
100 19.5 1
0 19.5 0
0 16.5 1
100 16.5 0
100 13.5 1
0 13.5 0
0 10.5 1
100 10.5 0
100 7.5 1
0 7.5 0
0 4.5 1
100 4.5 0
100 1.5 1
0 1.5 0
38.7011 79.22720000000001 0
38.7011 79.22720000000001 1
23.8583 75.83760000000001 0
23.73392363459224 76.5 1
0 76.5 0
0 79.5 1
23.17062487821651 79.5 0
22.8754 81.07230000000001 1
17.5751 80.18979999999999 0
16.10892442571647 82.5 1
0 82.5 0
0 85.5 1
14.20496514822943 85.5 0
0 100 1
100 100 0
100 97.5 1
0 97.5 0
0 94.5 1
100 94.5 0
100 91.5 1
0 91.5 0
0 88.5 1
15.8578595569776 88.5 0
12.6877 87.89070000000001 1
23.2575 89.9222 0
23.63115860303991 88.5 1
100 88.5 0
100 85.5 1
37.88472618580948 85.5 0
37.7383 86.6251 1
24.6075 84.78389999999999 0
24.41935703442773 85.5 1
29.71447690636541 85.5 0
37.7383 86.6251 0
38.27516130929047 82.5 1
100 82.5 0
100 79.5 1
38.66559643277147 79.5 0
38.7011 79.22720000000001 0