51.2081 30.5032 0
23.8278 81.95160000000001 1
17.0715 81.959 0
17.11776987855863 82.5 1
0 82.5 0
0 79.5 1
100 79.5 0
100 82.5 1
23.83893514488088 82.5 0
48.6771 83.11279999999999 0
56.89528253900654 85.5 1
100 85.5 0
100 88.5 1
69.09432214241178 88.5 0
68.52219344806085 91.5 1
100 91.5 0
100 94.5 1
67.95006475370994 94.5 0
67.7843 95.36920000000001 1
60.2163 94.4502 0
60.62640489662677 94.5 1
0 94.5 0
0 91.5 1
49.51653196121974 91.5 0
60.2163 94.4502 1
46.824 90.7576 0
47.37124238174968 88.5 1
0 88.5 0
0 85.5 1
17.37434961178579 85.5 0
17.5011 86.982 1
23.8881 86.4444 0
23.88242478158369 85.5 1
48.09844257011302 85.5 0
48.6771 83.11279999999999 1
57.569 85.69569999999999 1
69.31360000000001 87.3502 0
100 100 1
0 100 0
0 97.5 1
100 97.5 0
98.5787 71.6977 0
90.72521089165667 70.5 1
98.84896214439615 70.5 0
100 69.77879999999999 1
100 77.17429999999999 1
97.34289999999999 77.17429999999999 1
84.59790000000001 75.1019 0
85.01869554582856 73.5 1
0 73.5 0
0 76.5 1
93.19603959660299 76.5 0
97.34289999999999 77.17429999999999 0
98.88061463270051 77.17429999999999 1
100 72.21360579175246 0
98.5787 71.6977 1
85.99619999999999 69.77879999999999 0
85.80675137795646 70.5 1
0 70.5 0
0 67.5 1
100 67.5 0
100 64.5 1
0 64.5 0
0 61.5 1
100 61.5 0
100 58.5 1
0 58.5 0
0 55.5 1
100 55.5 0
100 52.5 1
0 52.5 0
0 49.5 1
100 49.5 0
100 46.5 1
0 46.5 0
0 43.5 1
100 43.5 0
100 40.5 1
0 40.5 0
0 37.5 1
100 37.5 0
100 34.5 1
0 34.5 0
0 31.5 1
100 31.5 0
83.97176586677932 19.5 1
100 19.5 0
100 22.5 1
77.5371228587523 22.5 0
76.45310000000001 23.0054 0
51.2081 30.5032 0