51.2081 30.5032 0
71.51159999999999 24.1851 1
76.21260000000001 22.4557 0
76.23198175368384 22.5 1
76.09218002775529 22.5 0
76.45310000000001 23.0054 1
84.0685 19.4549 0
82.74536212699252 16.5 1
100 16.5 0
100 13.5 1
81.40202948662483 13.5 0
82.20334501186332 7.5 1
100 7.5 0
100 10.5 1
80.05869684625713 10.5 0
79.2868 8.776160000000001 1
83.40940000000001 6.97228 0
83.91890000000001 4.89372 0
83.8109356993757 4.5 1
100 4.5 0
100 1.5 1
82.98828787383246 1.5 0
82.6361 0.215655 1
78.45050000000001 2.37455 0
80.14605095546565 1.5 1
0 1.5 0
0 4.5 1
75.89248000688121 4.5 0
78.45050000000001 2.37455 1
74.28790000000001 5.83324 0
73.44246375726388 7.5 1
0 7.5 0
0 10.5 1
71.92076373554011 10.5 0
71.29920000000001 11.7254 0
70.86093723276895 13.5 1
0 13.5 0
0 16.5 1
70.12004446724816 16.5 0
50.48218771521638 22.5 1
71.02107705183229 22.5 0
70.46515100363158 19.5 1
0 19.5 0
0 22.5 1
40.38768178224764 22.5 0
40.55 19.7768 1
53.0907 23.2152 0
52.50050180021954 25.5 1
100 25.5 0
100 28.5 1
51.72555668496157 28.5 0
51.2081 30.5032 1
40.0569 28.0495 0
40.20886470922431 25.5 1
0 25.5 0
0 28.5 1
42.10426341035986 28.5 0
51.2081 30.5032 0