41.80970000000001 65.9708 0
41.0567205413453 67.5 1
100 67.5 0
97.53290000000001 39.22969999999999 1
90.78360000000001 37.931 0
90.79896384685802 37.5 1
0 37.5 0
0 34.5 1
90.90590477626407 34.5 0
91.01284570567014 31.5 1
0 31.5 0
0 40.5 1
100 40.5 0
99.03423914251323 39.22969999999999 1
99.4683 28.95968806829772 0
99.4683 23.3812 1
92.80889999999999 22.4317 1
100 22.4317 1
100 39.22969999999999 1
99.4683 39.22969999999999 1
99.4683 22.4317 0
100 13.5 1
84.34514916690048 13.5 0
85.98248999265036 10.5 1
100 10.5 0
100 7.5 1
86.30926957707106 7.5 0
87.3458 8.002089999999999 1
80.16739999999999 4.52491 0
78.51763988731415 7.5 1
29.30040719612115 7.5 0
28.0019 4.264950000000001 0
27.31201646478434 4.5 1
0 4.5 0
0 1.5 1
100 1.5 0
100 4.5 1
28.096246027557 4.5 0
28.0019 4.264950000000001 1
25.2711 5.195360000000001 0
26.30370890504107 7.5 1
0 7.5 0
0 10.5 1
76.85406657085733 10.5 0
75.19049325440051 13.5 1
0 13.5 0
0 16.5 1
59.88909894158446 16.5 0
60.875091825429 19.5 1
0 19.5 0
0 22.5 1
77.47002020648603 22.5 0
78.96190000000001 23.3634 1
71.96610000000001 19.3147 0
72.28628221651394 19.5 1
65.62823201776689 19.5 0
64.68941408339066 16.5 1
73.52691993794369 16.5 0
65.8681 20.2665 1
61.5714 21.6186 0
69.0394 25.1602 1
74.58590000000001 27.5501 0
73.98998329963607 28.5 1
91.48522579390155 28.5 0
82.70780834115058 16.5 1
100 16.5 0
100 19.5 1
81.07046751540071 19.5 0
79.43312668965081 22.5 1
92.79400176684138 22.5 0
92.13961378037146 25.5 1
69.82801069500815 25.5 0
69.0394 25.1602 0
69.16446290535612 25.5 1
0 25.5 0
0 28.5 1
70.26860862656969 28.5 0
90.05590000000001 99.4588 1
96.56049999999999 98.87549999999999 1
96.61581146087127 99.4588 1
100 99.4588 1
100 100 1
0 100 0
0 97.5 1
89.86990018791823 97.5 0
89.58503218901825 94.5 1
0 94.5 0
0 91.5 1
89.30016419011824 91.5 0
89.22720000000001 90.73159999999999 1
94.11449999999999 89.2741 1
95.65004661339051 89.2741 1
95.6848 89.64060000000001 1
94.11449999999999 89.2741 0
97.15677536617807 89.2741 1
98.12254021365879 99.4588 0
100 99.4588 1
100 89.2741 0
100 88.5 1
0 88.5 0
0 85.5 1
100 85.5 0
100 82.5 1
0 82.5 0
0 79.5 1
100 79.5 0
100 76.5 1
0 76.5 0
0 73.5 1
100 73.5 0
100 70.5 1
39.57951783668659 70.5 0
39.4284 70.80690000000001 1
28.0072 67.03819999999999 1
23.6624 64.13059999999999 0
24.21439103040308 64.5 1
0 64.5 0
0 67.5 1
29.406703850134 67.5 0
38.49832695624485 70.5 1
0 70.5 0
24.48308313621533 61.5 1
0 61.5 0
0 58.5 1
25.41901007632254 58.5 0
25.8043 57.265 1
41.80970000000001 65.9708 0
41.80970000000001 65.9708 0
39.10567023593467 64.5 1
100 64.5 0
100 61.5 1
33.59024373865699 61.5 0
28.07481724137931 58.5 1
71.27525517663599 58.5 0
71.1593 60.43559999999999 1
75.3151 59.0429 0
75.39742629193279 58.5 1
100 58.5 0
100 55.5 1
75.85235146378469 55.5 0
76.12469999999999 53.70399999999999 0
75.85497231242704 52.5 1
100 52.5 0
100 49.5 1
75.12552369795824 49.5 0
74.05760993042091 46.5 1
100 46.5 0
100 43.5 1
31.39334759001077 43.5 0
31.3947 43.4465 1
18.3175 43.46380000000001 0
18.31684753674092 43.5 1
0 43.5 0
0 46.5 1
18.26277599593308 46.5 0
18.2395 47.7914 1
5.46956 48.6694 0
6.224893444286907 49.5 1
0 49.5 0
0 52.5 1
8.953042171545178 52.5 0
0 55.5 1
11.68119089880345 55.5 0
12.3324 56.2161 1
20.0562 55.9265 0
20.06387731537111 55.5 1
71.29426175381241 55.5 0
70.5563197314242 52.5 1
20.11787953369073 52.5 0
20.1341 51.5989 1
31.221 50.31789999999999 0
31.24167544168583 49.5 1
69.49869768051201 49.5 0
68.2099 46.5363 1
73.7199 45.5513 0
68.41295888324873 46.5 1
31.3175115158483 46.5 0
41.80970000000001 65.9708 0