55.2161 51.0448 0
55.2161 51.0448 1
59.95059999999999 54.4367 0
59.32361369603267 55.5 1
100 55.5 0
99.9468 50.67974693560457 1
97.23040290065771 54.14709999999999 0
93.41940096688592 54.14709999999999 1
99.9468 45.81518231186818 0
99.9468 43.38290000000001 0
99.13666640441292 42.76382715983276 1
98.57198337392097 36.6495 0
99.9468 36.6495 1
99.9468 54.14709999999999 1
100 54.14709999999999 1
100 36.6495 1
97.06559999999999 36.6495 1
92.37010000000001 36.9414 0
92.33403764597821 37.5 1
72.88007287435684 37.5 0
77.98534147814391 34.5 1
100 34.5 0
100 31.5 1
83.09061008193098 31.5 0
85.39370056803943 46.5 1
0 46.5 0
0 43.5 1
87.96190706707878 43.5 0
90.53011356611813 40.5 1
67.77480427056975 40.5 0
65.416 41.8861 1
83.50720000000001 31.2552 0
82.22720517813201 28.5 1
100 28.5 0
100 25.5 1
87.95467169554541 25.5 0
89.72574890385695 22.5 1
100 22.5 0
100 19.5 1
91.49682611216852 19.5 0
93.26790332048009 16.5 1
100 16.5 0
100 13.5 1
90.51599479986317 13.5 0
93.79349999999999 15.6097 1
85.61969999999999 10.3483 0
85.85537215189873 10.5 1
100 10.5 0
100 1.5 1
0 1.5 0
0 4.5 1
100 4.5 0
100 7.5 1
0 7.5 0
0 10.5 1
85.54970445258098 10.5 0
84.16548136585047 13.5 1
57.81272038037397 13.5 0
58.5977 13.9999 1
53.68510000000001 10.8714 0
52.71871106363903 13.5 1
0 13.5 0
0 16.5 1
51.61577915726953 16.5 0
49.77899893982669 19.5 1
23.2019010905749 19.5 0
22.137 17.6573 1
10.1773 25.1599 0
10.37383772286327 25.5 1
0 25.5 0
0 28.5 1
12.10748420504442 28.5 0
10.1773 25.1599 0
14.4173775771066 22.5 1
0 22.5 0
0 19.5 1
19.1995997400901 19.5 0
22.137 17.6573 0
24.9667 22.5538 0
24.93560884100889 22.5 1
47.19842092753062 22.5 0
45.7299 24.2072 1
48.45999999999999 25.9295 0
48.92583085834575 25.5 1
76.6588291778591 25.5 0
70.78132542354956 28.5 1
15.4879376029643 28.5 0
13.0069 30.0564 1
24.9667 22.5538 0
20.27019975208594 25.5 1
47.77917903385008 25.5 0
48.45999999999999 25.9295 1
56.0339 18.9463 0
55.43336322173215 19.5 1
81.39703519238941 19.5 0
82.78125827911995 16.5 1
57.30185729015041 16.5 0
56.0339 18.9463 0
52.17959704003896 22.5 1
80.0128121056589 22.5 0
79.97409999999999 22.5839 1
87.80719999999999 25.7498 0
87.18914245554186 25.5 1
80.83348259334545 25.5 0
80.0333 23.7776 1
61.5078 33.2334 0
64.90382166924005 31.5 1
0 31.5 0
0 34.5 1
62.13311303724258 34.5 0
63.61419555084416 37.5 1
0 37.5 0
0 40.5 1
64.95687760053619 40.5 0
55.2161 51.0448 0