55.2161 51.0448 0
54.58896961302237 52.5 1
0 52.5 0
0 55.5 1
53.29609498346433 55.5 0
55.2161 51.0448 0
59.95059999999999 54.4367 0
82.99128619246861 85.5 1
26.40927449585864 85.5 0
26.78842413694092 82.5 1
86.64400585774058 82.5 0
90.29672552301255 79.5 1
22.17445966538276 79.5 0
8.886823639834315 73.5 1
100 73.5 0
100 70.5 1
0 70.5 0
0 73.5 1
4.135506194132805 73.5 0
0 76.5 1
100 76.5 0
100 82.5 1
93.99674629730734 82.5 0
94.53829999999999 83.26339999999999 1
84.47970000000001 91.35990000000001 0
100 100 1
0 100 0
0 97.5 1
100 97.5 0
100 94.5 1
0 94.5 0
0 91.5 1
100 91.5 0
100 88.5 1
88.03266611375287 88.5 0
91.75968396097079 85.5 1
100 85.5 0
100 79.5 1
91.86855516804613 79.5 0
91.28989999999999 78.68430000000001 1
81.45410000000001 86.76249999999999 0
82.5975680471571 88.5 1
26.03012485477637 88.5 0
25.8908 89.60239999999999 1
17.973 88.40610000000001 0
18.59448409261891 88.5 1
0 88.5 0
0 85.5 1
18.38542730901337 85.5 0
18.81118069913763 82.5 1
0 82.5 0
0 79.5 1
19.23693408926189 79.5 0
19.3241 78.88579999999999 1
27.0352 80.54740000000001 0
27.7521 59.63420000000001 1
24.0169 58.2457 0
24.70099172488297 58.5 1
51.75441391409045 58.5 0
48.8744261238956 61.5 1
27.09081209887333 61.5 0
26.0275343073737 64.5 1
47.35250174443493 64.5 0
46.5449 63.92659999999999 1
49.17700000000001 65.7954 1
57.1207 59.2359 0
57.55463136564427 58.5 1
100 58.5 0
100 61.5 1
54.37882467871027 61.5 0
50.74575813400412 64.5 1
100 64.5 0
100 67.5 1
24.96425651587407 67.5 0
24.0212 70.16079999999999 1
17.2298 67.81829999999999 0
17.32477993465039 67.5 1
0 67.5 0
0 64.5 1
18.2199725326748 64.5 0
19.11516513069922 61.5 1
0 61.5 0
0 58.5 1
19.89556080087596 58.5 0
19.9969 58.54510000000001 1
15.6874 56.6272 0
0 49.5 1
87.43067885178996 49.5 0
90.06665902106329 52.5 1
57.2473050473186 52.5 0
55.2161 51.0448 0