22.3851 46.694
22.338 43.0447
1.63529 42.8024
1.78857 45.7598

21.7149 32.3879
20.288 27.3242
17.4956 22.7335
11.9436 17.4218
9.82905 15.5492
7.46566 21.2402
8.36181 21.6048
5.24403 29.6241
4.6159 29.2721
2.68837 33.6943
15.1758 38.9029
14.5766 40.2178
19.2289 42.9621
21.299 37.7945

38.1312 26.3045
14.0798 4.11579
12.7931 5.63712
37.352 27.5057

14.2147 66.1535
11.1046 60.3322
5.29059 63.7106
8.45149 69.4231

28.765 89.2009
21.7706 84.6796
17.0415 92.1388
24.415 96.6437

31.1125 65.2024
28.2615 59.7026
21.7747 62.0992
22.8023 65.4755
24.1712 68.586

47.3964 64.144
42.3148 59.2463
38.1647 62.7027
33.7969 66.8466
29.9604 71.3335
35.2451 76.3246
38.8321 72.1661
42.8408 68.0539

54.0279 28.799
49.3873 24.9655
35.3467 39.265
39.9114 43.6937

59.9372 24.5541
54.4538 14.5573
50.7187 15.9781
48.7372 14.0832
46.269 20.3346
48.9229 19.4061
52.8306 24.7128
56.5675 26.3678

49.198 87.6684
33.887 83.9866
32.695 91.0792
47.6602 94.8612

80.9351 68.747
69.4565 62.153
53.9171 87.5021
64.7509 94.8669

81.0235 58.46
78.7759 51.6854
72.6791 53.7591
74.8423 60.6191

68.0141 48.8139
67.0361 45.3436
54.8139 48.8861
55.9331 52.5299

73.0694 5.8555
68.5407 7.38019
68.5562 12.5611
70.6818 16.0188

99.6171 38.1724
98.3323 29.4376
93.9677 29.6114
92.0222 31.2131
97.8788 38.5155