45.2384 61.7697 0
40.5 63.28097010212097 1
40.5 11.59826959734484 0
37.5 10.20953383347934 1
37.5 62.47594260801257 0
37.37909999999999 62.4435 0
34.5 63.20013051001821 1
34.5 8.820798069613854 0
31.5 7.432062305748365 1
31.5 100 0
28.5 100 1
28.5 6.043326541882877 0
25.5 4.654590778017386 1
25.5 100 0
22.5 100 1
22.5 3.265855014151898 0
22.0903 3.0762 0
19.5 0 1
19.5 100 0
16.5 100 1
16.5 0 0
13.5 0 1
13.5 100 0
10.5 100 1
10.5 0 0
7.5 0 1
7.5 100 0
4.5 100 1
4.5 0 0
1.5 0 1
1.5 100 0
34.5 68.0764331895241 1
34.5 100 0
37.5 100 1
37.5 69.32778258894632 0
40.5 70.57913198836854 1
40.5 100 0
43.5 100 1
43.5 69.6107060140755 0
42.4483 71.39179999999999 1
44.4802 67.95070000000001 0
47.211 68.19479999999999 0
46.5 65.8789498022914 1
46.5 14.37574112507581 0
43.5 12.98700536121033 1
43.5 64.08599759622939 0
45.2384 61.7697 0