42.3835 64.06970000000001 0
46.4329675511822 61.5 1
0 61.5 0
0 58.5 1
51.16052432961806 58.5 0
55.88808110805391 55.5 1
0 55.5 0
0 52.5 1
60.61563788648976 52.5 0
65.34319466492562 49.5 1
0 49.5 0
0 46.5 1
100 46.5 0
100 25.5 1
0 25.5 0
0 22.5 1
100 22.5 0
100 19.5 1
0 19.5 0
0 16.5 1
100 16.5 0
100 13.5 1
0 13.5 0
0 10.5 1
100 10.5 0
100 7.5 1
0 7.5 0
0 4.5 1
100 4.5 0
100 1.5 1
0 1.5 0
0 28.5 1
100 28.5 0
100 31.5 1
0 31.5 0
0 34.5 1
100 34.5 0
100 37.5 1
0 37.5 0
0 40.5 1
100 40.5 0
100 43.5 1
0 43.5 0
0 100 1
100 100 0
100 97.5 1
0 97.5 0
0 94.5 1
100 94.5 0
100 91.5 1
0 91.5 0
0 88.5 1
100 88.5 0
100 85.5 1
0 85.5 0
0 82.5 1
100 82.5 0
100 79.5 1
0 79.5 0
0 76.5 1
50.49035919748847 76.5 0
51.2633 77.38319999999999 0
52.75988389404309 76.5 1
100 76.5 0
100 73.5 1
57.84338896891771 73.5 0
62.92689404379233 70.5 1
100 70.5 0
100 67.5 1
68.01039911866695 67.5 0
51.2633 77.38319999999999 1
75.35419999999999 63.1661 0
73.09390419354159 64.5 1
100 64.5 0
100 61.5 1
74.25378149080211 61.5 0
72.27235448906532 58.5 1
100 58.5 0
100 55.5 1
70.29092748732853 55.5 0
68.30950048559174 52.5 1
100 52.5 0
100 49.5 1
66.32807348385495 49.5 0
66.03720000000001 49.0596 1
42.3835 64.06970000000001 0
42.3835 64.06970000000001 0
42.59438448393237 64.5 1
0 64.5 0
0 67.5 1
44.06464581741389 67.5 0
45.53490715089542 70.5 1
0 70.5 0
0 73.5 1
47.8648809280879 73.5 0
45.911 71.26740000000001 0
42.3835 64.06970000000001 0