60.5 99.5 0
56 89.5 1
56 167.5 0
60.5 160.5 0
100.5 147.5 0
101 147.5 1
101 124.5 0
102 124.5 1
102 147.5 0
103 147.5 1
103 124.5 0
104 124.5 1
104 147.5 0
105 147.5 1
105 124.5 0
106 124.5 1
106 147.5 0
98 127.5 1
98 180.5 0
97 180.5 1
97 127.5 0
96 127.5 1
96 180.5 0
95 180.5 1
95 127.5 0
94 127.5 1
94 180.5 0
93 180.5 1
93 127.5 0
92 127.5 1
92 180.5 0
91 180.5 1
91 127.5 0
90 127.5 1
90 180.5 0
89 180.5 1
89 127.5 0
88 127.5 1
88 180.5 0
87 180.5 1
87 127.5 0
86 127.5 1
86 180.5 0
85 180.5 1
85 130.5 0
84 130.5 1
84 180.5 0
83 180.5 1
83 130.5 0
82 130.5 1
82 180.5 0
81 180.5 1
81 130.5 0
80 130.5 1
80 180.5 0
79 180.5 1
79 130.5 0
78.5 130.5 0
75.5 126.5 1
75.5 118.5 1
92.5 118.5 1
92.5 89.5 1
103.5 89.5 1
103.5 80.5 1
66.5 80.5 1
66.5 41.5 1
94.5 41.5 0
94.5 44 1
100.5 44 0
100.5 45 1
94.5 45 0
94.5 47 1
100.5 47 0
100.5 46 1
94.5 46 0
94.5 43 1
100.5 43 0
100.5 42 1
94.5 42 0
94.5 41.5 1
94.5 47.5 1
100.5 47.5 1
100.5 17.5 1
102.5 17.5 1
102.5 17.29016126773562 1
96.5 13.86158983916418 1
96.5 14.5 0
96.5 14.43746539261408 1
96.60943556292537 14.5 0
66.5 37 1
100.5 37 0
100.5 36 1
66.5 36 0
66.5 35 1
100.5 35 0
100.5 34 1
66.5 34 0
66.5 33 1
100.5 33 0
100.5 32 1
66.5 32 0
66.5 31 1
100.5 31 0
100.5 30 1
66.5 30 0
66.5 29 1
100.5 29 0
100.5 28 1
66.5 28 0
66.5 27 1
100.5 27 0
100.5 26 1
66.5 26 0
66.5 25 1
100.5 25 0
100.5 24 1
66.5 24 0
66.5 23 1
100.5 23 0
100.5 22 1
66.5 22 0
66.5 21 1
100.5 21 0
100.5 20 1
66.5 20 0
66.5 19 1
100.5 19 0
100.5 18 1
66.5 18 0
66.5 17 1
101.9922177814627 17 0
100.2422177814627 16 1
66.5 16 0
66.5 15 1
98.49221778146267 15 0
97.61721778146267 14.5 1
66.5 14.5 1
66.5 12.5 1
62.5 12.5 1
62.5 46.5 0
62 46.5 1
62 98.5 0
60.5 98.5 1
60.5 99.5 0
60.5 99.5 0