60.5 99.5 0
60.5 98.5 0
65.5 86.5 0
66.5 85 1
72.5 85 0
72.5 84 1
66.5 84 0
66.5 83 1
72.5 83 0
72.5 82 1
66.5 82 0
66.5 81 1
72.5 81 0
73 80.5 1
73 180.5 0
74 180.5 1
74 80.5 0
75 80.5 1
75 180.5 0
76 180.5 1
76 126.5 0
78 126.5 1
78 180.5 0
77 180.5 1
77 126.5 0
75.5 126.5 1
78.5 126.5 1
78.5 130.5 1
85.5 130.5 1
85.5 127.5 1
99.5 127.5 0
99 127.5 1
99 180.5 0
100 180.5 1
100 124.5 0
99.5 127.5 1
99.5 124.5 1
106.5 124.5 1
106.5 147.5 1
100.5 147.5 1
100.5 155.5 1
104.5 155.5 1
104.5 168.5 1
101.5 168.5 0
102 168.5 1
102 155.5 0
104 155.5 1
104 168.5 0
103 168.5 1
103 155.5 0
101 155.5 1
101 180.5 0
102 180.5 1
102 171.5 0
104 171.5 1
104 180.5 0
103 180.5 1
103 171.5 0
101.5 171.5 0
101.5 168.5 1
101.5 171.5 1
104.5 171.5 1
104.5 180.5 1
66.5 180.5 1
66.5 171.5 1
70.5 171.5 0
68 171.5 1
68 180.5 0
67 180.5 1
67 171.5 0
69 171.5 1
69 180.5 0
70 180.5 1
70 171.5 0
70.5 171.5 1
70.5 167.5 1
71.93425854591067 167.5 0
71 167.5 1
71 180.5 0
72 180.5 1
72 109.5 0
72.5 109.5 1
72.5 108.5 1
72.5 104.5 1
71.5 104.5 1
69.5 104.5 1
69.5 95.5 1
72.5 95.5 0
71 95.5 1
71 104.5 0
70 104.5 1
70 95.5 0
72 104.5 1
72 95.5 0
72.5 95.5 1
72.5 94.5 1
72.5 86.5 0
72.5 86 1
66.5 86 0
66 86.5 1
66 12.5 0
65 12.5 1
65 98.5 0
64 98.5 1
64 12.5 0
63 12.5 1
63 98.5 0
61 98.5 1
61 46.5 0
60 46.5 1
60 116.5 0
59 116.5 1
59 46.5 0
58 46.5 1
58 116.5 0
60.5 107.5 0
61 107.5 1
61 103.5 0
60.5 103.5 0
60.5 99.5 0