19.9177 12.0464
2.51437 11.7093
1.20712 29.3074
19.279 30.757

20.2076 80.3902
11.842 78.3819
9.75945 82.8118
18.129 85.4202

48.105 95.8
20.3307 68.3527
18.8596 69.8646
46.5692 97.2357

44.8576 72.7945
40.0333 59.1241
39.4092 53.9796
29.4565 54.3781
36.5045 74.5889

49.9786 27.0204
46.1404 23.2219
42.3216 23.1569
42.1766 27.9095
43.6195 27.9868
43.7295 32.8229
49.5003 32.9627

71.7569 20.3987
68.6319 15.0877
67.8016 15.5844
63.2702 8.27021
63.9292 7.98009
61.5557 3.78044
49.8837 10.6239
49.1937 9.3543
44.2031 11.4204
47.0864 16.1823
51.1556 19.7665
56.0592 21.6721
61.4062 22.2025
68.9891 20.9617

39.1988 26.6591
35.3137 24.4963
33.6362 27.836
37.5212 29.9988

58.4624 87.5289
45.958 77.8017
41.5223 83.9658
53.7873 93.6749

64.5134 51.3288
57.0817 45.5869
48.2819 57.8718
55.553 63.4353

19.0537 57.2629
15.7419 54.3032
10.2392 60.66
13.2795 63.5286

25.1071 37.7951
18.0969 35.1443
15.1124 43.8214
11.4462 52.0682
18.7875 54.4734
22.9118 45.8264

76.8586 97.5627
75.3933 93.0393
74.0087 93.4528
72.2752 88.9367
66.795 90.7501
68.3475 96.5059
73.2413 98.7885

75.3152 85.1738
74.7125 80.4787
70.7858 81.0932
71.2414 85.5985

80.9719 27.5044
74.0483 27.0999
73.9144 33.9411
80.6674 34.028

94.3848 87.8897
88.9954 84.1718
84.8505 89.9828
90.1213 93.6829