54.7101 64.97739999999999 0
59.04339970297038 64.5 1
19.86597169105137 64.5 0
20.769 65.42840000000001 1
16.7218 68.92189999999999 0
18.36906311149279 67.5 1
36.47119377050635 67.5 0
36.4666 65.91820000000001 1
42.3578 66.37989999999999 0
42.33381717353552 67.5 1
54.83376480134103 67.5 0
54.985 70.58500000000001 1
67.62209999999999 69.06649999999999 1
67.54480000000001 63.5634 1
73.26696750820554 63.5634 0
71.43140828223906 63.5634 1
67.62069286451299 68.9663239676774 0
67.62209999999999 69.06649999999999 1
66.55109263501859 70.58500000000001 0
68.31458995538802 70.58500000000001 1
54.985 70.58500000000001 0
54.98083306583922 70.5 1
42.26958319496802 70.5 0
42.2567 71.10169999999999 1
36.47969999999999 70.429 0
37.08943242158458 70.5 1
0 70.5 0
0 67.5 1
15.36280969141157 67.5 0
12.49553989341925 64.5 1
0 64.5 0
0 61.49999999999999 1
11.63576142518765 61.49999999999999 0
10.5522 62.4667 1
14.4799 58.96259999999999 0
0 52.49999999999999 1
23.41474449952869 52.49999999999999 0
22.7734 53.1135 1
28.762 47.3849 0
26.55090342142933 49.5 1
0 49.5 0
0 46.5 1
27.12200613405145 46.5 0
24.141 44.50149999999999 1
27.6305 46.8409 0
27.85803981805748 46.5 1
100 46.5 0
100 43.5 1
29.86044361439792 43.5 0
31.86284741073834 40.5 1
100 40.5 0
100 37.5 1
33.86525120707877 37.5 0
34.07250000000001 37.1895 1
30.41 35.0951 0
28.80722762161933 37.5 1
12.00808687901422 37.5 0
12.3253 37.3503 1
5.03406 40.7912 0
5.651110506553529 40.5 1
26.80784422308216 40.5 0
24.80846082454499 43.5 1
0 43.5 0
1.11902 40.7912 1
1.11902 30.4982 0
0 28.49999999999999 1
9.073611293865266 28.49999999999999 0
9.03473 28.6893 1
9.369428273888154 30.4982 0
4.895517196556227 30.4982 1
1.11902 32.28036453930416 0
1.11902 36.96263939823105 1
3.306487951657793 40.7912 0
5.03406 40.7912 1
0 40.7912 1
0 30.4982 1
9.369428273888154 30.4982 1
9.58099 31.6416 1
9.063548721559815 31.6416 1
8.410250000000001 30.4982 0
9.58099 31.6416 1
16.6229 30.8703 0
16.10053300658745 28.49999999999999 1
73.24307989391514 28.49999999999999 0
70.63140000000001 26.757 0
72.09501523625843 22.5 1
0 22.5 0
0 25.5 1
10.41303547979382 25.5 0
9.676220000000001 25.5661 1
16.3789 24.9648 0
16.28975222482435 25.5 1
71.06357391401852 25.5 0
70.63140000000001 26.757 1
79.61449999999999 32.7522 0
77.73822601080863 31.49999999999999 1
10.873787168417 31.49999999999999 0
10.69673838896104 34.5 1
100 34.5 0
100 31.49999999999999 1
80.11087992768708 31.49999999999999 0
81.30009872904569 28.49999999999999 1
100 28.49999999999999 0
100 25.5 1
80.0272646627638 25.5 0
82.14709999999999 26.3633 1
72.1645 22.2979 0
72.66075706203571 22.5 1
100 22.5 0
100 19.5 1
0 19.5 0
0 16.5 1
41.60385587187415 16.5 0
36.5021 15.2167 0
22.48944307767236 7.499999999999998 1
38.92294871776014 7.499999999999998 0
37.98180209377833 10.5 1
0 10.5 0
0 7.499999999999998 1
17.98994258010948 7.499999999999998 0
16.7457 6.75357 1
21.4837 9.595929999999999 0
0 13.5 1
37.04065546979652 13.5 0
36.5021 15.2167 1
48.33 18.1919 0
48.80210039503581 16.5 1
100 16.5 0
100 13.5 1
49.63920730744637 13.5 0
50.47631421985693 10.5 1
100 10.5 0
100 7.499999999999998 1
51.31342113226749 7.499999999999998 0
51.6421 6.322089999999999 0
45.19601509287443 4.5 1
100 4.5 0
100 1.5 1
0 1.5 0
0 4.5 1
17.82708989114577 4.5 0
18.8837 2.29807 1
23.6217 5.140420000000001 0
22.55416434816261 4.5 1
39.86409534174194 4.5 0
40.2984 3.11561 1
51.6421 6.322089999999999 0
48.33 18.1919 0
30.0738267225309 49.5 1
100 49.5 0
100 52.49999999999999 1
31.93448587226032 52.49999999999999 0
33.79514502198975 55.49999999999999 1
100 55.49999999999999 0
100 58.49999999999999 1
35.51516583534395 58.49999999999999 0
35.61579999999999 58.4355 1
29.2785 62.4973 0
28.58714508727807 61.49999999999999 1
16.94795690556465 61.49999999999999 0
24.42778533962787 55.49999999999999 1
0 55.49999999999999 0
0 58.49999999999999 1
26.50746521345297 58.49999999999999 0
29.2785 62.4973 0
30.83450701413168 61.49999999999999 1
100 61.49999999999999 0
100 64.5 1
74.95215384446234 64.5 0
79.20601113391481 67.5 1
100 67.5 0
100 70.5 1
83.45986842336728 70.5 0
73.38560000000001 63.3952 1
88.86170000000001 74.30959999999999 0
87.71372571281975 73.5 1
100 73.5 0
100 76.5 1
85.51971278394475 76.5 0
87.1694 76.14580000000001 1
68.1626 80.22669999999999 0
71.54720671910613 79.5 1
100 79.5 0
100 82.5 1
40.62219232531416 82.5 0
40.07068891483375 79.5 1
67.11200265303481 79.5 0
68.1626 80.22669999999999 1
63.6942 77.13589999999999 0
64.14270417082099 76.5 1
39.51918550435333 76.5 0
39.0091 73.7253 1
22.6392 89.03 1
31.032 97.09549999999999 1
41.5048 87.30109999999999 0
41.17369573579457 85.5 1
100 85.5 0
100 88.5 1
40.22285930735931 88.5 0
37.01506709956712 91.5 1
100 91.5 0
100 94.5 1
33.80727489177491 94.5 0
31.032 97.09549999999999 0
28.33117396317648 94.5 1
0 94.5 0
0 100 1
100 100 0
100 97.5 1
0 97.5 0
0 91.5 1
25.20943321554769 91.5 0
22.6392 89.03 0
23.20608775343523 88.5 1
0 88.5 0
0 85.5 1
26.41488635778553 85.5 0
29.62368496213583 82.5 1
0 82.5 0
0 79.5 1
32.83248356648612 79.5 0
36.04128217083642 76.5 1
0 76.5 0
0 73.5 1
66.25862257381357 73.5 0
67.62209999999999 69.06649999999999 0
67.5490078180531 63.86296071834461 1
67.76028983030611 63.5634 0
67.54480000000001 63.5634 1
54.7101 64.97739999999999 0
54.7101 64.97739999999999 0