46.4765 52.9785 0
41.9378 53.7851 1
41.21120000000001 52.05240000000001 0
39.4957 52.3793 1
37.59439999999999 47.69370000000001 0
35.5 48.16765133408614 1
35.5 65.25312099943753 0
32.5 66.38922097834492 1
32.5 48.84653502500403 0
38.5 49.92547792037027 1
38.5 68.10018294604174 0
37.00230000000001 64.6842 1
39.28740000000001 69.89609999999999 0
38.5 70.19098828259831 1
38.5 100 0
56.5 100 1
56.5 23.14159055406933 0
55.3917 22.4511 1
53.3935 20.2134 1
55.2928 15.434 0
53.5 19.94540331701153 1
53.5 0 0
56.5 0 1
56.5 16.28691930545868 0
59.5 18.40650008443156 1
59.5 0 0
62.5 0 1
62.5 19.98229305859363 0
65.5 21.17443585323884 1
65.5 0 0
68.5 0 1
68.5 55.09316357627198 0
71.5 53.97500142656578 1
71.5 0 0
74.5 0 1
74.5 52.85683927685959 0
77.5 51.73867712715339 1
77.5 6.548744098892493 0
80.5 10.8257829175523 1
80.5 50.6205149774472 0
83.762 49.40470000000001 0
89.5 47.85109466804711 1
89.5 0 0
92.5 0 1
92.5 47.78267196346157 0
95.5 49.1475632931155 1
95.5 0 0
98.5 0 1
98.5 100 0
95.5 100 1
95.5 53.52779908650261 0
95.1155 54.3092 1
97.2611 49.94880000000001 0
89.95920000000001 46.6267 1
88.41380000000001 50.7473 0
89.5 51.32460662070818 1
89.5 69.94084093532587 0
92.5 75.36981794215831 1
92.5 52.91908264917856 0
86.5 56.935045701646 1
86.5 0 0
85.18510000000001 1.27651 1
85.18510000000001 0 1
76.0446 0 1
76.0446 4.47381 1
81.40799999999999 12.1203 0
85.18510000000001 9.367470000000001 1
85.18510000000001 1.27651 1
76.0446 1.27651 0
77.63877017884246 1.27651 1
76.0446 2.552492654787211 0
80.03919999999999 1.27651 0
81.81687642961305 1.27651 1
85.18510000000001 6.572408128424165 0
85.18510000000001 9.367470000000001 0
83.5 10.59560635672871 1
83.5 49.50235282774101 0
83.762 49.40470000000001 1
88.78020000000001 63.2063 1
73.80670000000001 68.38619975202317 1
73.80670000000001 72.37129999999999 1
80.22829999999999 83.749 0
77.5 78.91503667154603 1
77.5 100 0
80.5 100 1
80.5 83.59005986064355 0
83.5 81.83510800908167 1
83.5 100 0
86.5 100 1
86.5 80.08015615751978 0
89.5 78.32520430595787 1
89.5 100 0
92.5 100 1
92.5 76.57025245439598 0
93.00129999999999 76.27699999999999 1
86.5907 64.67599999999999 0
82.53413348696722 65.36705055143946 1
73.80670000000001 70.62050947761742 0
71.5 69.18417449126196 1
71.5 100 0
74.5 100 1
74.5 73.59967912825465 0
68.5 70.22198791204332 1
68.5 100 0
65.5 100 1
65.5 71.25980133282465 0
64.14080000000001 71.72999999999999 1
60.32810000000001 58.139 0
62.5 57.32948787568438 1
62.5 26.04408261800661 0
65.74180000000001 27.2859 0
68.21379999999999 22.3973 1
65.74180000000001 27.2859 0
65.5 27.19327508699919 1
65.5 56.21132572597817 0
60.32810000000001 58.139 0
62.5 65.88109691294883 1
62.5 100 0
59.5 100 1
59.5 24.89489014901401 0
59.0176 24.7101 0
55.3917 22.4511 0
53.5 20.33266486337704 1
53.5 100 0
49.8944 97.15721942451 1
41.7359 97.72851942451001 0
41.7359 94.72117314150333 1
49.8944 94.14987314150332 0
49.8944 92.64619999999999 1
50.5765 89.00309999999999 0
50.5 89.4116869373992 1
50.5 100 0
49.8944 100 1
41.7359 100 0
41.5 100 1
41.5 86.9046203042715 0
42.30410000000001 89.61240000000001 1
41.2787 86.15940000000001 0
41.5 86.14928439802117 1
41.5 52.74109221029452 0
41.9378 53.7851 0
46.4765 52.9785 0