46.4765 52.9785 0
44.5 48.34660691562011 1
44.5 0 0
41.5 0 1
41.5 43.92415997616362 0
43.4746 45.9436 0
46.4765 52.9785 1
43.4746 45.9436 1
38.77589999999999 41.1382 0
38.5 40.9575614716815 1
38.5 0 0
35.5 0 1
35.5 38.99338755013206 0
34.6867 38.4609 0
32.5 38.11125921819075 1
32.5 0 0
29.5 0 1
29.5 37.71802944162437 0
25.9204 37.485 0
26.1975 42.7016 0
26.5 43.72458453583683 1
26.5 64.05844718877833 0
24.4633 63.78230000000001 1
21.8654 77.13489999999999 0
23.5 77.54154010010882 1
23.5 100 0
20.5 100 1
20.5 87.05702761864814 0
21.3903 87.16249999999999 1
22.1528 80.79839999999999 0
26.4604 78.27799999999999 1
25.7109 90.3229 0
26.5 90.406078714752 1
26.5 100 0
29.5 100 1
29.5 90.72230751244047 0
0 100 1
0 0 0
2.5 0 1
2.5 100 0
5.5 100 1
5.5 0 0
8.5 0 1
8.5 100 0
11.5 100 1
11.5 0 0
14.5 0 1
14.5 100 0
17.5 100 1
17.5 86.70162253715245 0
16.3839 86.5694 1
17.7403 79.95070000000001 0
17.5 81.12326975081098 1
17.5 0 0
20.5 0 1
20.5 80.46813606109174 0
23.5 68.73343729550791 1
23.5 0 0
26.5 0 1
26.5 37.52273155223084 0
25.9204 37.485 1
26.1975 42.7016 1
28.2959 49.7979 0
29.5 49.52541871592193 1
29.5 64.4652039847399 0
31.3571 64.71700000000001 1
30.5149 76.98330000000001 0
32.5 77.36538036624941 1
32.5 69.23212749535151 0
31.3131 66.83869999999999 1
33.8408 71.9359 0
35.5 71.31451488635111 1
35.5 77.94280271210013 0
35.6917 77.97970000000001 1
33.1865 91.11089999999999 0
32.5 91.03853631012896 1
32.5 100 0
35.5 100 1
35.5 78.98451041034647 0
49.627 85.77780000000001 1
50.5765 89.00309999999999 0
50.5 88.74324170616114 1
50.5 0 0
47.5 0 1
47.5 85.87502496795756 0
44.5 86.01215468298935 1
44.5 53.32975584418446 0
46.4765 52.9785 0