12.9066 79.1905
12.0052 72.2226
3.60047 72.7518
4.14181 79.7166

18.4725 87.5675
9.3275 84.2717
6.56753 97.4613
14.9109 98.7913

26.9721 7.70241
24.2131 2.04741
23.0428 1.83118
17.1389 4.56088
20.3705 10.3791

44.366 49.5619
43.8068 45.0109
38.1324 44.4615
37.5725 49.536

48.967 79.415
44.4578 69.0553
40.1561 70.5732
39.4116 75.5593
40.5277 78.2385

55.1129 9.08268
48.4656 14.9718
53.7298 16.8328

78.8462 24.9359
71.902 13.6666
68.1121 14.2846
57.7465 22.2973
65.6911 35.2273

94.4125 15.2238
83.4537 5.86841
75.9513 1.82887
71.26 9.80383
82.2709 15.9397
89.4704 22.1213

83.033 68.7205
75.4413 62.5564
64.6133 82.1597
71.7533 86.7147