54.1893 45.3329 0
59.3433 49.80537839468658 1
81.40479999999999 22.25295019753784 0
81.40479999999999 27.05269793441345 1
59.3433 54.60512613156219 0
27.991 58.5672 1
29.7913 61.87520000000001 0
29.5 62.0337282760497 1
29.5 76.49367337836986 0
32.5 70.157158702516 1
32.5 37.46568134374499 0
32.4104 37.4522 1
33.7221 29.2276 0
35.5 29.42974306011184 1
35.5 0 0
32.5 0 1
32.5 36.89039153769917 0
32.4104 37.4522 0
35.5 37.91706562092102 1
35.5 63.82064402666211 0
29.5 61.33994454257623 1
29.5 0 0
28.3421 1.83324 1
24.9626 8.88252 0
26.5 5.675666006213937 1
26.5 0 0
23.5 0 1
23.5 100 0
20.5 100 1
20.5 0 0
0 0 1
0 100 0
2.5 100 1
2.5 0 0
5.5 0 1
5.5 100 0
8.5 100 1
8.5 0 0
11.5 0 1
11.5 100 0
14.5 100 1
14.5 0 0
17.5 0 1
17.5 100 0
27.4003 80.92859999999999 1
38.5172 57.4478 0
38.5 57.48412935080823 1
38.5 38.36844989809705 0
41.1442 38.7663 1
42.2878 30.2015 0
41.5 30.11192898770678 1
41.5 0 0
38.5 0 1
38.5 29.77083602390931 0
26.5 9.962397125479555 1
26.5 54.5545105615132 0
24.7715 55.5309 1
25.7055 58.18300000000001 1
23.8146 59.01179999999999 1
26.4832 63.6755 0
26.5 63.66635727759137 1
26.5 100 0
27.4003 98.54660000000001 1
57.2841 98.54660000000001 0
57.2841 95.54660000000001 1
27.4003 95.54660000000001 0
27.4003 92.54660000000001 1
57.2841 92.54660000000001 0
55.54176667468157 91.04660000000001 1
57.2841 87.70777437154507 0
59.5 86.956981758181 1
59.5 100 0
57.2841 100 1
57.2841 91.04660000000001 1
57.2841 87.12719999999999 1
57.2841 77.98091356151616 1
62.0531 68.84209999999999 0
60.5531 71.71654335128417 1
60.5531 78.29088508605889 0
62.5 78.98567393581899 1
62.5 59.20135536434772 0
65.5 61.28868266597384 1
65.5 100 0
62.5 100 1
62.5 81.5904052065838 0
62.58750000000001 79.01689999999999 1
62.2898 87.77269999999999 0
57.2841 87.12719999999999 1
57.9585 78.4171 0
57.5531 77.46543005385251 1
57.5531 83.65297565243179 0
57.2841 81.22320049819245 1
52.1578555582272 91.04660000000001 0
46.7318791133731 91.04660000000001 1
27.4003 82.5665727096148 0
27.4003 85.84251812884438 1
39.26383734011928 91.04660000000001 0
31.79579556686547 91.04660000000001 1
27.4003 89.11846354807398 0
27.4003 91.04660000000001 1
50.4659 91.04660000000001 0
74.5 100 1
74.5 65.28049026016197 0
72.4297 66.11019999999999 0
71.5 65.46333726922606 1
71.5 100 0
68.5 100 1
68.5 63.37600996759996 0
59.5 67.60608237033637 1
59.5 57.1140280627216 0
59.3433 57.005 1
59.3433 43.82895684760636 0
59.3433 45.00563065781097 1
71.31559731846411 30.05352575914593 0
80.5 30.58256917532277 1
80.5 48.70280257840567 0
83.5 50.82205194555183 1
83.5 15.91440976719646 0
85.7962 14.3773 1
83.8536 9.91957 0
83.5 10.05555595501022 1
83.5 0 0
95.5 0 1
95.5 100 0
98.5 100 1
98.5 0 0
92.5 0 1
92.5 100 0
89.5 100 1
89.5 0 0
86.5 0 1
86.5 100 0
83.5 100 1
83.5 56.76340401093536 0
80.5 60.49017612575669 1
80.5 100 0
77.5 100 1
77.5 64.07818662324266 0
77.66489999999999 64.0121 1
85.34639999999999 54.4697 1
84.42699999999999 51.4769 0
77.5 46.5835532112595 1
77.5 34.3292448134909 0
74.5 38.07592045165903 1
74.5 44.46430384411332 0
71.5 42.34505447696715 1
71.5 41.82259608982716 0
71.2328 42.1563 1
81.40479999999999 29.45257180285125 1
81.40479999999999 17.67682891972994 1
77.51490000000001 11.393 1
77.51490000000001 13.63104033865609 1
79.3305 16.564 0
77.5 18.65862839681479 1
77.5 0 0
80.5 0 1
80.5 9.676116773080242 0
74.5 0 1
74.5 22.09150749566449 0
59.5 17.34846545875543 1
59.5 0.01788385448459191 0
59.54120085057158 0 1
44.6888 0 0
44.6888 1.541264813347722 1
48.2395681702896 0 0
50.783 3.80163 1
53.7765 12.8755 0
53.5 12.03737571237682 1
53.5 2.622274914837059 0
55.77398995714425 0 1
44.6888 4.811694937782574 0
44.5 0 1
44.5 60.34421857927677 0
41.5 58.89184582106485 1
41.5 36.10159569779643 0
44.84050000000001 37.1605 1
46.90949999999999 26.7802 0
47.5 26.90216276844678 1
47.5 16.93966915015517 0
46.8777 17.1129 1
44.6888 6.446910000000001 0
56.5 1.320079384660825 1
56.5 12.1495415959253 0
58.13509999999999 11.7137 1
61.59010000000001 25.9771 0
59.5 26.66761244421147 1
59.5 39.25590298991297 0
62.5 35.82302389106327 1
62.5 0 0
65.5 0 1
65.5 32.39014479221358 0
68.5 28.95726569336388 1
68.5 0 0
71.5 0 1
71.5 25.52438659451418 0
56.5 42.68878208876266 1
56.5 31.56544569536424 0
58.1622 30.2555 1
56.88160000000001 28.1389 0
56.5 27.65873121012431 1
56.5 28.43457598822837 0
54.9131 28.183 1
51.0667 15.9468 0
50.5 16.10455337073287 1
50.5 27.521787332952 0
53.5 23.687634406198 1
53.5 30.75907275103002 0
52.6788 27.9718 1
51.6191 34.7217 1
52.6874 35.459 0
52.6341 31.43 1
53.8134 33.6827 0
53.5 33.08404301704401 1
53.5 64.70133685391252 0
56.5 66.15370961212446 1
56.5 47.10048295257653 0
56.47199999999999 47.1327 1
59.3433 43.82895684760636 1
81.40479999999999 18.4448 1
79.3305 16.564 1
54.1893 45.3329 0
54.1893 45.3329 0
47.5 38.02405726910166 1
47.5 61.79659133748869 0
50.5 63.24896409570061 1
50.5 38.99817714400481 0
54.1893 45.3329 0