15.6023 12.5924
9.63088 10.3225
8.66703 13.2261
8.67066 16.1286
14.82 17.8921

33.6929 51.6418
26.5057 47.1314
17.8391 58.6426
14.2667 66.3784
22.5141 70.5724
27.964 59.2063

48.8498 28.9836
35.4073 19.7691
17.892 37.185
34.8466 49.8179

41.6907 89.9765
41.0793 85.1989
39.5732 80.5608
35.1435 75.4513
30.1849 71.9666
23.4297 70.8636
23.7413 75.6545
22.8599 76.0938
23.4038 83.8774
23.1614 85.1894
23.3423 89.2854
37.2111 88.2725
37.1818 89.8754

48.8411 39.9894
45.6819 39.5585
45.265 41.9128
42.8504 41.8706
42.4101 45.5664
40.3146 45.6908
40.119 51.2516
45.3136 51.414
45.8001 48.1484
47.47 47.8018

64.1102 57.0466
49.2511 54.7281
48.057 61.8537
58.5608 62.9674
63.564 65.0689

79.1552 64.76
77.3267 55.2369
68.1663 56.9535
70.1468 65.0396
76.3826 65.2984

79.5056 26.9777
77.0573 25.822
74.4059 28.6229
76.9155 30.284

87.5422 73.384
78.8892 72.2559
78.4327 77.5949
87.2545 78.7051

91.1113 14.2404
86.2662 12.3521
79.6368 29.0872
85.5178 30.5205

90.9579 39.2455
86.239 36.4892
84.0522 42.5997
88.5503 44.8669