42.3835 64.06970000000001 0
0 43.5 1
100 43.5 0
100 40.5 1
0 40.5 0
0 37.5 1
100 37.5 0
100 34.5 1
0 34.5 0
0 31.5 1
100 31.5 0
100 28.5 1
0 28.5 0
0 1.5 1
100 1.5 0
100 4.5 1
0 4.5 0
0 7.5 1
100 7.5 0
100 10.5 1
0 10.5 0
0 13.5 1
100 13.5 0
100 16.5 1
0 16.5 0
0 19.5 1
100 19.5 0
100 22.5 1
0 22.5 0
0 25.5 1
100 25.5 0
100 46.5 1
0 46.5 0
0 49.5 1
65.34319466492562 49.5 0
60.61563788648976 52.5 1
0 52.5 0
0 55.5 1
55.88808110805391 55.5 0
51.16052432961806 58.5 1
0 58.5 0
0 61.5 1
46.4329675511822 61.5 0
42.3835 64.06970000000001 0