42.3835 64.06970000000001 0
42.3835 64.06970000000001 1
66.03720000000001 49.0596 0
66.32807348385495 49.5 1
100 49.5 0
100 52.5 1
68.30950048559174 52.5 0
70.29092748732853 55.5 1
100 55.5 0
100 58.5 1
72.27235448906532 58.5 0
74.25378149080211 61.5 1
100 61.5 0
100 64.5 1
73.09390419354159 64.5 0
75.35419999999999 63.1661 1
51.2633 77.38319999999999 0
68.01039911866695 67.5 1
100 67.5 0
100 70.5 1
62.92689404379233 70.5 0
57.84338896891771 73.5 1
100 73.5 0
100 76.5 1
52.75988389404309 76.5 0
51.2633 77.38319999999999 0
50.49035919748847 76.5 1
0 76.5 0
0 79.5 1
100 79.5 0
100 82.5 1
0 82.5 0
0 85.5 1
100 85.5 0
100 88.5 1
0 88.5 0
0 91.5 1
100 91.5 0
100 94.5 1
0 94.5 0
0 97.5 1
100 97.5 0
100 100 1
0 100 0
47.8648809280879 73.5 1
0 73.5 0
0 70.5 1
45.53490715089542 70.5 0
44.06464581741389 67.5 1
0 67.5 0
0 64.5 1
42.59438448393237 64.5 0
42.3835 64.06970000000001 0