77.3527 46.4217 0
78.09469999999999 33.7137 1
93.50030000000001 25.5242 0
93.50074112703732 25.5 1
100 25.5 0
100 22.5 1
93.55542629695259 22.5 0
100 1.5 1
0 1.5 0
0 4.5 1
100 4.5 0
100 7.5 1
0 7.5 0
0 10.5 1
100 10.5 0
100 13.5 1
0 13.5 0
0 16.5 1
100 16.5 0
100 19.5 1
0 19.5 0
0 22.5 1
88.91426868742491 22.5 0
93.60419999999999 19.8243 1
83.1001 25.8171 0
82.96446525278492 25.5 1
83.65590865538647 25.5 0
82.50110000000001 24.4167 1
75.19820000000001 28.6117 0
75.39265385697257 28.5 1
0 28.5 0
0 25.5 1
80.61522835041717 25.5 0
75.19820000000001 28.6117 0
76.83794146413172 31.5 1
0 31.5 0
0 34.5 1
86.38883061451079 34.5 0
84.11496096139652 37.5 1
0 37.5 0
20.7448 45.2257 0
20.94209837976454 49.5 1
82.16986402921901 49.5 0
77.47522994948116 46.5 1
20.80362070171348 46.5 0
20.7448 45.2257 1
10.6633 46.34399999999999 1
2.55809 45.33329999999999 1
0 45.33329999999999 0
0.4734 45.33329999999999 1
0.4734 54.47369999999999 0
0 55.5 1
100 55.5 0
100 58.5 1
0 58.5 0
4.1927072327011 54.47369999999999 1
1.9734 54.14614939599008 0
1.9734 54.47369999999999 1
14.466 54.47369999999999 1
21.1408 53.8047 0
21.0805760578156 52.5 1
100 52.5 0
100 50.81610000000001 1
84.2294 50.81610000000001 1
77.3527 46.4217 0
77.3527 46.4217 0