77.3527 46.4217 0
100 76.5 1
37.72553231209216 76.5 0
41.70985028203954 79.5 1
100 79.5 0
100 82.5 1
45.69416825198692 82.5 0
49.67848622193431 85.5 1
100 85.5 0
100 88.5 1
51.35216744001927 88.5 0
47.88442106295824 91.5 1
100 91.5 0
100 100 1
0 100 0
0 97.5 1
100 97.5 0
100 94.5 1
0 94.5 0
0 91.5 1
43.15380440473196 91.5 0
39.07269441228293 88.5 1
0 88.5 0
0 85.5 1
34.99158441983388 85.5 0
30.91047442738486 82.5 1
0 82.5 0
0 79.5 1
32.46863818835448 79.5 0
30.578 82.25559999999999 1
45.71129999999999 93.38 1
52.42740000000001 87.56979999999999 1
35.6165 74.91200000000001 0
34.52696108175826 76.5 1
0 76.5 0
0 73.5 1
100 73.5 0
100 70.5 1
0 70.5 0
0 67.5 1
100 67.5 0
100 64.5 1
0 64.5 0
0 61.5 1
100 61.5 0
93.74135682825175 50.81610000000001 1
95.8115 48.16225727843107 0
98.5 50.81610000000001 1
98.5 34.3676 0
100 34.3676 1
95.29179999999999 34.3676 0
95.8115 34.3676 1
95.8115 50.81610000000001 0
95.8115 43.28467436705864 1
89.93657409695106 50.81610000000001 0
86.13179136565034 50.81610000000001 1
95.8115 38.40709145568621 0
95.8115 35.9683 1
95.29179999999999 34.3676 1
89.1628 30.8402 0
90.30922915461815 31.5 1
100 31.5 0
100 28.5 1
87.90240214543013 28.5 0
88.66270026762507 31.5 1
82.25898069112887 31.5 0
81.84109130828224 40.5 1
0 40.5 0
2.55809 45.33329999999999 1
1.9734 52.62990000000001 1
1.9734 45.33329999999999 0
0 43.5 1
79.567221655168 43.5 0
77.3527 46.4217 0