54.7075 51.2195 0
55.5 51.58912038769733 1
55.5 43.77471066404854 0
54.4933 46.173 1
60.09529999999999 32.8272 0
55.5 30.77084239912983 1
55.5 30.91111260431717 0
55.458 30.8936 1
59.3194 19.6075 0
58.5 22.00244233697621 1
58.5 32.16201291268627 0
100 0 1
100 100 0
97.5 100 1
97.5 0 0
94.5 0 1
94.5 100 0
91.5 100 1
91.5 0 0
88.5 0 1
88.5 62.69697674240409 0
84.85669999999999 65.82769999999999 0
85.5 66.86453512355249 1
85.5 100 0
88.5 100 1
88.5 66.24658988218491 0
91.2516 60.3325 1
87.05009999999999 69.3629 1
84.85669999999999 65.82769999999999 0
85.5 65.27490602980498 1
85.5 0 0
82.5 0 1
82.5 100 0
79.5 100 1
79.5 0 0
76.5 0 1
76.5 100 0
73.5 100 1
73.5 63.83392294376748 0
70.5 62.3060498293292 1
70.5 100 0
67.5 100 1
67.5 60.77817671489092 0
65.5813 59.801 1
63.742 63.50749999999999 0
64.5 61.98000203881909 1
64.5 100 0
61.5 100 1
61.5 62.3430130545966 0
58.5 60.78482356476154 1
58.5 100 0
55.5 100 1
55.5 59.22663407492648 0
52.5 57.66844458509142 1
52.5 100 0
31.50000000000001 84.76222689122034 1
31.50000000000001 29.49834305704137 0
28.8376 33.7701 1
35.84829999999999 22.5216 0
34.5 24.6849150113398 1
34.5 100 0
37.5 100 1
37.5 0 0
40.5 0 1
40.5 100 0
43.5 100 1
43.5 0 0
34.5 14.07732192411295 1
34.5 21.64953694647996 0
31.7134 19.8472 1
37.31910000000001 8.24015 0
34.5 6.797301127822914 1
34.5 0 0
31.50000000000001 5.261865486472388 1
31.50000000000001 0 0
28.5 0 1
28.5 8.43872859146601 0
30.6106 4.806660000000001 1
23.3385 17.321 0
25.5 18.57019793103449 1
25.5 24.26749056978923 0
27.6885 19.835 1
22.4076 30.5307 0
22.5 30.34355714934954 1
22.5 0 0
25.5 0 1
25.5 13.60133911662381 0
19.5 0 1
19.5 71.85752161091943 0
19.6495 71.89490000000001 1
18.2896 80.7534 0
25.5 79.94325498701207 1
25.5 32.08863476827372 0
22.5 30.57725063141524 1
22.5 80.5253992420738 0
21.6399 80.69229999999999 1
24.2085 90.5051 1
24.384 98.6712 0
22.5 98.7949291458456 1
22.5 83.97813246904929 0
16.5 79.50264012360091 1
16.5 100 0
13.5 100 1
13.5 77.40592598122427 0
10.5 75.30921183884763 1
10.5 100 0
7.5 100 1
7.5 73.21249769647099 0
4.027570000000001 70.78559999999999 0
4.320489999999999 68.06229999999999 1
4.027570000000001 70.78559999999999 0
4.5 71.11578355409432 1
4.5 100 0
1.5 100 1
1.5 0 0
4.5 0 1
4.5 68.10718156939032 0
7.5 68.85724957769614 1
7.5 0 0
10.5 0 1
10.5 69.60731758600195 0
13.5 70.3573855943078 1
13.5 0 0
16.5 0 1
16.5 71.10745360261362 0
19.6495 71.89490000000001 0
19.5 72.8687552467093 1
19.5 100 0
21.6399 100 1
31.7007 100 1
31.7007 98.19068564681078 1
31.6883 98.19149999999999 0
27.04003183948294 100 1
31.7007 99.69391693706447 0
31.6883 98.19149999999999 1
31.7007 85.5635 1
30.0708 79.05629999999999 0
28.5 79.36111073195033 1
28.5 33.60001890513219 0
28.8376 33.7701 0
49.5 37.31024732182379 1
49.5 30.46189517166899 0
51.465 31.3993 1
47.39879999999999 43.6309 0
49.5 44.38380161674537 1
49.5 100 0
46.5 100 1
46.5 0 0
49.5 0 1
49.5 23.84883993751815 0
47.0204 29.279 1
52.526 17.2221 0
52.5 17.27903828102295 1
52.5 0 0
55.5 0 1
55.5 18.26637526717108 0
58.5 19.31978004239409 1
58.5 0 0
61.5 0 1
61.5 54.3875081809894 0
64.5 55.78670207763544 1
64.5 0 0
67.5 0 1
67.5 56.78717663494655 0
70.5 59.67958752288878 1
70.5 0 0
73.5 0 1
73.5 62.57199841083103 0
58.5 36.62772744377007 1
58.5 52.98831428434336 0
52.5 45.45876109239552 1
52.5 56.28987458286984 0
52.01049999999999 57.41419999999999 1
54.7075 51.2195 0
54.7075 51.2195 0