51.0951 46.32259999999999 0
46.58409060543806 43.5 1
0 43.5 0
0 40.5 1
41.78956492567976 40.5 0
48.15848650866427 61.5 1
0 61.5 0
0 64.5 1
42.94490112388611 64.5 0
40.84399999999999 65.7089 1
48.2353 61.4558 0
48.2647824411135 61.5 1
100 61.5 0
100 64.5 1
50.26585310492506 64.5 0
75.4179107023777 82.5 1
100 82.5 0
100 79.5 1
68.53455459415142 79.5 0
55.5157 70.46420000000001 0
53.8574 69.84030000000001 0
53.57172026858561 70.5 1
0 70.5 0
0 67.5 1
42.23725056434672 67.5 0
43.62139999999999 69.27940000000001 1
51.97329999999999 67.0598 0
50.31691759776537 67.5 1
100 67.5 0
100 70.5 1
55.52006288420147 70.5 0
55.88566770555316 73.5 1
100 73.5 0
100 76.5 1
56.25127252690487 76.5 0
62.86773393656406 82.5 1
67.12483431250001 82.5 0
66.65010000000001 83.72710000000001 1
55.49379999999999 80.10769999999999 0
56.6481 79.75620000000001 0
56.61687734825657 79.5 1
68.2854593125 79.5 0
68.32140000000001 79.40710000000001 1
80.9145 84.8956 0
80.74885622258429 85.5 1
100 85.5 0
100 88.5 1
79.92666672515352 88.5 0
79.1651 91.27879999999999 1
67.4607 87.38730000000001 0
67.02098817893545 88.5 1
70.80734933316202 88.5 0
65.71600000000001 91.8023 0
65.00166695237021 91.5 1
0 91.5 0
0 94.5 1
100 94.5 0
100 97.5 1
0 97.5 0
0 100 1
100 100 0
100 91.5 1
65.83546156511892 91.5 0
65.71600000000001 91.8023 1
53.1444 86.4821 0
57.91268533513778 88.5 1
0 88.5 0
0 85.5 1
29.88630764916654 85.5 0
27.6593252531547 82.5 1
0 82.5 0
0 79.5 1
25.43234285714286 79.5 0
23.20536046113101 76.5 1
0 76.5 0
0 73.5 1
25.53573939787353 73.5 0
22.9137 76.1071 1
27.4068 71.6396 0
29.2208 73.45750000000001 0
30.41656309366682 82.5 1
54.61207472075803 82.5 0
53.50637065449297 85.5 1
30.81327741835584 85.5 0
30.01984876897779 79.5 1
53.10249755938823 79.5 0
54.1507 80.09309999999999 1
50.349 77.94200000000001 0
50.97345076959157 76.5 1
29.62313444428878 76.5 0
29.22642011959976 73.5 1
52.27258551908858 73.5 0
64.43829213066073 43.5 1
100 43.5 0
100 46.5 1
62.81686066680165 46.5 0
61.3753 49.16719999999999 1
51.7026 45.1446 0
54.96178002784269 46.5 1
0 46.5 0
0 49.5 1
100 49.5 0
100 52.5 1
0 52.5 0
0 55.5 1
100 55.5 0
100 58.5 1
0 58.5 0
8.639145579234629 25.5 1
0 25.5 0
0 28.5 1
15.2175047299429 28.5 0
21.2742 31.2621 1
7.373250000000001 24.9227 0
9.559225522733151 19.5 1
0 19.5 0
0 22.5 1
8.349878413691631 22.5 0
0 31.5 1
100 31.5 0
100 34.5 1
0 34.5 0
0 37.5 1
38.21871268057785 37.5 0
38.9011 36.4278 1
51.6016 41.9509 0
52.4722957993506 40.5 1
48.26522089225254 40.5 0
53.94880000000001 38.03959999999999 1
64.57859999999999 43.24039999999999 0
58.97755709890787 40.5 1
100 40.5 0
100 37.5 1
41.36664943781572 37.5 0
43.00620164435966 7.5 1
100 7.5 0
100 10.5 1
39.94549612088295 10.5 0
36.88479059740622 13.5 1
100 13.5 0
100 16.5 1
33.8240850739295 16.5 0
33.3509 16.9638 1
44.7491 5.79167 0
43.49082103981435 4.5 1
100 4.5 0
100 1.5 1
0 1.5 0
0 4.5 1
40.48179898607378 4.5 0
42.285 3.26218 1
28.929 12.4305 0
31.74126636941119 10.5 1
0 10.5 0
0 7.5 1
36.11153267774249 7.5 0
28.929 12.4305 0
29.97221841704719 13.5 1
0 13.5 0
0 16.5 1
32.89849728674476 16.5 0
23.59703986612124 25.5 1
82.77827711629462 25.5 0
81.97572743083003 22.5 1
18.33672910855064 22.5 0
23.7674 25.0774 1
17.5133 22.1092 0
17.9338 20.8352 1
11.6303 18.3593 0
14.53445705400057 19.5 1
81.17317774536548 19.5 0
81.15710000000001 19.4399 1
84.84289999999999 18.2846 0
85.18977150098408 19.5 1
100 19.5 0
100 22.5 1
86.04596246935029 22.5 0
86.90215343771646 25.5 1
100 25.5 0
100 28.5 1
22.38766835254741 28.5 0
37.8702 38.0476 1
51.0951 46.32259999999999 0
51.0951 46.32259999999999 0