53.7393 50.50660000000001 0
53.7393 50.50660000000001 1
59.0176 51.89709999999999 0
59.76489855444754 49.5 1
100 49.5 0
100 46.5 1
60.70015184523335 46.5 0
60.97150000000001 45.6296 1
55.87179999999999 44.0788 0
55.06853776408725 46.5 1
8.705538469081841 46.5 0
7.0945 47.2645 1
14.6157 43.69540000000001 0
14.58389091897859 43.5 1
100 43.5 0
100 40.5 1
78.39300046553478 40.5 0
78.97720000000001 39.8871 1
80.1814 37.6605 0
82.5924 38.71380000000001 1
77.49260000000001 34.2967 1
77.24406823130965 34.0878 1
77.7002887454469 34.0878 1
77.49260000000001 34.2967 0
77.24406823130965 34.0878 1
75.93090000000001 34.0878 1
81.43452834830799 38.71380000000001 1
82.5924 38.71380000000001 0
83.78039013665386 37.5 1
100 37.5 0
100 34.5 1
85.3054354702995 34.5 0
82.61574299308825 31.5 1
100 31.5 0
100 28.5 1
76.89608719231771 28.5 0
77.27170000000001 27.9796 0
78.26580000000001 25.0549 1
60.96469999999999 27.0132 0
72.72409999999999 38.4391 1
75.29310000000001 36.1163 0
73.76273780781816 37.5 1
13.59819674375791 37.5 0
13.6129 37.53530000000001 0
14.0955222236652 40.5 1
74.68844517256881 40.5 0
75.05722111306275 64.5 1
60.46929316294474 64.5 0
59.32914806788123 61.5 1
79.13576021821706 61.5 0
83.21429932337136 58.5 1
58.18900297281772 58.5 0
57.04885787775422 55.5 1
100 55.5 0
100 56.24250000000001 1
100 69.91569999999999 0
100 67.69481128513092 1
91.81463989097833 56.24250000000001 0
95.50213315163055 56.24250000000001 1
100 62.53556109694844 0
100 57.37631090876593 1
99.18962641228276 56.24250000000001 0
100 52.5 1
0 52.5 0
0 55.5 1
49.53071889841689 55.5 0
49.5205 55.4631 0
50.36152364775725 58.5 1
0 58.5 0
0 61.5 1
51.19232839709763 61.5 0
52.023133146438 64.5 1
42.54773705563144 64.5 0
42.8424 65.70050000000001 1
31.2109 68.0496 1
26.4087 68.18719999999999 0
26.47158721733668 67.5 1
19.58422734589792 67.5 0
24.12066596405945 70.5 1
100 70.5 0
97.89985216165289 69.91569999999999 1
88.12714663032611 56.24250000000001 0
86.2834 56.24250000000001 1
70.5711 67.7998 0
70.97868200790842 67.5 1
60.66416926907345 67.5 0
61.4974 67.20519999999999 1
53.5509 70.01669999999999 0
54.91228454942382 91.5 1
100 91.5 0
100 88.5 1
51.2919515281703 88.5 0
47.6716185069168 85.5 1
100 85.5 0
100 100 1
0 100 0
0 97.5 1
100 97.5 0
100 94.5 1
55.60736809891809 94.5 0
56.64570000000001 92.93639999999999 1
42.85380000000001 81.5077 0
42.31056216480007 82.5 1
0 82.5 0
0 79.5 1
75.46980952880426 79.5 0
73.23269999999999 78.45429999999999 1
81.18719999999999 82.17250000000001 0
82.2193629590638 79.5 1
100 79.5 0
100 82.5 1
44.05128548566329 82.5 0
42.85380000000001 81.5077 0
40.66820248970207 85.5 1
0 85.5 0
0 88.5 1
40.70243011259332 88.5 0
43.53919999999999 90.821 0
44.73120310134392 91.5 1
0 91.5 0
0 94.5 1
49.99778528695768 94.5 0
54.06780000000001 96.8184 1
43.53919999999999 90.821 1
39.5445 87.55260000000001 0
33.93222833851262 67.5 1
52.85393789577836 67.5 0
42.17749999999999 62.99160000000001 1
26.8749 63.0928 0
26.74612396356784 64.5 1
0 64.5 0
0 67.5 1
19.49533493370309 67.5 0
19.5248 67.4607 1
30.9099 74.9898 0
28.65710458222098 73.5 1
75.44305849491354 73.5 0
76.07900000000001 72.0746 1
83.71850000000001 75.61840000000001 0
83.37801174379396 76.5 1
100 76.5 0
100 73.5 1
79.15178720582426 73.5 0
76.07900000000001 72.0746 0
74.10460997852564 76.5 1
30.02723162283156 76.5 0
28.821 78.56379999999999 1
16.9294 70.92240000000001 0
17.24609323164919 70.5 1
0 70.5 0
0 76.5 1
25.60930003925982 76.5 0
20.940679105923 73.5 1
0 73.5 0
27.95574948473844 28.5 1
13.42376105319543 28.5 0
16.54067563558449 22.5 1
26.70505868424858 22.5 0
13.5943 14.2438 1
9.033180000000002 15.3964 1
9.033180000000002 14.2438 1
13.5943 14.2438 0
14.23708055679429 16.5 1
28.07681630621985 16.5 0
27.39093749523421 19.5 1
16.02080692508711 19.5 0
14.9359 18.9529 1
17.6677 20.3305 0
14.98221834438996 25.5 1
25.63315453401138 25.5 0
25.0342 27.8417 1
38.59990000000001 30.8984 0
38.40529602701108 31.5 1
11.86530376200091 31.5 0
11.364 32.465 1
0 32.465 1
0 14.2438 0
0 13.5 1
29.70333689118949 13.5 0
30.4043914140874 10.5 1
0 10.5 0
0 7.5 1
100 7.5 0
100 4.5 1
0 4.5 0
0 1.5 1
100 1.5 0
77.25139999999999 12.4386 1
64.45746831464891 14.5263 1
64.1866 14.5705 1
64.19804510275102 14.5263 1
64.45746831464891 14.5263 0
70.74688350297856 13.5 1
36.80120190615835 13.5 0
36.6096 13.255 1
30.4655 10.2385 0
30.99813124482016 10.5 1
100 10.5 0
100 13.5 1
77.33674072271586 13.5 0
77.57795248844749 16.5 1
100 16.5 0
100 19.5 1
77.81916425417913 19.5 0
78.06037601991076 22.5 1
100 22.5 0
100 25.5 1
74.33345071235254 25.5 0
73.27250000000001 25.8657 1
66.5703 31.3212 0
66.85606973971451 31.5 1
42.78515239398661 31.5 0
50.57364247163625 22.5 1
42.33830384104674 22.5 0
49.98096336650902 19.5 1
40.99954036013861 19.5 0
40.34310000000001 18.029 0
39.14734769585253 16.5 1
49.38828426138177 16.5 0
49.217 15.633 1
57.92749999999999 14.5263 1
58.9299 21.4399 1
50.5787 22.5256 1
62.12671454989673 22.5256 0
60.57724330614349 22.5256 1
62.64857385899778 14.5263 0
59.5496313714913 14.5263 1
58.5097617603565 18.54218677813313 0
58.9299 21.4399 1
58.6487699534667 22.5256 0
60.96469999999999 27.0132 0
61.35652645888754 25.5 1
43.1240913364509 25.5 0
43.18242261875461 28.5 1
70.03620535056365 28.5 0
66.5703 31.3212 1
72.2809 34.8942 1
75.62503770283169 30.261 1
81.50489999999999 30.261 0
79.38972068925867 30.261 1
74.78338514400011 34.8942 0
75.93090000000001 34.0878 0
75.67735209760906 34.8942 1
72.2809 34.8942 0
71.6508640302267 34.5 1
0 34.5 0
0 34.928 1
0 47.2645 1
7.0945 47.2645 0
5.473978551286796 47.2645 1
3.56751 42.60139551196886 0
2.06751 47.2645 1
2.06751 34.928 0
1.71745 32.465 1
1.71745 14.2438 0
4.717449999999999 14.2438 1
4.717449999999999 24.72556657548579 0
7.717449999999999 14.2438 1
7.717449999999999 19.51692219182859 0
9.217449999999999 16.9126 1
3.71191 26.4714 1
3.71191 32.465 0
3.71191 32.18746490922393 1
4.066241869456865 32.465 0
3.56751 34.928 1
12.5269 34.928 0
8.931413956485621 32.465 1
3.71191 28.37675496974131 0
8.605947688412549 34.928 1
3.56751 37.01420143700676 0
3.56751 38.6377 1
3.56751 47.2645 0
0 49.5 1
54.07325166308846 49.5 0
49.5205 55.4631 1
56.1383 53.1041 0
53.7393 50.50660000000001 0