41.71299999999999 52.2516 0
32.09184483772515 49.5 1
100 49.5 0
100 47.7239 1
81.7901 47.7239 0
79.43276518757617 43.5 1
11.11243977388988 43.5 0
9.176739999999999 42.9464 1
0 42.9464 1
0 54.96120000000001 0
0 55.5 1
100 55.5 0
100 58.5 1
57.01134848731498 58.5 0
55.7884 58.2129 1
86.66540000000001 65.4616 0
82.56931060466016 64.5 1
100 64.5 0
100 61.5 1
69.79032954598756 61.5 0
77.6232 40.2576 0
77.75848207545906 40.5 1
0 40.5 0
1.676740000000001 42.9464 1
1.676740000000001 54.96120000000001 0
0 58.5 1
55.71019074287143 58.5 0
55.7884 58.2129 0
54.89295712606302 61.5 1
0 61.5 0
0 64.5 1
63.93500658086809 64.5 0
70.91174831179447 73.5 1
100 73.5 0
100 76.5 1
81.82763940902302 76.5 0
81.21865257703968 79.5 1
100 79.5 0
100 82.5 1
80.60966574505633 82.5 0
80.15389999999999 84.74520000000001 1
61.547 80.52959999999999 0
70.24399111870198 82.5 1
42.05785117791075 82.5 0
41.63703380233042 85.5 1
100 85.5 0
100 88.5 1
38.94622633276146 88.5 0
37.5937 87.5788 1
41.5908 85.8296 0
42.47866855349106 79.5 1
61.84095095674169 79.5 0
62.69745141344825 76.5 1
42.89948592907139 76.5 0
42.9716 75.98589999999999 1
33.8653 81.24870000000001 0
34.60230998720399 82.5 1
0 82.5 0
0 79.5 1
36.89110124838489 79.5 0
42.08204523257581 76.5 1
0 76.5 0
0 73.5 1
26.07054450147955 73.5 0
24.0804 75.73140000000001 1
31.7326 72.89779999999999 0
30.10634546866176 73.5 1
63.5539518701548 73.5 0
63.985 71.99019999999999 1
81.94829999999999 75.90559999999999 0
76.03894251315774 67.5 1
0 67.5 0
0 70.5 1
100 70.5 0
100 67.5 1
85.77634355374252 67.5 0
84.82640000000001 69.678 1
54.69929999999999 62.2109 0
57.2436 88.9803 1
64.74279999999999 90.82230000000001 0
64.54805098891677 91.5 1
100 91.5 0
100 94.5 1
63.63070974754774 94.5 0
62.4331 97.34059999999999 1
55.9148 95.03100000000001 0
56.03141341662948 94.5 1
46.73471243718394 94.5 0
45.86593693662471 97.5 1
100 97.5 0
100 100 1
0 100 0
0 97.5 1
44.05540422218104 97.5 0
45.6722 98.16900000000001 1
36.5483 94.3937 0
36.80519894048156 94.5 1
0 94.5 0
0 91.5 1
35.95747802248222 91.5 0
35.3449522138105 88.5 1
0 88.5 0
0 85.5 1
36.36929629073791 85.5 0
35.03530000000001 86.98339999999999 1
47.51049999999999 91.8211 0
46.68246462781902 91.5 1
56.69024627894294 91.5 0
40.7079 54.96120000000001 1
9.16966 54.1361 1
9.16966 54.96120000000001 1
40.7079 54.96120000000001 0
41.71299999999999 52.2516 0
41.62085841452613 52.5 1
100 52.5 0
98.5 47.7239 1
98.5 28.3075 0
100 28.3075 1
90.40639999999999 28.3075 0
92.21564310669282 28.3075 1
94.16380000000001 31.19618933714046 0
94.16380000000001 36.12987445884819 1
83.80186472816541 47.7239 0
87.82539418449619 47.7239 1
94.16380000000001 40.6318233765446 0
94.16380000000001 45.133772294241 1
91.848923640827 47.7239 0
94.16380000000001 47.7239 1
94.16380000000001 33.8789 1
94.16380000000001 28.3075 0
95.5 28.3075 1
95.5 47.7239 0
81.7901 47.7239 0
81.1070482996933 46.5 1
21.60214230580752 46.5 0
56.51563404360229 19.5 1
23.10480147079522 19.5 0
25.9549 16.5179 0
25.9398383789669 16.5 1
74.74777710997967 16.5 0
63.39314102133187 17.7178 1
57.53658112629252 19.14215527851872 0
57.46445581655689 17.7178 1
57.2967 17.7178 1
57.70304297442021 25.7424 1
59.5864 25.7424 1
88.45689999999999 15.4293 0
87.79073204827355 13.5 1
100 13.5 0
100 16.5 1
85.45958160397942 16.5 0
100 19.5 1
77.06137931756697 19.5 0
68.66317703115456 22.5 1
100 22.5 0
100 25.5 1
60.26497474474212 25.5 0
57.8395 28.4372 1
57.70304297442021 25.7424 0
57.85487674225423 25.42796593758296 1
57.97708678531058 25.7424 0
57.8707987909771 25.7424 1
57.46445581655689 17.7178 1
69.74051610723598 17.7178 1
87.73589999999999 13.3412 0
87.08295777037634 13.5 1
23.41554435107304 13.5 0
20.89125032317919 10.5 1
100 10.5 0
100 7.5 1
0 7.5 0
0 4.5 1
100 4.5 0
100 1.5 1
0 1.5 0
0 10.5 1
19.94268907587268 10.5 0
20.4678 9.996749999999999 1
14.4999 15.7162 0
16.81237060119417 13.5 1
0 13.5 0
0 16.5 1
15.22773413972278 16.5 0
18.01352441679387 19.5 1
0 19.5 0
0 22.5 1
55.2008557531786 22.5 0
53.8860774627549 25.5 1
0 25.5 0
0 28.5 1
52.57129917233121 28.5 0
52.3193 29.075 1
57.8395 28.4372 0
57.29596196299779 28.5 1
90.2285939819869 28.5 0
87.45759110386066 31.5 1
0 31.5 0
0 34.5 1
84.68658822573443 34.5 0
82.96090000000001 36.3683 1
77.6232 40.2576 0
81.40774773866761 37.5 1
0 37.5 0
4.676740000000001 42.9464 1
4.676740000000001 54.96120000000001 0
7.676740000000001 54.96120000000001 1
7.676740000000001 42.9464 0
9.176739999999999 42.9464 1
41.71299999999999 52.2516 0
41.71299999999999 52.2516 0