49.6212 48.26690000000001 0
42.68806764753175 70.5 1
100 70.5 0
100 73.5 1
43.30299125525012 73.5 0
44.64295857074937 79.5 1
0 79.5 0
0 82.5 1
44.24753743919834 82.5 0
43.85211630764729 85.5 1
0 85.5 0
0 88.5 1
42.99028447319019 88.5 0
42.07840812858846 91.5 1
0 91.5 0
0 94.5 1
64.184715578207 94.5 0
62.64400000000001 93.8623 1
71.43770000000001 97.50200000000001 0
71.43286789845317 97.5 1
0 97.5 0
0 100 1
100 100 0
100 97.5 1
71.4385185561533 97.5 0
72.66635278607956 94.5 1
100 94.5 0
100 91.5 1
73.89418701600584 91.5 0
73.90270000000001 91.47919999999999 1
69.22130000000001 89.03720000000001 0
68.77269999999999 90.1567 1
64.9425 88.15870000000001 0
64.80495913984151 88.5 1
50.72648462439321 88.5 0
49.82942672114001 91.5 1
63.59598585980784 91.5 0
64.9425 88.15870000000001 0
65.59677790790792 88.5 1
100 88.5 0
100 85.5 1
51.62354252764641 85.5 0
52.4628 82.69329999999999 0
52.46618260477588 82.5 1
100 82.5 0
100 79.5 1
52.51868035090963 79.5 0
52.5385 78.3674 1
44.895 77.58779999999999 0
44.4529 72.22720000000001 1
38.0984 66.00819999999999 0
36.83309194123871 67.5 1
18.62862317270666 67.5 0
19.6043 67.8365 1
11.5475 65.05779999999999 0
10.87824615589172 67.5 1
0 67.5 0
0 70.5 1
10.05613431725245 70.5 0
9.362819999999999 73.03 0
17.861 75.5033 0
18.99866537408045 70.5 1
35.08484366518789 70.5 0
34.6515 70.07210000000001 1
40.86069999999999 76.20330000000001 0
38.12300911403966 73.5 1
18.31651636797621 73.5 0
17.861 75.5033 1
9.362819999999999 73.03 0
10.9777250256742 73.5 1
0 73.5 0
0 76.5 1
100 76.5 0
96.32910000000001 24.296 1
87.94640000000001 22.7678 0
87.84776944485239 22.5 1
65.17076394654862 22.5 0
71.37468903830552 19.5 1
62.86375422335036 19.5 0
60.55674450015209 16.5 1
68.11538886050164 16.5 0
66.15090000000001 14.6918 1
72.44450000000001 20.4847 0
73.26290727510215 19.5 1
87.04798259604897 19.5 0
87.62506416191977 16.5 1
75.75627766741087 16.5 0
72.44450000000001 20.4847 0
66.41319742891338 25.5 1
100 25.5 0
97.93717709006077 24.296 1
93.86497709006079 13.7568 0
97.08113127018234 13.7568 1
100 21.31108056512309 0
100 24.296 1
100 13.7568 0
100 13.5 1
77.46745993578688 13.5 0
77.91669999999999 13.9006 1
71.70650000000001 8.36279 0
74.10320583533925 10.5 1
100 10.5 0
100 7.5 1
0 7.5 0
0 4.5 1
100 4.5 0
100 1.5 1
0 1.5 0
0 10.5 1
69.83045874299455 10.5 0
67.19706110260532 13.5 1
58.24973477695382 13.5 0
57.8993 13.0443 1
53.2124 15.7075 0
57.09732480850106 13.5 1
0 13.5 0
0 16.5 1
53.62107074029247 16.5 0
55.16808931553206 19.5 1
0 19.5 0
0 22.5 1
56.71510789077166 22.5 0
58.26212646601127 25.5 1
0 25.5 0
0 28.5 1
59.80914504125086 28.5 0
61.563 31.9011 0
62.0673339491143 31.5 1
100 31.5 0
100 28.5 1
65.83946520651372 28.5 0
67.1919 27.4244 1
61.563 31.9011 0
61.35616361649046 31.5 1
0 31.5 0
0 34.5 1
33.60668614427682 34.5 0
33.8493 33.23 1
45.3219 35.4003 0
49.6212 48.26690000000001 0