49.6212 48.26690000000001 0
50.76232865663496 46.5 1
0 46.5 0
0 43.5 1
52.69983840246374 43.5 0
45.3219 35.4003 0
40.56275067502189 34.5 1
100 34.5 0
100 37.5 1
45.30118527268422 37.5 0
45.28440000000001 39.20140000000001 1
33.04770000000001 37.42610000000001 0
33.55707426350476 37.5 1
0 37.5 0
0 40.5 1
100 40.5 0
100 43.5 1
53.59813833894636 43.5 0
59.07438322708684 46.5 1
100 46.5 0
100 49.5 1
64.55062811522734 49.5 0
52.9346 43.1365 1
68.11109999999999 51.45050000000001 0
67.54927187964614 52.5 1
100 52.5 0
100 55.5 1
65.94328392246507 55.5 0
65.23060000000001 56.8313 1
57.7169 51.44670000000001 1
49.6212 48.26690000000001 0
52.7606451443487 49.5 1
0 49.5 0
0 52.5 1
59.18668052408721 52.5 0
63.37289677041935 55.5 1
0 55.5 0
0 58.5 1
100 58.5 0
100 61.5 1
0 61.5 0
0 64.5 1
100 64.5 0
100 67.5 1
39.6227034410677 67.5 0
49.6212 48.26690000000001 0