45.30029999999999 54.68210000000001 0
45.30029999999999 54.68210000000001 1
51.8869 58.56189999999999 0
51.78181454714161 58.5 1
76.91674969170617 58.5 0
76.20279716980332 61.5 1
50.48762494660643 61.5 0
49.36709999999999 63.8528 1
43.5116 61.1296 0
44.30804433019976 61.5 1
0 61.5 0
0 58.5 1
44.24111772314851 58.5 0
45.07339379914696 55.5 1
0 55.5 0
24.3501412127216 40.5 1
0 40.5 0
0 37.5 1
14.12426490387384 37.5 0
12.3361 36.97539999999999 0
13.80645597413041 31.5 1
0 31.5 0
0 34.5 1
13.00084032552187 34.5 0
12.3361 36.97539999999999 1
41.92740000000001 45.6567 0
44.0106 37.958 1
14.707 28.1465 0
14.61207162273896 28.5 1
0 28.5 0
0 25.5 1
53.97813645383951 25.5 0
50.98869455746787 22.5 1
0 22.5 0
0 19.5 1
51.70438542328363 19.5 0
40.30811414603703 13.5 1
57.48596112010519 13.5 0
54.59517327169441 16.5 1
37.7756459896983 16.5 0
35.592 16.6847 1
40.4121 16.277 0
33.68273486215156 34.5 1
62.94646214295446 34.5 0
63.04900000000001 34.60290000000001 0
63.14421259451348 34.5 1
100 34.5 0
100 37.5 1
42.64271040105999 37.5 0
56.96757835021116 28.5 1
15.76278378433471 28.5 0
31.52225454008709 13.5 1
0 13.5 0
0 16.5 1
30.77180802516053 16.5 0
24.72275932324313 31.5 1
59.9570202465828 31.5 0
63.69498667697192 40.5 1
43.3227573252627 40.5 0
42.51098390897164 43.5 1
80.48651230122044 43.5 0
79.77255977931759 46.5 1
0 46.5 0
0 43.5 1
34.57601752156936 43.5 0
33.53159732077418 79.5 1
67.00303344080675 79.5 0
69.40535555231611 82.5 1
35.23876906810717 82.5 0
36.94594081544015 85.5 1
71.80767766382547 85.5 0
72.92740000000001 86.89830000000001 1
81.6112 79.14699999999999 0
81.21573325248667 79.5 1
100 79.5 0
100 82.5 1
77.85482604982391 82.5 0
74.49391884716113 85.5 1
81.23998883507051 85.5 0
77.2791 86.51589999999999 1
83.63820000000001 84.88489999999999 0
83.82556312362348 85.5 1
100 85.5 0
100 88.5 1
84.73938099205211 88.5 0
85.2287 90.10640000000001 1
78.63929999999999 91.6696 0
79.35421954964175 91.5 1
100 91.5 0
100 94.5 1
0 94.5 0
0 97.5 1
100 97.5 0
100 100 1
0 100 0
0 91.5 1
20.97796953845702 91.5 0
21.9277 92.93029999999999 1
37.29170000000001 86.10759999999999 0
25.14858457648732 91.5 1
78.59453799988358 91.5 0
77.80275733744688 88.5 1
31.90426781039764 88.5 0
37.29170000000001 86.10759999999999 0
31.82442557344119 76.5 1
64.60071132929735 76.5 0
62.19838921778799 73.5 1
30.1172538261082 73.5 0
28.9063 71.37200000000001 1
12.8871 79.3151 0
0 88.5 1
18.98594591779776 88.5 0
16.99392229713849 85.5 1
0 85.5 0
0 82.5 1
15.00189867647923 82.5 0
13.00987505581996 79.5 1
0 79.5 0
0 76.5 1
18.56443629439388 76.5 0
24.61466857146454 73.5 1
0 73.5 0
0 70.5 1
59.79606710627861 70.5 0
58.91970000000001 69.40559999999999 1
72.64660000000001 67.95570000000001 0
75.70768075874676 64.5 1
0 64.5 0
0 67.5 1
100 67.5 0
100 64.5 1
81.19333121186909 64.5 0
84.75787641430949 61.5 1
100 61.5 0
100 58.5 1
88.32242161674986 58.5 0
100 76.5 1
79.49086579396496 76.5 0
77.08776695826222 73.5 1
100 73.5 0
100 70.5 1
74.68466812255949 70.5 0
77.7621 67.3878 1
93.1866 54.4062 0
91.88696681919023 55.5 1
100 55.5 0
100 52.5 1
91.51484504997049 52.5 0
88.88381742952743 49.5 1
100 49.5 0
100 46.5 1
86.25278980908436 46.5 0
89.6690180511182 43.5 1
83.62176218864127 43.5 0
76.65747771495558 10.5 1
100 10.5 0
100 7.5 1
77.54574929391279 7.5 0
78.43402087287001 4.5 1
100 4.5 0
100 1.5 1
79.32229245182722 1.5 0
79.71539999999999 0.17234 1
72.45410000000001 2.28779 0
75.15819583161974 1.5 1
0 1.5 0
0 4.5 1
71.74481295236109 4.5 0
70.78294172724381 7.5 1
0 7.5 0
0 10.5 1
34.14578771433492 10.5 0
34.23560000000001 10.3973 1
40.1961 10.5086 0
39.73554025157233 10.5 1
60.37674896851595 10.5 0
62.84050000000001 7.94317 0
65.39329056793744 10.5 1
69.82107050212653 10.5 0
68.38855098955807 13.5 1
100 13.5 0
100 16.5 1
71.38381141117873 16.5 0
74.37907183279935 19.5 1
100 19.5 0
100 22.5 1
74.24772215876808 22.5 0
71.47184476770443 25.5 1
100 25.5 0
100 28.5 1
68.69596737664079 28.5 0
65.92008998557714 31.5 1
100 31.5 0
89.833 37.7878 1
93.64570000000001 41.22929999999999 0
92.83773774226356 40.5 1
100 40.5 0
100 43.5 1
91.73526283473086 43.5 0
90.84630000000001 44.5566 1
87.91679999999999 41.92740000000001 0
88.57753627403613 40.5 1
72.29659255459089 40.5 0
79.05860725741474 49.5 1
0 49.5 0
0 52.5 1
78.34465473551188 52.5 0
77.63070221360903 55.5 1
46.68882006288985 55.5 0
45.30029999999999 54.68210000000001 0