44.9847 40.7419 0
44.59265812640614 40.5 1
68.27084617913718 40.5 0
73.96339718897212 34.5 1
0 34.5 0
0 31.5 1
81.44650111028866 31.5 0
100 13.5 1
0 13.5 0
0 16.5 1
100 16.5 0
100 19.5 1
0 19.5 0
0 22.5 1
100 22.5 0
100 25.5 1
0 25.5 0
0 28.5 1
100 28.5 0
100 31.5 1
87.03913924649055 31.5 0
86.32259999999999 29.8126 1
73.82980000000001 34.1358 0
63.9464 42.03530000000001 0
80.52869999999999 71.78880000000001 0
100 100 1
0 100 0
0 97.5 1
100 97.5 0
100 94.5 1
0 94.5 0
0 91.5 1
100 91.5 0
78.57259999999999 41.3759 1
63.9464 42.03530000000001 1
75.25479999999999 38.0205 0
75.06386826781991 37.5 1
39.73062579576703 37.5 0
44.9847 40.7419 0