54.32940000000001 54.22450000000001 0
54.32940000000001 54.22450000000001 1
59.2403 50.5938 0
56.66196591015506 52.5 1
100 52.5 0
100 49.5 1
58.31419705390171 49.5 0
73.1644 40.1845 1
60.4652 35.14919999999999 0
60.75021222390463 34.5 1
38.960379319529 34.5 0
28.99359143683741 25.5 1
64.70139832239767 25.5 0
65.9451 22.6671 1
78.21430000000001 27.6544 0
72.91428506606781 25.5 1
100 25.5 0
100 19.5 1
22.50899291642057 19.5 0
25.75129217662899 22.5 1
100 22.5 0
100 28.5 1
77.87350499916201 28.5 0
76.66444042665262 31.5 1
100 31.5 0
100 34.5 1
75.45537585414323 34.5 0
74.24631128163384 37.5 1
100 37.5 0
100 40.5 1
45.70118755406921 40.5 0
42.33078343679911 37.5 1
66.39399855420729 37.5 0
55.77414508983618 46.5 1
100 46.5 0
100 43.5 1
53.23409312577066 43.5 0
51.5497 41.5106 1
49.47692695959785 42.9234 1
46.82170000000001 44.7332 1
46.63127098036486 44.7332 1
48.4238 42.9234 0
49.47692695959785 42.9234 1
48.4238 42.9234 1
37.20350000000001 32.9362 0
35.2155595854329 32.9362 1
23.9359043836964 45.90557833219555 0
31.23967875629869 32.9362 1
21.73271315108921 43.86733499658662 0
19.52952191848202 41.8290916609777 1
27.26379792716448 32.9362 0
27.24317771716695 31.5 1
62.06727425673564 31.5 0
63.38433628956666 28.5 1
29.99666447779678 28.5 0
31.025 27.3796 1
20.2289 17.3903 0
18.20293222650284 17.3903 1
4.75412 32.20375805244022 0
4.75412 27.74067415732066 1
10.10413062788047 21.8478 0
9.495663420893521 21.8478 1
1.48678 19.04905186679528 0
1.48678 21.8478 1
14.0426 21.8478 1
15.36894139296132 17.3903 0
15.6135 16.5684 0
3.713795273701516 13.5 1
100 13.5 0
100 10.5 1
0 10.5 0
0 7.5 1
100 7.5 0
100 4.5 1
0 4.5 0
0 1.5 1
100 1.5 0
100 16.5 1
15.34823477927297 16.5 0
15.6135 16.5684 1
2.87534 13.2838 1
1.48678 17.4601 1
1.48678 13.2838 0
2.87534 13.2838 1
0 13.2838 0
0.25412 13.2838 1
0.25412 60.601 0
0 61.5 1
100 61.5 0
100 58.5 1
35.72030751621986 58.5 0
33.7299 60.601 1
4.75412 60.601 0
3.25412 60.601 1
3.25412 21.8478 0
4.75412 23.2775902622011 1
6.052195080886145 21.8478 0
4.75412 21.8478 1
4.75412 34.4353 0
4.75412 36.45637651487586 1
31.49176884133772 60.601 0
27.01550652401318 60.601 1
4.75412 40.49852954462756 0
4.75412 44.54068257437928 1
22.53924420668862 60.601 0
18.06298188936407 60.601 1
4.75412 48.58283560413098 0
4.75412 52.62498863388269 1
13.58671957203952 60.601 0
9.110457254714969 60.601 1
4.75412 56.66714166363441 0
0 64.5 1
100 64.5 0
100 67.5 1
0 67.5 0
0 70.5 1
34.9503130708467 70.5 0
35.5 69.4135 1
39.883 70.23589999999999 1
42.7221 72.0368 0
40.29935088566828 70.5 1
100 70.5 0
100 73.5 1
42.46914047664809 73.5 0
42.1824 75.15860000000001 1
34.9435 73.83320000000001 0
34.91215946486622 73.5 1
0 73.5 0
0 76.5 1
100 76.5 0
100 79.5 1
0 79.5 0
0 82.5 1
100 82.5 0
100 85.5 1
0 85.5 0
0 88.5 1
100 88.5 0
88.8904 93.7594 1
97.74680000000001 93.10140000000001 1
91.95099999999999 98.42930000000001 0
91.34194721942654 97.5 1
0 97.5 0
0 100 1
100 100 0
100 97.5 1
92.96191179263874 97.5 0
96.22537394470618 94.5 1
100 94.5 0
100 91.5 1
0 91.5 0
0 94.5 1
89.37578092036233 94.5 0
88.8904 93.7594 0
100 55.5 1
35.9672189035566 55.5 0
38.93858980581398 52.5 1
52.96530565570575 52.5 0
50.59227983205673 49.5 1
41.90996070807137 49.5 0
44.88133161032874 46.5 1
48.2192540084077 46.5 0
54.32940000000001 54.22450000000001 0