9.21664 80.0864
2.69449 79.1745
1.85135 86.5542
8.29704 87.5305

13.8794 48.926
11.719 41.5239
3.62887 43.2665
2.43848 57.7377
4.78951 56.9678
3.75771 51.9463

14.6843 15.9598
8.3917 14.4127
6.76263 22.0445
13.1699 23.1254

28.4629 95.2428
11.4751 83.4075
9.93981 85.9399
26.451 98.2878

26.5026 67.1248
25.6901 63.7389
19.6499 65.9496
20.6954 68.6758

16.3048 76.7974
10.7311 75.4903
10.2035 77.2112
11.4614 82.1153
13.9856 81.3328
15.9715 78.7034

27.3146 4.93498
24.9807 2.18672
15.3425 10.4955
17.8769 13.3427

52.9606 48.7196
36.9998 41.2482
30.9543 53.8899
47.4392 61.8666

71.1937 37.5557
60.4982 26.7897
50.0507 39.8213
59.392 49.1999
62.9396 47.73

73.1622 25.2569
67.0966 17.4301
66.5072 18.2919
63.9521 19.5847
70.7058 27.6268

41.5277 85.0706
39.717 81.9269
35.8464 83.8036
37.7767 86.9562

80.6049 50.0293
79.5946 42.6378
66.5111 43.6954
66.8175 48.5883
57.1122 49.7316
58.1193 56.7438
69.2748 56.575
69.0825 51.7191

93.1086 80.6132
76.5116 75.0636
74.352 82.7418
90.3542 88.2123