53.5141 47.1772 0
56.5 48.13385653862981 1
56.5 0 0
59.5 0 1
59.5 49.09503059532611 0
62.5 50.05620465202239 1
62.5 0 0
65.5 0 1
65.5 51.01737870871868 0
66.77070000000001 51.42449999999999 1
65.28190000000001 61.017 0
65.5 59.61175802659861 1
65.5 100 0
68.5 100 1
68.5 0 0
71.5 0 1
71.5 100 0
74.5 100 1
74.5 0 0
77.5 0 1
77.5 100 0
80.5 100 1
80.5 0 0
83.5 0 1
83.5 100 0
86.5 100 1
86.5 0 0
89.5 0 1
89.5 100 0
92.5 100 1
92.5 0 0
95.5 0 1
95.5 100 0
98.5 100 1
98.5 0 0
23.5 48.80821716760975 1
23.5 0 0
20.5 0 1
20.5 48.22098131199498 0
17.5 47.6337454563802 1
17.5 0 0
14.5 0 1
14.5 47.04650960076543 0
0 0 1
0 100 0
2.5 100 1
2.5 0 0
5.5 0 1
5.5 100 0
8.5 100 1
8.5 0 0
11.5 0 1
11.5 49.66214586967099 0
11.9921 46.5556 1
9.85474 60.0484 0
11.5 60.31850928215222 1
11.5 100 0
14.5 100 1
14.5 60.81103195118732 0
17.5 61.3035546202224 1
17.5 100 0
20.5 100 1
20.5 61.79607728925748 0
23.1857 62.23699999999999 1
25.3702 49.1743 0
23.5 60.35757376516365 1
23.5 100 0
26.5 100 1
26.5 0 0
29.5 0 1
29.5 100 0
32.5 100 1
32.5 0 0
35.5 0 1
35.5 63.75150912642506 0
38.5 64.70995230126971 1
38.5 0 0
41.5 0 1
41.5 65.66839547611434 0
53.5 47.2544025446953 1
53.5 0 0
50.5 0 1
50.5 100 0
41.5 100 1
41.5 79.25801510999963 0
38.5 78.2544632271393 1
38.5 100 0
35.5 100 1
35.5 77.25091134427893 0
41.57170000000001 79.28200000000001 1
45.07550000000001 66.8107 0
44.5 66.62683865095897 1
44.5 0 0
47.5 0 1
47.5 100 0
44.5 100 1
44.5 68.85911405045951 0
62.5 60.76929941990659 1
62.5 100 0
59.5 100 1
59.5 60.50217919981232 0
56.5 60.23505897971806 1
56.5 100 0
53.5 100 1
53.5 59.96793875962379 0
51.2152 59.7645 1
53.5141 47.1772 0
53.5141 47.1772 0