18.0275 53.7
13.5339 49.5638
6.06813 58.8327
10.1264 62.8664

29.9231 38.8037
23.9819 34.2253
19.8792 39.3768
25.8039 43.8565

36.8776 16.3116
30.1505 12.5986
26.4641 19.7042
32.64 23.1515

63.0993 64.9973
38.4749 48.8581
33.3445 56.751
58.1415 73.057

60.9999 48.0802
59.9189 42.8608
53.2549 44.067
54.5621 49.3666

74.0764 92.8271
68.9897 88.0524
64.5163 94.1693
68.7614 98.7428

89.3912 51.8722
78.3091 14.5334
76.2714 15.0509
87.3735 52.4877

96.8887 23.8693
95.0563 23.3768
95.4078 21.1922
91.3835 19.4109
90.6938 21.5675
87.7551 21.0683
86.8121 24.2255
90.1104 25.5208
89.4347 27.5083
94.6148 29.726