54.93940000000001 48.98220000000001 0
51.89658876116367 46.5 1
100 46.5 0
100 7.5 1
47.89114625289257 7.5 0
45.17527848429752 4.5 1
100 4.5 0
100 1.5 1
0 1.5 0
30.8585575604988 13.5 1
0 13.5 0
0 10.5 1
34.87203436016246 10.5 0
38.88551115982612 7.5 1
0 7.5 0
0 4.5 1
42.89898795948977 4.5 0
44.25660000000001 3.48521 1
29.1737 14.7594 0
29.2536 16.4405 0
29.31271097932904 16.5 1
0 16.5 0
0 19.5 1
32.29309649171766 19.5 0
34.2375 21.4572 1
49.7336 9.535209999999999 0
48.47957426109232 10.5 1
100 10.5 0
100 13.5 1
44.58020007943304 13.5 0
40.68082589777377 16.5 1
100 16.5 0
100 19.5 1
89.84126867056202 19.5 0
92.3860551292091 22.5 1
100 22.5 0
100 25.5 1
91.52804318972733 25.5 0
93.4502 23.7545 1
88.45050000000001 28.2947 1
85.92368413782279 25.4743 1
85.77170000000001 25.4743 1
87.12370000000001 28.1631 1
83.4308 29.2756 0
82.88922868726911 28.5 1
0 28.5 0
0 31.5 1
100 31.5 0
100 28.5 1
86.00537369887641 28.5 0
87.12370000000001 28.1631 1
87.24160134997254 28.2947 1
88.45050000000001 28.2947 0
83.4308 29.2756 0
81.88079999999999 27.0558 1
85.77170000000001 25.4743 0
85.70847133733798 25.5 1
0 25.5 0
0 22.5 1
84.72762350760607 22.5 0
83.88460000000001 23.1983 1
89.22559999999999 18.7742 0
88.34937708460478 19.5 1
36.7814517161145 19.5 0
29.4738 37.0119 1
23.0532 35.9508 0
22.81286722450472 37.5 1
0 37.5 0
0 34.5 1
100 34.5 0
100 37.5 1
29.38434695856039 37.5 0
28.6061 41.7465 0
18.99174009780507 70.5 1
0 70.5 0
0 73.5 1
15.42582121579625 73.5 0
16.52589322367923 76.5 1
0 76.5 0
0 79.5 1
100 79.5 0
100 82.5 1
0 82.5 0
0 85.5 1
100 85.5 0
100 88.5 1
0 88.5 0
0 91.5 1
100 91.5 0
100 100 1
0 100 0
0 97.5 1
100 97.5 0
100 94.5 1
0 94.5 0
20.7222 76.63999999999999 1
17.2405 78.44880000000001 0
15.3054 73.17160000000001 1
21.3718 68.77510000000001 0
22.28841911560389 70.5 1
100 70.5 0
100 73.5 1
22.72054709731898 73.5 0
23.5902 72.94970000000001 1
20.5958 74.84450000000001 0
20.71234424951267 76.5 1
100 76.5 0
100 67.5 1
0 67.5 0
0 64.5 1
100 64.5 0
100 61.5 1
0 61.5 0
0 58.5 1
100 58.5 0
100 55.5 1
49.61029018269731 55.5 0
49.5959 55.5176 0
49.57270326680853 55.5 1
0 55.5 0
0 52.5 1
45.61871465462703 52.5 0
49.5959 55.5176 1
40.4295 48.5628 0
41.66472604244551 49.5 1
0 49.5 0
0 46.5 1
42.43591809613572 46.5 0
45.35391998114986 43.5 1
0 43.5 0
0 40.5 1
22.34746680720171 40.5 0
22.332 40.5997 1
28.6061 41.7465 0
28.83454338486884 40.5 1
100 40.5 0
100 43.5 1
48.21903106375453 43.5 0
46.6215 42.1968 1
54.93940000000001 48.98220000000001 0
52.06316223337515 52.5 1
100 52.5 0
100 49.5 1
54.51603428405301 49.5 0
54.93940000000001 48.98220000000001 0