56.33110000000001 53.9563 0
45.09371802651481 35.5 1
30.35905740059323 35.5 0
29.56104094916775 32.5 1
38.7638844114245 32.5 0
38.1328 32.2009 1
45.2469 35.57259999999999 0
45.21102037530144 35.5 1
100 35.5 0
100 32.5 1
43.72839125552653 32.5 0
40.93129999999999 13.5454 0
39.7753 6.77013 0
34.49968000468873 8.499999999999993 1
0 8.499999999999993 0
0 11.49999999999999 1
24.47243146428354 11.49999999999999 0
24.2576 10.5277 1
32.2302 9.244160000000001 1
39.7753 6.77013 0
40.07045129581552 8.499999999999993 1
75.07988335328739 8.499999999999993 0
78.21765011679406 11.49999999999999 1
40.58231281572543 11.49999999999999 0
40.93129999999999 13.5454 1
33.88379999999999 15.9079 0
38.08366253968256 14.49999999999999 1
88.81050518593241 14.49999999999999 0
88.62540000000001 15.7123 1
90.88929999999999 15.675 0
90.175108106887 17.49999999999999 1
63.40879809387123 17.49999999999999 0
63.14619999999999 17.3389 1
70.41499999999999 21.7982 0
68.29889295180857 20.49999999999999 1
91.08208157267666 20.49999999999999 0
89.07040000000001 20.3229 1
94.79079999999999 20.8265 0
95.08866910323025 20.8265 1
95.82929999999999 15.1482 0
93.4837 14.8561 1
94.65491105458239 5.876609999999999 1
94.97131814387942 5.876609999999999 1
94.55289999999999 9.47851 1
96.5155 9.22326 1
96.54442897986323 9.47851 1
94.55289999999999 9.47851 0
96.54442897986323 9.47851 0
95.69781428073199 9.47851 1
94.97222766270741 15.04146789319442 0
95.82929999999999 15.1482 1
94.79079999999999 20.8265 1
100 20.8265 1
100 9.47851 1
100 3.87618 0
100 2.499999999999992 1
0 2.499999999999992 0
0 5.499999999999993 1
74.18224158223018 5.499999999999993 0
73.5873 7.072950000000001 1
79.83359999999999 13.045 0
80.55050649777843 11.49999999999999 1
88.39733089135797 11.49999999999999 0
88.98900376589202 8.499999999999993 1
81.94255794977539 8.499999999999993 0
82.66900000000001 6.93445 1
75.1876 2.84196 0
80.04671033527265 5.499999999999993 1
95.01506740320545 5.499999999999993 0
95.2037 3.87618 1
95.91890000000001 3.95926 1
95.90948405623101 3.87618 1
95.2037 3.87618 0
97.41908708080658 3.87618 0
92.57320228418865 41.5 1
93.44603679277699 41.5 0
93.2774 41.80970000000001 1
94.92940892995207 38.7758 0
95.5 38.7758 1
95.5 67.79339999999999 0
92.6472 67.79339999999999 1
92.6472 56.1528 0
92.5 56.06941747146824 1
92.5 43.69447861197582 0
89.5 50.9678717634133 1
89.5 54.37004528671785 0
88.36250000000001 53.7257 1
93.2774 41.80970000000001 1
86.37889999999999 38.7758 0
85.00299924223074 41.5 1
36.25317814639537 41.5 0
36.83751043073005 44.5 1
74.18462389102399 44.5 0
75.98150000000001 41.5711 1
81.97210000000001 44.60169999999999 0
81.77106917442089 44.5 1
83.48780128565346 44.5 0
75.98150000000001 41.5711 0
72.34412803014513 47.5 1
37.42184271506474 47.5 0
37.7397 49.1319 1
31.0149 50.7842 0
32.17158350783758 50.5 1
70.5036321692663 50.5 0
68.6224 53.5664 0
71.11864594742698 59.5 1
58.46090225335838 59.5 0
58.0112 59.67230000000001 0
56.41944148336151 59.5 1
34.41372451274363 59.5 0
33.90843768247456 62.5 1
69.69197584895633 62.5 0
68.26530575048571 65.5 1
22.51761180850421 65.5 0
23.0372 63.4495 1
33.4636 65.14109999999999 0
39.20386645696526 74.5 1
17.09407919248569 74.5 0
17.148 75.6405 1
10.6974 76.39429999999999 0
10.52849992883286 74.5 1
0 74.5 0
0 71.5 1
10.26101314558764 71.5 0
10.2589 71.47630000000001 1
16.9069 70.54089999999999 0
16.95224453878735 71.5 1
39.59794636071983 71.5 0
34.7443 57.5373 1
26.7032 55.5808 0
30.48105797086633 56.5 1
53.81116298273417 56.5 0
56.33110000000001 53.9563 0