56.33110000000001 53.9563 0
52.768 57.553 0
54.7353 59.3177 1
58.0112 59.67230000000001 1
59.8181 58.98 0
59.02726267898721 56.5 1
72.54531604589761 56.5 0
72.71100000000001 56.1516 1
68.6224 53.5664 0
68.66313630838746 53.5 1
0 53.5 0
0 50.5 1
30.93803276890375 50.5 0
30.12662638857748 47.5 1
0 47.5 0
0 44.5 1
29.3152200082512 44.5 0
0 56.5 1
26.16102156798465 56.5 0
24.39150971414865 59.5 1
0 59.5 0
0 62.5 1
22.62199786031264 62.5 0
20.85248600647663 65.5 1
0 65.5 0
0 68.5 1
67.61515016959999 68.5 0
66.98330000000001 68.19579999999999 1
73.4742 71.32079999999999 0
62.35111560771108 74.5 1
100 74.5 0
100 71.5 1
62.67326948558468 71.5 0
81.66228823141773 92.5 1
60.10478521061258 92.5 0
59.3657 89.97329999999999 1
52.4466 91.75489999999999 0
52.64674071011933 92.5 1
0 92.5 0
0 89.5 1
80.28880219510532 89.5 0
78.9153161587929 86.5 1
0 86.5 0
0 83.5 1
78.26677192604626 83.5 0
77.75059999999999 83.95599999999999 1
83.95269999999999 78.4769 1
89.45939999999999 83.87450000000001 0
89.07733034867348 83.5 1
100 83.5 0
100 80.5 1
86.01669228731288 80.5 0
89.45939999999999 83.87450000000001 0
83.01037225420097 92.5 1
100 92.5 0
100 95.5 1
85.31785106207806 95.5 0
83.79490000000001 97.15809999999999 0
83.03577426773015 95.5 1
0 95.5 0
0 98.5 1
100 98.5 0
100 89.5 1
84.01117042147715 89.5 0
86.91663459987348 86.5 1
100 86.5 0
100 77.5 1
62.02896172983746 77.5 0
61.9603 78.13939999999999 1
38.8475 77.21289999999999 0
46.00959916891523 77.5 1
0 77.5 0
0 80.5 1
81.66263986056103 80.5 0
91.43257463356997 67.79339999999999 1
92.6472 65.56275110192232 0
92.6472 59.28945036730744 1
88.01665821118999 67.79339999999999 0
86.30869999999999 67.79339999999999 1
79.6996 64.93690000000001 1
84.34379999999999 53.94970000000001 0
82.78818144228197 53.16865136488731 1
80.31299217166506 58.2242831517035 0
80.72479999999999 58.5279 1
77.58701451555237 64.93690000000001 1
77.09238706782668 64.93690000000001 1
80.72479999999999 58.5279 0
77.85866405722169 56.41476105056783 1
80.10700196994665 51.82247845060193 0
79.8537 51.6953 1
83.4364360749255 44.60169999999999 1
81.97210000000001 44.60169999999999 1
76.63149999999999 55.51000000000001 0
80.72479999999999 58.5279 0
77.58701451555237 64.93690000000001 1
79.6996 64.93690000000001 0
81.0024476142132 65.5 1
76.77324028640888 65.5 0
75.0729377748595 68.5 1
100 68.5 0
98.5 67.79339999999999 1
98.5 38.7758 0
100 38.5 1
35.66884586206068 38.5 0
35.3073 36.6438 1
30.8247 37.2505 0
40.00369946621932 29.49999999999999 1
28.76302449774226 29.49999999999999 0
28.215 27.4398 1
21.4908 28.5973 0
23.313 40.06619999999999 1
27.9992 39.6343 0
28.50381362792491 41.5 1
0 41.5 0
0 38.5 1
23.06415925328497 38.5 0
22.58751371622387 35.5 1
0 35.5 0
0 32.5 1
22.11086817916278 32.5 0
21.63422264210168 29.49999999999999 1
0 29.49999999999999 0
0 26.49999999999999 1
66.08613513410145 26.49999999999999 0
63.24547920829946 23.49999999999999 1
0 23.49999999999999 0
0 20.49999999999999 1
61.76730716800927 20.49999999999999 0
63.0759271091602 17.49999999999999 1
0 17.49999999999999 0
0 14.49999999999999 1
25.13528695420498 14.49999999999999 0
0 0 1
100 0 0
97.41908708080658 3.87618 1
98.0540320044388 9.47851 0
98.72322534253584 9.47851 1
97.24308656680466 20.8265 0
100 23.49999999999999 1
69.51997080174439 23.49999999999999 0
67.9421781147266 26.49999999999999 1
100 26.49999999999999 0
100 29.49999999999999 1
42.2457621357516 29.49999999999999 0
56.33110000000001 53.9563 0