46.83920000000001 47.0733 0
46.89780956136028 46.5 1
100 46.5 0
100 13.5 1
0 13.5 0
0 16.5 1
100 16.5 0
100 19.5 1
0 19.5 0
0 22.5 1
100 22.5 0
100 25.5 1
0 25.5 0
0 28.5 1
100 28.5 0
100 31.5 1
0 31.5 0
0 34.5 1
100 34.5 0
100 37.5 1
0 37.5 0
43.3664 8.728750000000002 1
50.71599999999999 5.907299999999999 1
42.2389 3.26023 0
46.20919707072348 4.5 1
100 4.5 0
100 1.5 1
0 1.5 0
0 4.5 1
42.49451590247453 4.5 0
43.11305620222656 7.5 1
0 7.5 0
0 10.5 1
100 10.5 0
100 7.5 1
46.56717300678729 7.5 0
35.25920000000001 41.8678 1
35.5934 43.2268 1
47.2748 42.8124 0
46.83920000000001 47.0733 0