60.6764 67.43719999999999 0
60.6764 67.43719999999999 1
62.83620000000001 70.8039 0
70.5 63.49280001332681 1
70.5 38.87820867968399 0
72.96600000000001 43.22069999999999 0
74.89840000000001 42.1503 1
62.48609999999999 13.7435 0
61.5 14.34008319775054 1
61.5 0 0
58.5 0 1
58.5 16.1550609822061 0
57.8272 16.5621 1
72.96600000000001 43.22069999999999 0
73.5 42.92490534050921 1
73.5 62.33085497159504 0
75.62289999999999 64.0789 1
73.37190000000001 67.06229999999999 0
73.5 66.89252055086629 1
73.5 100 0
76.5 100 1
76.5 0 0
79.5 0 1
79.5 100 0
82.5 100 1
82.5 0 0
85.5 0 1
85.5 100 0
88.5 100 1
88.5 0 0
91.5 0 1
91.5 100 0
94.5 100 1
94.5 0 0
97.5 0 1
97.5 100 0
100 100 1
100 0 0
73.5 38.94992060858986 1
73.5 0 0
70.5 0 1
70.5 32.08411813845943 0
67.5 25.218315668329 1
67.5 0 0
64.5 0 1
64.5 18.35251319819856 0
62.48609999999999 13.7435 0
55.5 0 1
55.5 70.10983336186268 0
52.5 72.90588932595062 1
52.5 0 0
49.5 0 1
49.5 100 0
46.5 100 1
46.5 0 0
43.5 0 1
43.5 100 0
40.5 100 1
40.5 0 0
37.5 0 1
37.5 100 0
34.5 100 1
34.5 0 0
31.5 0 1
31.5 100 0
28.5 100 1
28.5 0 0
25.5 0 1
25.5 100 0
22.5 100 1
22.5 0 0
19.5 0 1
19.5 100 0
16.5 100 1
16.5 0 0
13.5 0 1
13.5 100 0
10.5 100 1
10.5 0 0
7.5 0 1
7.5 100 0
4.5 100 1
4.5 0 0
1.5 0 1
1.5 100 0
49.998 75.23779999999999 1
56.75530000000001 83.73419999999999 0
55.5 84.70268122162045 1
55.5 82.15582832492268 0
52.5 78.38373000162787 1
52.5 100 0
53.16930000000001 88.886 1
55.7007 93.20249999999999 0
55.5 92.86026979141977 1
55.5 100 0
58.5 100 1
58.5 90.92441070073241 0
59.8378 89.8357 1
62.9123 85.36840000000001 0
61.5 87.42049555700115 1
61.5 100 0
64.5 100 1
64.5 28.31253636747959 0
67.5 33.59537252358179 1
67.5 100 0
70.5 100 1
70.5 64.69757991609859 0
69.9393 64.23589999999999 1
72.19040000000001 61.2525 0
61.5 68.72102911380682 1
61.5 23.02970021137739 0
58.5 17.74686405527519 1
58.5 68.89318481539743 0
60.6764 67.43719999999999 0