33.8605 45.5723 0
32.5 45.58862137486925 1
32.5 19.16953410398389 0
35.5 17.66807789802963 1
35.5 91.4457585764938 0
32.5 92.39977538043402 1
32.5 58.99147974961794 0
26.5 57.86614217346704 1
26.5 66.71314885489826 0
27.3205 67.23990000000001 1
20.6026 78.60509999999999 0
20.5 78.54190859471112 1
20.5 100 0
17.5 100 1
17.5 76.69420668567983 0
14.5 74.84650477664854 1
14.5 100 0
11.5 100 1
11.5 72.99880286761726 0
9.669830000000001 71.8716 1
16.5136 60.30200000000001 0
17.5 60.93525695250257 1
17.5 0 0
14.5 0 1
14.5 63.70605164989472 0
11.5 68.77764230825991 1
11.5 0 0
8.5 0 1
8.5 100 0
5.5 100 1
5.5 0 0
2.5 0 1
2.5 100 0
0 100 1
0 0 0
23.5 16.101350270636 1
23.5 64.78718488743303 0
20.5 62.86122091996779 1
20.5 0 0
23.0615 0.8799164662119823 1
24.73839127394492 0 0
31.19490550199365 0 1
23.0615 4.267848213406834 0
23.0615 7.655779960601688 1
37.65141973004236 0 0
33.53870000000001 10.6279 1
41.8476 4.154488692292624 1
41.8476 0 1
23.0615 0 1
23.0615 15.3953 1
26.7565 21.3448 0
26.5 20.93179682002707 1
26.5 42.88386721078376 0
27.4401 42.0483 1
30.8013 45.60899999999999 0
29.5 44.23046289717958 1
29.5 20.3562008858248 0
33.8605 45.5723 0