33.8605 45.5723 0
81.75372624545119 3.38877 1
81.03800000000001 4.440962324562012 0
81.03800000000001 9.774897394737206 1
85.38199574727071 3.38877 0
89.01026524909022 3.38877 1
81.03800000000001 15.1088324649124 0
81.03800000000001 17.7758 0
86.5 27.22508012762079 1
86.5 18.54368027042253 0
89.5 18.96543801690141 1
89.5 20.76893382898606 0
92.5 14.50355023225132 1
92.5 18.49017292755788 0
91.61750000000001 18.2332 1
93.5513 10.06051249759503 1
93.5513 0 0
90.8244 3.38877 1
93.5513 3.6472 1
89.02012073575534 22.79701494676225 1
91.61750000000001 18.2332 0
89.02012073575534 22.79701494676225 1
84.04820000000001 31.5331 0
88.22569999999999 34.4858 1
90.5094 30.2591 1
94.2955 19.013 0
92.5 24.34629086659095 1
92.5 100 0
95.5 100 1
95.5 0 0
98.5 0 1
98.5 100 0
89.5 100 1
89.5 32.12730991373648 0
88.22569999999999 34.4858 0
86.5 33.2660574769599 1
86.5 75.1875394416619 0
83.5 73.12533567010655 1
83.5 18.12192252394366 0
81.03800000000001 17.7758 1
81.03800000000001 3.38877 1
93.5513 3.38877 0
93.5513 1.5 1
81.03800000000001 1.5 0
80.5 0 1
80.5 73.3295804559242 0
81.51929999999999 71.7638 1
78.32140000000001 76.67619999999999 0
84.53729999999999 80.7313 1
87.4691 75.8537 0
86.5 77.46597988266595 1
86.5 100 0
83.5 100 1
83.5 80.05459103910937 0
80.5 78.09746495921749 1
80.5 100 0
77.5 100 1
77.5 0 0
74.5 0 1
74.5 100 0
71.5 100 1
71.5 0 0
68.5 0 1
68.5 100 0
65.5 100 1
65.5 0 0
62.5 0 1
62.5 100 0
59.5 100 1
59.5 86.49595259433147 0
62.1874 85.1311 1
59.1426 78.4701 0
59.5 79.25197119022596 1
59.5 0 0
56.5 0 1
56.5 79.57490358277857 0
53.164 80.96960000000001 0
53.5 81.70857114551083 1
53.5 100 0
56.5 100 1
56.5 88.0195656712811 0
56.39400000000001 88.07339999999999 1
53.164 80.96960000000001 0
53.5 80.82912697956044 1
53.5 0 0
50.5 0 1
50.5 100 0
47.5 100 1
47.5 0 0
38.5 7.667506589134765 1
38.5 6.762582626950786 0
38.133 7.04851 1
41.8476 13.3137 0
41.5 12.7274242114898 1
41.5 4.425301648346865 0
40.19834262133503 5.439414658951222 1
23.0615 14.43164345499139 0
23.0615 11.04371170779654 1
41.8476 1.186066800970058 0
44.5 0 1
44.5 100 0
41.5 100 1
41.5 13.57784230447235 0
38.5 15.85755149151796 1
38.5 90.54575360900867 0
38.49509999999999 90.4933 1
39.0368 96.2921 1
39.0368 100 1
23.0828 100 1
23.0828 92.38839999999999 1
23.3967 95.6011 1
33.5575 97.3006 1
39.0368 96.2921 0
39.0368 97.1011 1
34.64140713931582 97.1011 0
33.5575 97.3006 0
32.36474942630186 97.1011 1
23.0828 97.1011 0
23.0828 95.6011 1
23.3967 95.6011 0
23.0828 92.38839999999999 0
23.5 92.40934687408134 1
23.5 73.70334045014067 0
26.5 68.62800440762737 1
26.5 92.5599715678589 0
29.5 92.71059626163645 1
29.5 58.42881096154248 0
33.8597 59.2465 1
33.8605 45.5723 0
33.8605 45.5723 0