70.5 100.5 0
70.5 100.5 1
70.5 83.5 1
82.81897503240934 83.5 1
89.5 77.93247919367445 1
89.5 79.5 1
102.5 79.5 1
102.5 58.5 1
81.5 58.5 1
81.5 70.5 0
81.5 69.9999999999998 1
102.5 69.99999999999955 0
102.5 68.99999999999955 1
81.5 68.9999999999998 0
81.5 67.9999999999998 1
102.5 67.99999999999955 0
102.5 66.99999999999955 1
81.5 66.9999999999998 0
81.5 65.9999999999998 1
102.5 65.99999999999955 0
102.5 64.99999999999955 1
81.5 64.9999999999998 0
81.5 63.9999999999998 1
102.5 63.99999999999956 0
102.5 62.99999999999956 1
81.5 62.9999999999998 0
81.5 59.9999999999998 1
102.5 59.99999999999956 0
102.5 58.99999999999956 1
81.5 58.9999999999998 0
81.5 60.9999999999998 1
102.5 60.99999999999956 0
102.5 61.99999999999956 1
81.5 61.9999999999998 0
81.5 70.5 1
79.20710678118655 70.5 1
73.5 76.20710678118655 1
73.5 72.5 1
71.5 72.5 1
71.5 47.5 1
64.5 41.5 0
65 41.92857142857143 1
65 56.5 0
64.5 56.5 1
64.5 39.5 1
67.5 39.5 1
67.5 33.5 1
61.5 33.5 1
61.5 14.5 1
93.81503796189226 14.5 1
100.8150379618923 20.5 1
102.5 20.5 1
102.5 47.5 1
71.5 47.5 0
71.5 56.5 1
58.5 56.5 0
58.5 54.00000000000009 1
50.5 54.00000000000018 0
50.5 53.00000000000018 1
58.5 53.00000000000009 0
58.5 51.00000000000009 1
50.5 51.00000000000018 0
50.5 52.00000000000018 1
58.5 52.00000000000009 0
58.5 55.00000000000009 1
50.5 55.00000000000018 0
50.5 56.00000000000018 1
58.5 56.00000000000009 0
58.5 56.5 1
58.5 41.5 0
60.29289321881352 41.00000000000006 1
17.5 41.00000000000058 0
17.5 40.00000000000058 1
59.29289321881353 40.00000000000007 0
58.29289321881355 39.00000000000009 1
17.5 39.00000000000058 0
17.5 38.00000000000058 1
57.29289321881355 38.0000000000001 0
56.29289321881356 37.00000000000011 1
17.5 37.00000000000058 0
17.5 36.00000000000058 1
55.29289321881357 36.00000000000013 0
54.79289321881345 35.5 0
58.5 35.00000000000009 1
17.5 35.00000000000058 0
17.5 34.00000000000058 1
58.5 34.00000000000009 0
58.5 33.00000000000009 1
17.5 33.00000000000058 0
17.5 32.00000000000058 1
58.5 32.00000000000009 0
58.5 31.00000000000009 1
17.5 31.00000000000058 0
17.5 30.00000000000058 1
58.5 30.00000000000009 0
58.5 29.00000000000009 1
17.5 29.00000000000058 0
17.5 28.5 1
15.5 28.5 1
15.5 13.5 1
35.5 13.5 1
35.5 15.5 1
58.5 15.5 1
58.5 35.5 1
54.79289321881345 35.5 1
60.50000000000001 41.20710678118655 1
60.5 41.5 1
58.5 41.5 0
58.5 42.00000000000009 1
17.5 42.00000000000058 0
17.5 43.00000000000058 1
58.5 43.00000000000009 0
58.5 44.00000000000009 1
17.5 44.00000000000058 0
17.5 45.00000000000058 1
58.5 45.00000000000009 0
58.5 46.00000000000009 1
17.5 46.00000000000058 0
17.5 47.00000000000058 1
58.5 47.00000000000009 0
58.5 48.00000000000009 1
15.5 48.0000000000006 0
15.5 49.0000000000006 1
58.5 49.00000000000009 0
58.5 50.00000000000009 1
15.5 50.0000000000006 0
17.5 47.5 0
35.5 14.00000000000036 1
15.5 14.0000000000006 0
15.5 15.0000000000006 1
35.5 15.00000000000036 0
35.5 15.5 0
58.5 16.00000000000009 1
15.5 16.0000000000006 0
15.5 17.0000000000006 1
58.5 17.00000000000009 0
58.5 18.00000000000009 1
15.5 18.0000000000006 0
15.5 19.0000000000006 1
58.5 19.00000000000009 0
58.5 20.00000000000009 1
15.5 20.0000000000006 0
15.5 21.0000000000006 1
58.5 21.00000000000009 0
58.5 22.00000000000009 1
15.5 22.0000000000006 0
15.5 23.0000000000006 1
58.5 23.00000000000009 0
58.5 24.00000000000009 1
15.5 24.0000000000006 0
15.5 25.0000000000006 1
58.5 25.00000000000009 0
58.5 26.00000000000009 1
15.5 26.0000000000006 0
15.5 27.0000000000006 1
58.5 27.00000000000009 0
58.5 28.00000000000009 1
15.5 28.0000000000006 0
17.5 28.5 1
17.5 47.5 1
15.5 47.5 1
15.5 50.5 1
50.5 50.5 1
50.5 60.5 1
15.5 60.5 1
15.5 74.5 1
13.5 74.5 1
13.5 80.5 1
27.5 80.5 1
27.5 70.5 0
27.5 77.00000000000045 1
13.5 77.00000000000063 0
13.5 78.00000000000063 1
27.5 78.00000000000045 0
27.5 80.00000000000045 1
13.5 80.00000000000063 0
13.5 79.00000000000063 1
27.5 79.00000000000045 0
27.5 76.00000000000045 1
13.5 76.00000000000063 0
13.5 75.00000000000063 1
27.5 75.00000000000045 0
27.5 74.00000000000045 1
15.5 74.0000000000006 0
15.5 73.0000000000006 1
27.5 73.00000000000045 0
27.5 72.00000000000045 1
15.5 72.0000000000006 0
15.5 71.0000000000006 1
27.5 71.00000000000045 0
27.5 70.5 1
58.5 70.5 1
58.5 83.5 1
24.5 83.5 1
24.5 97.5 1
15.5 97.5 0
15.5 98.0000000000006 1
70.5 97.99999999999994 0
70.5 98.99999999999994 1
15.5 99.0000000000006 0
15.5 100.0000000000006 1
70.5 99.99999999999994 0
70.5 100.5 0