47.2405 48.447 0
44.17939157066407 49.5 1
32.46451017200813 49.5 0
43.4469 52.51179999999999 1
68.60382792874708 52.51179999999999 1
62.8501 54.8656 1
73.0865 62.52379999999999 0
71.71802877699722 61.5 1
28.85053115706717 61.5 0
28.3438 60.9894 0
27.95162356453378 61.5 1
0 61.5 0
0 64.5 1
26.4799213678382 64.5 0
29.21205305469963 67.5 1
0 67.5 0
0 70.5 1
31.94418474156106 70.5 0
33.8901 72.63669999999999 1
37.0538 69.76589999999999 0
36.24480175212484 70.5 1
72.52139733507906 70.5 0
74.31030000000001 69.07740000000001 1
68.0675 74.0419 0
68.74893283714371 73.5 1
0 73.5 0
0 76.5 1
69.80983967717853 76.5 0
71.93628653920027 79.5 1
61.73953317276518 79.5 0
62.0334 79.5872 1
54.75749999999999 77.4282 0
54.21249365065856 79.5 1
7.791674815244965 79.5 0
7.77632 79.42930000000001 1
3.16487 80.477 0
1.38730330276886 79.42930000000001 1
3.137408352743194 87.10040000000001 0
4.67595 87.10040000000001 1
9.197520000000001 85.97309999999999 0
9.094770875638009 85.5 1
76.18918026324374 85.5 0
74.062733401222 82.5 1
61.56701417525773 82.5 0
61.33759999999999 83.93279999999999 1
53.52119999999999 82.12790000000001 0
55.1326368884703 82.5 1
8.443222845441486 82.5 0
7.77632 79.42930000000001 0
7.465134054595762 79.5 1
2.941974635081682 79.5 0
2.925844950025667 79.42930000000001 1
0 79.42930000000001 1
0 87.10040000000001 0
0.06032505822958062 87.10040000000001 1
0 86.83598184167761 0
0 88.5 1
100 88.5 0
100 85.5 1
81.27853414752011 85.5 0
79.5284 93.94159999999999 1
72.5565 89.93559999999999 0
71.7665629070589 91.5 1
0 91.5 0
0 94.5 1
70.4996197842398 94.5 0
70.08930000000001 95.72829999999999 1
76.87440000000001 99.3441 0
73.41392018640411 97.5 1
0 97.5 0
0 100 1
100 100 0
100 97.5 1
77.59243864304617 97.5 0
79.19636262072567 94.5 1
100 94.5 0
100 91.5 1
75.27912615077386 91.5 0
77.84710000000001 87.839 1
84.52600000000001 83.28639999999999 0
83.96061000211134 82.5 1
100 82.5 0
100 79.5 1
81.80373055950454 79.5 0
79.64685111689775 76.5 1
100 76.5 0
100 73.5 1
77.48997167429096 73.5 0
75.33309223168413 70.5 1
100 70.5 0
100 67.5 1
34.80506884293284 67.5 0
31.8278 64.5 1
100 64.5 0
100 61.5 1
73.87909992385963 61.5 0
76.20162363120372 58.5 1
100 58.5 0
100 55.5 1
78.52414733854781 55.5 0
80.84667104589187 52.5 1
100 52.5 0
100 49.5 1
83.16919475323596 49.5 0
85.49171846058005 46.5 1
100 46.5 0
100 43.5 1
74.93297374371861 43.5 0
75.0301 44.02500000000001 1
70.7042867747561 45.1874 1
86.50790000000001 45.1874 1
68.60382792874708 52.51179999999999 0
60.78749014403851 52.51179999999999 1
83.56582583717469 46.39097692442476 0
76.4844834894356 45.1874 1
49.2270967146795 52.51179999999999 0
63.69807630774856 55.5 1
0 55.5 0
0 58.5 1
67.70805254237288 58.5 0
43.4469 52.51179999999999 0
43.44471725112057 52.5 1
0 52.5 0
0 49.5 1
29.03053930755092 49.5 0
31.549 51.0759 1
27.2886 48.41 0
28.62859927635863 46.5 1
0 46.5 0
0 43.5 1
12.17836024279211 43.5 0
20.8839 24.2102 1
14.9911 18.3332 0
19.4332560331756 13.5 1
16.26586207547633 13.5 0
14.8557 11.0514 1
10.7257 13.776 0
11.14406599867871 13.5 1
0 13.5 0
0 10.5 1
22.19053239242553 10.5 0
24.94780875167547 7.5 1
0 7.5 0
0 16.5 1
11.93300386069745 16.5 0
12.6245 18.0602 1
15.24201214869175 18.0602 1
18.97991079767007 13.99325331570556 1
12.6245 18.0602 0
16.16103687936022 19.5 1
0 19.5 0
0 22.5 1
19.16910221881913 22.5 0
20.8839 24.2102 0
22.46993629732671 22.5 1
100 22.5 0
100 19.5 1
25.25213071434234 19.5 0
28.03432513135797 16.5 1
100 16.5 0
100 13.5 1
42.05902013119425 13.5 0
42.0829 13.5902 1
38.283 14.4682 1
35.63977192956526 4.46397 1
35.0117 2.08681 1
38.8566 1.40369 0
38.31452493412577 1.5 1
0 1.5 0
0 4.5 1
27.70508511092541 4.5 0
27.7382 4.46397 1
35.63977192956526 4.46397 0
36.147798773031 6.386776981755938 1
34.17889561185504 4.46397 0
29.88509853728501 4.46397 1
37.64098758568508 12.03827731284978 0
36.99085416668795 13.5 1
30.81651954837361 13.5 0
33.91893403140024 10.5 1
33.59871396538925 10.5 0
33.7509 10.3359 1
37.98226519168314 14.4682 0
38.283 14.4682 0
42.0829 13.5902 0
41.26478946137983 10.5 1
100 10.5 0
100 7.5 1
40.47055879156542 7.5 0
39.67632812175101 4.5 1
100 4.5 0
100 1.5 1
38.8820974519366 1.5 0
100 25.5 1
0 25.5 0
0 28.5 1
100 28.5 0
74.41159999999999 40.6818 1
53.20506566249959 40.6818 0
49.63200000000001 41.724 1
46.5153 40.4182 0
46.48961138176617 40.5 1
29.99787628621137 40.5 0
28.7797 42.1465 1
24.3587 44.59480000000001 0
26.33562717395743 43.5 1
45.54748601866733 43.5 0
46.5153 40.4182 0
46.71054127737786 40.5 1
100 40.5 0
100 37.5 1
31.96108608596425 37.5 0
32.7466 35.8964 0
28.58664622612514 34.5 1
100 34.5 0
100 31.5 1
0 31.5 0
0 34.5 1
20.58057228028345 34.5 0
19.76963770500936 37.5 1
0 37.5 0
0 40.5 1
14.38219107073831 40.5 0
14.4217 40.1952 1
18.7434 41.29649999999999 0
18.95870312973527 40.5 1
15.61779022064833 40.5 0
21.1695 32.32129999999999 1
25.9618 33.6189 1
32.7466 35.8964 0
30.1971 44.26430000000001 1
34.09220000000001 46.6982 0
33.77500996754181 46.5 1
44.6053606555685 46.5 0
42.9558 49.8569 1
47.78948382033984 48.447 0
47.77152175671667 46.95418826242687 1
69.27570053463157 40.6818 0
58.56194395321025 40.6818 1
49.01184058557222 43.46739608747562 0
47.2405 48.447 0