64.76589999999999 53.2363 0
76.1422 60.8933 1
79.16079999999999 55.97135273341654 1
79.16079999999999 60.11450000000001 1
81.33099999999999 65.01390000000001 0
82.5 64.55094958447748 1
82.5 83.12000953299707 0
85.94110000000001 83.81880000000001 0
100 100 1
100 0 0
97.5 0 1
97.5 100 0
85.5 86.83118445818769 1
85.5 100 0
88.5 100 1
88.5 62.17481400437902 0
85.5 63.36288179442825 1
85.5 83.72922501671124 0
85.94110000000001 83.81880000000001 1
84.45349999999999 93.97800000000001 0
82.5 93.58291916672917 1
82.5 100 0
79.5 100 1
79.5 92.97619149853747 0
79.12029999999999 92.89940000000001 1
79.76419999999999 86.9923 0
79.5 86.81123395804494 1
79.5 89.41605496195061 0
78.82509999999999 86.34870000000001 1
79.3587 82.4821 0
79.5 82.51079404928294 1
79.5 60.88027111786933 0
79.16079999999999 60.11450000000001 1
87.28829999999999 56.93770000000001 1
89.5977 53.1721315187677 1
89.5977 38.95357249535755 1
92.5667 34.1125 0
91.5 33.44038148623517 1
91.5 0 0
94.5 0 1
94.5 100 0
91.5 100 1
91.5 35.85179674327986 0
89.5977 41.82271603767173 1
79.16079999999999 58.84049627573071 0
82.76198910145126 58.70690141033646 1
89.5977 47.56100312230006 0
88.5 54.96197499406375 1
88.5 59.45743156664068 0
89.5977 61.7401 1
87.28829999999999 56.93770000000001 0
76.5 60.30989288014855 1
76.5 100 0
73.5 100 1
73.5 59.11492518569307 0
70.5 57.09572737972803 1
70.5 100 0
67.5 100 1
67.5 55.076529573763 0
64.76589999999999 53.2363 0
64.76589999999999 53.2363 1
81.11359999999999 26.896 0
88.5 31.55010723734186 1
88.5 0 0
85.5 0 1
85.5 29.65983298844854 0
82.5 27.76955873955523 1
82.5 0 0
79.5 0 1
79.5 29.49591974895551 0
78.17330000000001 29.4521 1
77.24340000000001 24.9863 0
76.5 24.91725943256621 1
76.5 0 0
73.5 0 1
73.5 24.63864535898352 0
73.32400000000001 24.6223 1
73.06039999999999 28.9625 0
73.5 29.00459512409787 1
73.5 39.16344484422885 0
76.5 34.32968229659218 1
76.5 29.29186849146277 0
73.06039999999999 28.9625 0
72.5703 26.2756 0
64.5 0 1
64.5 100 0
61.5 100 1
61.5 0 0
58.5 0 1
58.5 9.114291722868391 0
59.6579 9.296279999999999 1
55.6336 16.944 0
55.5 16.93287728654141 1
55.5 100 0
58.5 100 1
58.5 11.49673597694009 0
55.6336 16.944 0
52.5 16.68311575678253 1
52.5 100 0
49.5 100 1
49.5 0 0
46.5 0 1
46.5 100 0
31.5 100 1
31.5 0 0
34.5 0 1
34.5 100 0
37.5 100 1
37.5 0 0
40.5 0 1
40.5 100 0
43.5 100 1
43.5 0 0
52.5 10.48013964688965 1
52.5 0 0
55.5 0 1
55.5 8.642778784449852 0
53.0033 8.25037 1
51.12569999999999 16.5687 0
22.5 42.80269412864159 1
22.5 0 0
19.5 0 1
19.5 40.76719732943188 0
16.5 38.73170053022218 1
16.5 0 0
13.5 0 1
13.5 36.69620373101247 0
5.60769 18.6103 1
2.74033 14.1557 0
4.5 16.88944322791697 1
4.5 0 0
1.5 0 1
1.5 100 0
4.5 100 1
4.5 19.34942387700681 0
10.5 34.66070693180278 1
10.5 0 0
7.5 0 1
7.5 100 0
10.5 100 1
10.5 40.05542744479288 0
13.5 42.11185950390988 1
13.5 100 0
16.5 100 1
16.5 44.16829156302688 0
19.5 46.22472362214388 1
19.5 100 0
22.5 100 1
22.5 48.2811556812609 0
25.5 50.3375877403779 1
25.5 100 0
28.5 100 1
28.5 0 0
25.5 0 1
25.5 44.8381909278513 0
70.5 43.99720739186552 1
70.5 27.13978166000526 0
72.5703 26.2756 1
71.02709999999999 22.9971 0
70.5 23.25424843240062 1
70.5 0 0
67.5 0 1
67.5 24.71781378470922 0
67.28890000000001 24.8208 1
68.392 28.0197 0
67.5 25.43297277672015 1
67.5 48.8309699395022 0
64.76589999999999 53.2363 0