54.7075 51.2195 0
54.7075 51.2195 1
52.01049999999999 57.41419999999999 0
55.5 59.22663407492648 1
55.5 100 0
58.5 100 1
58.5 60.78482356476154 0
61.5 62.3430130545966 1
61.5 100 0
64.5 100 1
64.5 61.98000203881909 0
63.742 63.50749999999999 1
65.5813 59.801 0
67.5 60.77817671489092 1
67.5 100 0
70.5 100 1
70.5 62.3060498293292 0
73.5 63.83392294376748 1
73.5 100 0
76.5 100 1
76.5 0 0
79.5 0 1
79.5 100 0
82.5 100 1
82.5 0 0
85.5 0 1
85.5 65.27490602980498 0
84.85669999999999 65.82769999999999 1
87.05009999999999 69.3629 1
91.2516 60.3325 0
88.5 66.24658988218491 1
88.5 100 0
85.5 100 1
85.5 66.86453512355249 0
84.85669999999999 65.82769999999999 0
88.5 62.69697674240409 1
88.5 0 0
91.5 0 1
91.5 100 0
94.5 100 1
94.5 0 0
97.5 0 1
97.5 100 0
100 100 1
100 0 0
58.5 32.16201291268627 1
58.5 22.00244233697621 0
59.3194 19.6075 1
55.458 30.8936 0
55.5 30.91111260431717 1
55.5 30.77084239912983 0
60.09529999999999 32.8272 1
54.4933 46.173 0
55.5 43.77471066404854 1
55.5 51.58912038769733 0
54.7075 51.2195 0