56.3379 22.7079 0
55.24072275776355 22.5 1
0 22.5 0
0 19.5 1
39.40843932000817 19.5 0
9.011769999999999 35.0757 1
15.5264 37.19110000000001 0
15.45509903399542 37.5 1
100 37.5 0
100 40.5 1
14.76263254641454 40.5 0
49.5926 80.0616 0
49.56266638670434 82.5 1
100 82.5 0
100 79.5 1
0 79.5 0
0 82.5 1
36.97008673030086 82.5 0
37.02042007183448 85.5 1
0 85.5 0
0 88.5 1
37.07075341336811 88.5 0
37.1251 91.73920000000001 0
49.4479 91.84889999999999 1
37.1251 91.73920000000001 0
37.12108675490173 91.5 1
0 91.5 0
0 94.5 1
100 94.5 0
100 97.5 1
0 97.5 0
0 100 1
100 100 0
100 91.5 1
49.45218306991423 91.5 0
49.48901084217759 88.5 1
100 88.5 0
100 85.5 1
49.52583861444097 85.5 0
56.45591652409183 22.5 1
100 22.5 0
100 25.5 1
0 25.5 0
0 52.5 1
100 52.5 0
100 55.5 1
0 55.5 0
0 58.5 1
100 58.5 0
100 61.5 1
0 61.5 0
0 64.5 1
100 64.5 0
100 67.5 1
0 67.5 0
0 70.5 1
100 70.5 0
100 73.5 1
0 73.5 0
0 76.5 1
100 76.5 0
100 49.5 1
0 49.5 0
0 46.5 1
100 46.5 0
100 43.5 1
14.07016605883365 43.5 0
13.7821 44.748 1
7.09544 43.08069999999999 0
8.777030918251064 43.5 1
0 43.5 0
0 40.5 1
7.713237980137414 40.5 0
8.43141287083073 37.5 1
0 37.5 0
0 34.5 1
100 34.5 0
100 31.5 1
0 31.5 0
0 28.5 1
100 28.5 0
100 1.5 1
0 1.5 0
0 4.5 1
100 4.5 0
100 7.5 1
30.77638843288711 7.5 0
37.15426837406987 10.5 1
100 10.5 0
100 13.5 1
43.53214831525263 13.5 0
49.9100282564354 16.5 1
100 16.5 0
100 19.5 1
56.28790819761815 19.5 0
57.7646 20.1946 1
27.1424 5.790660000000001 0
26.86348555874694 7.5 1
0 7.5 0
0 10.5 1
26.37397304294598 10.5 0
25.88446052714504 13.5 1
0 13.5 0
0 16.5 1
25.39494801134408 16.5 0
25.3404 16.8343 1
56.3379 22.7079 0
56.3379 22.7079 0