50.6161 29.449
18.3476 11.9667
6.78255 39.8209
29.658 49.0298
36.3237 32.7378
47.9812 37.4613

40.6883 14.1694
39.8062 8.76275
39.0797 8.81099
31.9332 10.6484
25.2631 10.7472
26.5437 15.7282
29.4765 16.3594
33.7372 16.0489

57.8469 16.921
53.48 5.75946
49.9453 6.97037
54.4239 18.3256

27.5762 7.07761
23.5289 0.123343
17.0908 4.3175
21.6316 10.91

21.2345 93.387
17.8228 88.4035
16.6908 93.689
17.5488 95.1532

41.7638 69.6143
37.5216 54.8152
30.0545 56.1009
35.5521 71.6963

48.8892 95.4022
46.4505 92.624
43.0751 95.1204
45.3943 97.9101

58.3306 36.2157
49.8554 35.5718
49.8358 41.2639
57.6519 41.5943

59.7684 32.8443
54.4787 27.5673
51.5928 30.2172
52.5181 31.3336
49.9695 33.3944
52.462 35.7013
58.3677 34.0956

60.502 69.5576
59.9647 56.5653
51.9337 58.6108
52.9866 69.9801

62.5244 90.1815
59.6006 88.2904
56.7521 94.0573
59.3894 95.31

71.0063 10.4497
67.895 9.75234
67.2799 12.0629
64.8776 11.816
64.1255 15.4612
62.027 15.4074
61.3605 20.9316
66.5226 21.5339
67.2843 18.3213
68.9776 18.1176

86.552 69.2184
82.7154 67.8095
82.6143 68.9434
72.7728 67.7992
68.7343 76.7731
81.9012 77.7948
81.472 83.8903
66.3051 82.6522
64.7721 86.1729
63.6242 93.9187
85.064 94.878

94.0083 27.1235
90.19 13.5272
80.6931 15.5376
81.4241 29.4387

98.2056 54.4521
97.8769 43.7442
88.4189 54.6086