42.82210000000001 51.5248 0
42.82210000000001 51.5248 1
27.3848 55.3747 0
27.40531105663153 55.5 1
7.909412877940982 55.5 0
18.8123 48.1129 1
23.0427 46.8991 0
23.25214543639703 46.5 1
100 46.5 0
100 43.5 1
27.20289777761461 43.5 0
26.40247190199965 40.5 1
100 40.5 0
100 37.5 1
25.60204602638471 37.5 0
23.3604 29.0983 1
14.6552 31.0783 0
14.75811107921524 31.5 1
0 31.5 0
0 28.5 1
67.06858433073012 28.5 0
67.59739999999999 28.3401 0
74.33010218168172 31.5 1
68.73399686349745 31.5 0
72.00202799378195 28.5 1
67.65491506012 28.5 0
67.59739999999999 28.3401 1
60.3137 30.5425 0
60.61614637292145 31.5 1
24.00119427515481 31.5 0
24.80162015076976 34.5 1
61.56375902959441 34.5 0
61.70229999999999 34.93859999999999 1
69.2098 32.8228 0
63.25858580206069 34.5 1
100 34.5 0
100 31.5 1
78.9969836531082 31.5 0
76.21979999999999 33.93510000000001 1
78.55719999999999 31.6786 1
81.124 30.6362 0
79.53247835303711 28.5 1
100 28.5 0
100 25.5 1
77.29740441759625 25.5 0
77.10339999999999 25.2396 1
74.1063 26.3278 0
76.38621121117441 25.5 1
0 25.5 0
0 22.5 1
100 22.5 0
100 19.5 1
0 19.5 0
0 16.5 1
77.86205480429464 16.5 0
69.77804760125034 13.5 1
0 13.5 0
0 10.5 1
63.65177736436817 10.5 0
63.3421 11.1116 1
79.20400000000001 16.998 0
79.40402189289324 16.5 1
100 16.5 0
100 13.5 1
80.60897305490064 13.5 0
81.81392421690805 10.5 1
100 10.5 0
100 7.5 1
83.01887537891545 7.5 0
83.30619999999999 6.78464 1
68.5701 0.786516 0
70.32297666150282 1.5 1
100 1.5 0
100 4.5 1
77.69333112566528 4.5 0
68.5701 0.786516 0
68.20883472099598 1.5 1
0 1.5 0
15.49022689056391 34.5 1
0 34.5 0
0 37.5 1
16.22234270191258 37.5 0
16.95445851326124 40.5 1
0 40.5 0
0 43.5 1
17.68657432460991 43.5 0
18.41869013595858 46.5 1
0 46.5 0
0 49.5 1
100 49.5 0
100 52.5 1
43.07010549743129 52.5 0
42.82210000000001 51.5248 0