9.88322 20.1124
5.48759 15.1542
0.439493 19.4058
4.95204 24.3911

11.696 44.6439
9.28311 41.3451
5.01071 45.6138
10.4142 45.7561

39.4062 22.3559
30.3935 19.9828
28.7192 28.1378
34.243 31.043
36.979 31.7442

48.4552 49.3734
40.0828 36.825
34.1589 40.6021
41.3372 53.8883

65.3739 44.5681
65.0792 40.9842
60.9182 41.4429
60.4952 39.8665
54.1286 40.378
54.7066 41.8854
53.8884 42.3425
54.9592 47.2528
57.1558 46.5538
58.0617 49.2155
62.1708 48.2227
62.2381 45.0349

75.4443 16.7095
71.3511 11.1447
60.1025 21.9134
64.3043 27.0594

69.4601 66.2667
61.8939 65.1766
61.0526 70.9763
68.6821 71.7329

81.0888 36.1948
80.3252 32.6808
76.4281 32.9826
74.6953 31.4577
69.0298 32.447
69.2707 36.0828
77.4403 38.0367

99.1838 39.3926
95.7285 26.2489
92.3436 39.5036
93.3503 41.8661