50.8022 35.828 0
61.52006001140322 67.5 1
0 67.5 0
0 64.5 1
60.50485478173002 64.5 0
59.4896495520568 61.49999999999999 1
0 61.49999999999999 0
0 58.49999999999999 1
58.4744443223836 58.49999999999999 0
57.4592390927104 55.49999999999999 1
0 55.49999999999999 0
0 52.49999999999999 1
56.44403386303721 52.49999999999999 0
55.42882863336401 49.49999999999999 1
0 49.49999999999999 0
0 46.49999999999999 1
54.41362340369081 46.49999999999999 0
53.39841817401759 43.49999999999999 1
0 43.49999999999999 0
0 40.49999999999999 1
52.38321294434439 40.49999999999999 0
51.36800771467119 37.5 1
0 37.5 0
0 34.5 1
54.3563376795766 34.5 0
50.8022 35.828 0