12.4667 76.1066
9.70331 67.7871
3.49487 69.8132
6.41792 78.617
8.03037 78.6223

30.477 9.64783
12.1947 5.95004
9.23291 24.4175
27.1473 28.0227

37.0704 53.3909
31.3002 47.9012
20.2936 58.4524
24.0633 62.1337
16.1687 70.4449
22.6 75.6252
32.3438 66.7974
28.7406 62.8203

42.8181 41.2673
37.6179 36.8974
34.2882 40.2468
34.9234 41.4285
32.3928 44.519
36.8404 48.1236

53.4738 39.2103
49.2632 34.0926
42.2926 39.4197
46.7594 44.1887

57.9092 4.91625
52.818 4.53722
51.8511 9.50828
57.2047 10.1614

46.3642 13.8624
43.5546 10.1273
35.5422 15.3946
38.7994 19.3405

73.1033 90.8858
50.8868 80.7711
47.0193 91.4056
69.6984 98.6296

76.0527 80.6463
74.2672 74.9509
71.2273 70.4477
66.7519 66.8496
63.0701 82.0108
70.7176 80.2986
71.4151 81.5641

93.9802 21.1326
80.9867 14.385
80.6881 15.5111
69.3161 13.813
68.4908 20.5187
81.4703 23.0267
82.1804 18.9502

97.7834 10.4906
97.6009 7.755
92.702 7.93962
92.9537 13.371
97.7059 12.8803

84.4591 4.27061
75.4145 0.773898
72.015 9.45171
79.9217 12.0579
83.4462 6.90718

77.1834 27.6048
73.4313 22.5887
70.8311 24.5624
74.8087 29.496

97.4299 79.4553
88.068 78.75
86.5381 97.997
95.8403 98.9638