52.6857 64.24889999999999 0
22.5 38.05096446793492 1
22.5 46.95075245493746 0
19.5 48.12662302608618 1
19.5 39.55740228516981 0
20.3868 40.5005 1
31.5781 27.528 1
27.2284 21.9418 0
25.5 23.85835161140234 1
25.5 0 0
28.5 0 1
28.5 23.57488088373911 0
27.2284 21.9418 1
20.7806 29.0915 0
19.5 30.02946721480739 1
19.5 0 0
22.5 0 1
22.5 27.18492811811781 0
16.5 32.22679787576489 1
16.5 0 0
13.5 0 1
13.5 50.47836416838361 0
16.5 49.30249359723489 1
16.5 36.36694993459407 0
14.1947 33.9153 1
20.3868 40.5005 0
25.5 45.77488188378874 1
25.5 34.57348642695665 0
28.5 31.09600838597839 1
28.5 45.25415410295068 0
28.0709 44.7672 1
28.9995 45.821 0
28.5 46.12680097090451 1
28.5 100 0
25.5 100 1
25.5 47.96344343879947 0
22.5 49.80008590669443 1
22.5 73.69547030324779 0
23.195 76.83699999999999 0
19.5 78.32519415726355 1
19.5 100 0
22.5 100 1
22.5 77.11691743959355 0
23.195 76.83699999999999 1
22.0804 71.7988 0
19.5 72.8463252025189 1
19.5 51.6367283745894 0
16.5 53.47337084248436 1
16.5 74.06418894750288 0
15.4267 74.4999 1
16.4242 79.56399999999999 0
16.5 79.53347087493353 1
16.5 100 0
13.5 100 1
13.5 68.56114698180627 0
11.9719 70.07470000000001 0
10.5 69.0126717771636 1
10.5 100 0
1.5 100 1
1.5 0 0
4.5 0 1
4.5 100 0
7.5 100 1
7.5 66.84806503179419 0
6.052580000000001 65.80369999999999 0
7.5 64.435251653233 1
7.5 0 0
10.5 0 1
10.5 51.65423473953231 0
10.3067 51.73 0
10.5 51.89708109064793 1
10.5 62.75771901698232 0
12.256 53.4149 1
13.1998 55.49379999999999 0
13.5 55.3100133103793 1
13.5 64.90979043563803 0
52.6857 64.24889999999999 0