52.6857 64.24889999999999 0
53.69499999999999 71.58189999999999 1
54.6588 71.6653 1
55.0538 73.83580000000001 0
55.5 73.67393614922008 1
55.5 100 0
52.5 100 1
52.5 27.06904764619645 0
52.6688 27.5953 1
50.8271 21.8536 1
48.0911 16.7121 0
52.5 15.04081448477373 1
52.5 0 0
49.5 0 1
49.5 16.17802706516313 0
48.0911 16.7121 0
49.5 19.35970941154971 1
49.5 100 0
46.5 100 1
46.5 0 0
43.5 0 1
43.5 21.58007278091448 0
40.5 18.95597522445391 1
40.5 0 0
37.5 0 1
37.5 16.33187766799334 0
37.30110000000001 16.1579 1
33.26649999999999 21.5972 0
34.5 19.93424046249938 1
34.5 0 0
31.5 0 1
31.5 27.42769831942433 0
31.5781 27.528 0
31.5 27.61853034500013 1
31.5 100 0
34.5 100 1
34.5 22.57798934732349 0
37.5 24.96337081629024 1
37.5 100 0
40.5 100 1
40.5 27.34875228525698 0
43.5 29.73413375422373 1
43.5 100 0
56.9751 78.0506 1
57.18219999999999 73.06370000000001 1
56.9751 73.13882775324188 1
56.9751 78.0506 0
58.5 77.67148197136089 1
58.5 100 0
61.5 100 1
61.5 76.92562710486649 0
62.5479 76.6651 1
61.6819 70.9579 0
61.5 70.99621460440986 1
61.5 0 0
64.5 0 1
64.5 100 0
67.5 100 1
67.5 72.41409264844287 0
85.5 100 1
85.5 0 0
88.5 0 1
88.5 100 0
91.5 100 1
91.5 0 0
94.5 0 1
94.5 100 0
97.5 100 1
97.5 0 0
100 0 1
100 100 0
82.5 100 1
82.5 0 0
79.5 0 1
79.5 13.78453145263342 0
80.79490000000001 12.975 1
79.59030000000001 18.8932 0
79.5 18.85980127305455 1
79.5 100 0
70.5 100 1
70.5 72.93877937186062 0
73.5 73.46346609527839 1
73.5 100 0
76.5 100 1
76.5 65.62748472642608 0
74.9948 73.72489999999999 1
78.4308 55.2405 0
76.5 54.92326875920645 1
76.5 17.75020901573057 0
75.75700000000001 17.4754 0
76.2115 15.8404 0
76.5 15.66003871798229 1
76.5 0 0
73.5 0 1
73.5 54.43036751496537 0
70.5 53.93746627072429 1
70.5 0 0
67.5 0 1
67.5 61.19834687387062 0
65.53829999999999 72.071 1
68.8587 53.6678 0
57.6888 63.2324 1
59.3689 71.4451 0
58.5 67.19772482590321 1
58.5 31.06981663998522 0
60.2178 30.3779 1
59.3048 25.1533 0
58.5 22.46809457946019 1
58.5 0 0
55.5 0 1
55.5 15.28813895999694 0
54.90170000000001 14.1304 1
57.51900000000001 19.195 1
59.3048 25.1533 0
60.2178 30.3779 0
55.5 32.27819358721753 1
55.5 63.6771073214607 0
52.6857 64.24889999999999 0