46.5429 54.0565 0
46.5 54.06637686041498 1
46.5 100 0
50.5338 96.17760000000001 1
79.2989 96.17760000000001 0
82.5 100 1
82.5 75.12058529751312 0
84.3083 74.31290000000001 1
74.70009999999999 53.9175 0
73.5 54.5947869119654 1
73.5 0 0
70.5 0 1
70.5 67.73166897900151 0
70.81639999999999 67.69656803621169 1
70.81639999999999 56.1093 0
70.81639999999999 59.66496215809471 1
75.22521060121142 69.14030812907444 0
70.81639999999999 66.77628647428412 1
71.23136084243973 67.66811374975046 0
71.19470000000001 67.65459999999999 1
76.93700000000001 69.7713 1
77.62979999999999 73.09610000000001 1
77.62979999999999 71.26025479585604 1
76.93700000000001 69.7713 0
77.62979999999999 70.75255145220214 1
80.15049999999999 76.16999999999999 0
79.5 74.77195569471078 1
79.5 100 0
79.2989 99.17760000000001 1
50.5338 99.17760000000001 0
49.5 100 1
49.5 28.1148312774459 0
49.0381 28.268 1
44.8117 13.6415 0
46.5 19.48427871237933 1
46.5 53.79094237797246 0
58.5 31.81182878544912 1
58.5 82.5922270401893 0
55.5 81.61885176275291 1
55.5 30.5573019653694 0
55.8896 31.6558 1
54.09350000000001 26.5916 0
52.5 27.12001385449223 1
52.5 80.64547648531649 0
52.4335 80.62389999999999 1
50.5338 88.66059999999999 0
50.5338 90.28152994084013 1
58.74326625939356 93.6438 0
62.70099999999999 93.6438 1
50.5338 93.6438 0
50.5338 93.52338982252039 1
50.82779877818068 93.6438 0
1.5 100 1
1.5 0 0
4.5 0 1
4.5 100 0
7.5 100 1
7.5 0 0
10.5 0 1
10.5 13.57266906526619 0
10.5016 13.5503 1
9.55716 26.7542 0
10.5 27.25291194193796 1
10.5 100 0
13.5 100 1
13.5 28.83975151791466 0
16.5 30.42659109389137 1
16.5 100 0
19.5 100 1
19.5 32.01343066986809 0
20.9188 32.76390000000001 1
23.0109 15.4784 0
13.5 14.01245336109934 1
13.5 0 0
16.5 0 1
16.5 14.47485333551838 0
19.5 14.93725330993741 1
19.5 0 0
22.5 0 1
22.5 15.39965328435644 0
23.0109 15.4784 0
22.5 19.69959494766025 1
22.5 100 0
25.5 100 1
25.5 0 0
28.5 0 1
28.5 60.18379150749973 0
31.5 56.9259950253588 1
31.5 0 0
34.5 0 1
34.5 53.66819854321787 0
37.5 50.41040206107694 1
37.5 0 0
46.5 0 1
46.5 12.97421025367541 0
49.5 11.78847949553185 1
49.5 0 0
52.5 0 1
52.5 12.85401190992318 0
51.7497 10.8993 1
56.5012 23.2781 0
55.5 20.66973326107545 1
55.5 0 0
58.5 0 1
58.5 22.77006341742896 0
61.5 22.00755103614365 1
61.5 0 0
64.5 0 1
64.5 30.68809469812505 0
61.65009999999999 21.9694 1
64.99420000000001 32.2 0
64.5 32.17046068580717 1
64.5 80.73884910635286 0
65.03219999999999 79.17269999999999 1
63.3369 84.16159999999999 0
61.5 83.56560231762569 1
61.5 31.99114473562815 0
46.5429 54.0565 0