68.35059999999999 51.7272 0
68.96588058760699 52.5 1
0 52.5 0
18.71949648763282 76.5 1
0 76.5 0
0 73.5 1
22.31168681123511 73.5 0
25.90387713483739 70.5 1
0 70.5 0
0 67.5 1
29.49606745843968 67.5 0
33.08825778204196 64.5 1
0 64.5 0
0 61.5 1
100 61.5 0
100 64.5 1
36.42334199199566 64.5 0
34.9823 62.9182 1
15.7005 79.0213 0
16.12706460511301 79.5 1
0 79.5 0
0 82.5 1
18.80033349029998 82.5 0
21.47360237548697 85.5 1
0 85.5 0
0 88.5 1
100 88.5 0
100 85.5 1
23.76062334447369 85.5 0
22.4939 86.64500000000001 1
41.1966 69.73949999999999 0
40.35525231137795 70.5 1
66.08947018093366 70.5 0
65.56960000000001 69.30719999999999 1
72.2483 66.63630000000001 0
72.61635364593883 67.5 1
100 67.5 0
100 70.5 1
73.89476158598339 70.5 0
74.77289999999999 72.5607 1
68.18559999999999 75.30940000000001 0
67.39699075672254 73.5 1
37.0363265179971 73.5 0
27.07954913785454 82.5 1
100 82.5 0
100 79.5 1
30.3984749312354 79.5 0
33.71740072461625 76.5 1
100 76.5 0
100 73.5 1
72.5218537272165 73.5 0
100 100 1
0 100 0
0 97.5 1
100 97.5 0
100 94.5 1
0 94.5 0
0 91.5 1
100 91.5 0
75.66292682519716 58.5 1
100 58.5 0
100 55.5 1
80.38122475930138 55.5 0
80.8897 55.1767 1
74.38820000000001 59.3105 0
73.74290378331332 58.5 1
0 58.5 0
0 55.5 1
71.35439218546014 55.5 0
70.08858110749185 67.5 1
39.15638408074707 67.5 0
43.5975 10.7788 0
43.33022333956183 7.5 1
56.34447438481897 7.5 0
56.9298 7.55588 0
56.93754176304712 7.5 1
100 7.5 0
100 10.5 1
43.57477316916855 10.5 0
43.5975 10.7788 1
28.3351 10.9989 0
27.8717 22.4463 0
27.84631465734586 22.5 1
100 22.5 0
100 19.5 1
0 19.5 0
0 16.5 1
100 16.5 0
100 13.5 1
0 13.5 0
0 10.5 1
28.30888374762008 10.5 0
28.15123941581056 7.5 1
0 7.5 0
0 4.5 1
27.99359508400105 4.5 0
27.9683 4.01863 1
43.04040000000001 3.94461 0
43.0856735099551 4.5 1
53.58350080555442 4.5 0
53.2094 7.200699999999999 1
56.9298 7.55588 0
57.35316970043729 4.5 1
100 4.5 0
100 1.5 1
0 1.5 0
21.34268141859806 25.5 1
0 25.5 0
0 22.5 1
22.46741274472233 22.5 0
23.1487 20.6828 1
27.8717 22.4463 0
26.42813909007564 25.5 1
100 25.5 0
100 28.5 1
25.00996352280541 28.5 0
24.9842 28.5545 1
22.859 27.5994 0
24.86293165113601 28.5 1
0 28.5 0
0 31.5 1
69.3653819406797 31.5 0
70.24160000000001 28.5361 1
76.32589999999999 30.8357 0
76.77424357830714 31.5 1
87.32841129595312 31.5 0
91.07470000000001 29.8254 1
85.88390000000001 32.14570000000001 0
85.95547713506087 34.5 1
76.04281207931476 34.5 0
74.9797514466851 37.5 1
100 37.5 0
100 34.5 1
91.30922787834902 34.5 0
91.15871582704045 31.5 1
100 31.5 0
100 40.5 1
0 40.5 0
0 43.5 1
100 43.5 0
100 46.5 1
0 46.5 0
0 49.5 1
71.64433327346205 49.5 0
74.30679692372823 37.5 1
0 37.5 0
0 34.5 1
68.47849163467714 34.5 0
68.35480000000001 34.91840000000001 1
74.89009999999999 37.753 0
74.5966460062983 49.5 1
100 49.5 0
100 52.5 1
78.82990035093465 52.5 0
77.60050000000001 50.9024 1
76.17330000000001 51.657 0
73.62010000000001 48.164 1
68.35059999999999 51.7272 0
68.35059999999999 51.7272 0