9.07429 22.4153
7.02075 17.4965
0.707633 19.9478
2.99853 24.9021

11.8849 9.25358
9.74815 8.42276
8.18476 13.4488
10.8025 14.4465

23.1795 26.1183
10.5735 26.2107
10.2784 30.1047
23.0844 30.0172

21.0195 51.3347
19.7365 37.8051
14.2515 50.3374
14.8627 52.8317

38.9815 7.94281
36.1794 2.23209
27.8356 7.16584
31.033 14.1754
35.7201 11.5074
35.1696 9.9897

37.1774 46.0432
35.2725 33.4614
31.5131 34.0917
33.6085 46.5564

57.084 53.4952
52.1235 42.431
34.9325 52.36
39.4691 62.274

74.7474 43.4399
59.9936 16.1319
55.6374 17.6096
71.0574 45.3251

55.0559 31.5756
49.8962 11.219
41.4538 12.0714
44.5086 24.4192
44.6333 32.9179
51.7679 31.2765

59.4843 12.9889
58.6418 10.2114
55.85 10.545
55.4532 8.5189
50.32 10.107
51.356 13.7279
54.9769 12.6918
55.6162 14.2866

59.7622 61.8666
57.2597 57.9357
41.2188 65.9058
45.4015 71.3827
50.0094 69.0573

63.4775 65.1286
57.4336 64.2504
56.502 76.1155
62.1287 77.1549

96.8462 86.9487
64.4618 58.4448
62.5904 60.391
94.7696 89.2526

92.1185 24.3151
86.3356 21.3055
83.0565 28.0514
88.9326 31.0248

95.7311 74.0653
90.933 71.5077
88.5277 75.5526
92.9258 77.819