50.2809 42.56010000000001 0
77.5 55.52857826567524 1
77.5 33.62878369396564 0
78.99459999999999 35.97620000000001 1
75.44990000000001 30.4089 0
77.5 29.02928820148072 1
77.5 0 0
80.5 0 1
80.5 27.01044258636058 0
80.94720000000001 26.7095 1
84.5342 32.1645 0
83.5 30.59172023975467 1
83.5 0 0
86.5 0 1
86.5 52.7732278417589 0
89.02029999999999 52.86199999999999 0
89.5 52.9920657077673 1
89.5 0 0
98.5 0 1
98.5 100 0
95.5 100 1
95.5 0 0
92.5 0 1
92.5 53.80548476822565 0
93.84180000000001 54.16930000000001 1
92.999 59.37050000000001 0
92.5 59.26848703378745 1
92.5 100 0
89.5 100 1
89.5 58.65518262769997 0
86.5 58.04187822161248 1
86.5 100 0
83.5 100 1
83.5 57.428573815525 0
80.5 56.81526940943752 1
80.5 100 0
62.5 91.78072418471558 1
62.5 100 0
65.5 100 1
65.5 78.3459222704623 0
66.25819999999999 74.95050000000001 1
62.20440000000001 93.1045 0
59.5 92.49847868080093 1
59.5 100 0
56.5 100 1
56.5 91.826217196702 0
53.7144 91.202 1
57.5932 72.90870000000001 0
59.5 73.35801381881132 1
59.5 4.739108344125563 0
58.6695 4.25304 1
58.6695 0 1
65.1694 0 1
65.1694 0.921111 0
65.5 0 1
65.5 74.77183955452972 0
62.5 74.0649266866705 1
62.5 6.326487409726267 0
62.4222 6.449389999999999 1
65.1694 2.10957 0
68.5 0 1
68.5 100 0
71.5 100 1
71.5 0 0
74.5 0 1
74.5 100 0
77.5 100 1
77.5 56.20196500335003 0
77.32749999999999 56.16670000000001 1
78.3227 52.48520000000001 0
80.5 52.5618907194137 1
80.5 34.94036109827424 0
83.5 32.87611458228031 1
83.5 52.6675592805863 0
44.5 33.54204503277913 1
44.5 0 0
47.5 0 1
47.5 38.22196769216825 0
50.2809 42.56010000000001 0