29.3913 66.4329
5.82867 55.0499
0.453295 66.7805
20.6639 76.2029

21.6015 53.1437
13.6166 39.7745
7.66229 42.7211
15.2632 55.891

8.12411 21.7122
3.60617 18.3726
1.77003 20.5979
6.488 23.8049

52.1707 77.6889
44.2349 76.8871
41.609 93.5935
49.5695 94.9947

66.8689 78.1372
53.9726 68.1351
49.5081 73.5561
62.4176 83.4389

70.0932 58.3553
66.3956 56.5148
60.9257 66.8031
64.8187 68.8923

51.3273 35.5062
43.5171 35.5506
43.5274 42.7617
51.0266 42.5347

77.041 8.11301
75.6686 2.84362
45.7991 9.74829
46.2737 11.9058

75.2332 30.2197
71.5413 30.4067
71.4027 34.6027
75.0296 34.5165

94.2174 71.9236
75.3982 69.8092
73.5201 86.5185
78.9246 87.076
93.6183 74.3477

84.4285 47.7145
80.6314 42.5997
76.1314 47.134
80.512 51.4497

86.197 12.2023
81.6695 12.1623
81.7987 15.7836
85.9529 15.5773

99.739 84.0521
96.103 81.0499
87.3337 87.3537
92.4253 91.9697