42.0248 54.68219999999999 0
42.96696021860501 55.5 1
100 55.5 0
100 52.5 1
85.84139359592155 52.5 0
85.71472258540322 49.5 1
100 49.5 0
100 46.5 1
85.5880515748849 46.5 0
85.46138056436658 43.5 1
100 43.5 0
100 40.5 1
37.37211738116592 40.5 0
38.8819 42.1103 0
39.62801972549136 43.5 1
72.41513406593407 43.5 0
72.52996923076924 46.5 1
39.06492124088288 46.5 0
40.693 45.4836 1
35.66379999999999 48.6233 0
34.58201891217566 46.5 1
0 46.5 0
0 43.5 1
33.05357579840319 43.5 0
32.80500000000001 43.0121 1
37.3138 40.4378 0
37.20485878879695 40.5 1
0 40.5 0
0 37.5 1
100 37.5 0
100 28.5 1
86.77277738531851 28.5 0
88.40790000000001 30.9897 0
87.97576992765536 31.5 1
100 31.5 0
100 34.5 1
0 34.5 0
0 31.5 1
85.7527226552879 31.5 0
83.21887799719133 28.5 1
0 28.5 0
0 25.5 1
100 25.5 0
100 22.5 1
0 22.5 0
0 19.5 1
42.69001779568994 19.5 0
51.0069 21.0965 0
51.80929999999999 17.6765 1
39.3669 15.1871 0
37.41330000000001 5.83479 1
44.87269999999999 0.5876760000000001 0
43.5757223384512 1.5 1
0 1.5 0
0 4.5 1
39.31086359896126 4.5 0
44.87269999999999 0.5876760000000001 0
44.9972353467867 1.5 1
100 1.5 0
100 4.5 1
45.3047615684667 4.5 0
45.40260000000001 4.46963 1
37.9365 6.787179999999999 0
45.92897397766531 16.5 1
100 16.5 0
100 19.5 1
51.38147064327485 19.5 0
51.0069 21.0965 1
38.5334 18.7021 0
39.05557648648649 16.5 1
0 16.5 0
0 13.5 1
100 13.5 0
89.56259529405318 10.5 1
100 10.5 0
100 7.5 1
89.31330887407603 7.5 0
89.19210000000001 6.04133 1
81.5479 6.00338 0
81.94082599834357 7.5 1
0 7.5 0
0 10.5 1
82.72845278071364 10.5 0
72.32740000000001 41.208 0
72.64480439560438 49.5 1
0 49.5 0
0 52.5 1
77.68440509802915 52.5 0
85.94390000000001 54.9277 1
72.70359999999999 51.036 0
42.0248 54.68219999999999 0