42.0248 54.68219999999999 0
46.42316058032554 58.5 1
100 58.5 0
100 61.5 1
49.87936094204608 61.5 0
53.33556130376661 64.5 1
100 64.5 0
100 67.5 1
56.79176166548714 67.5 0
59.6058 69.9426 1
54.3137 74.11920000000001 1
46.104 69.14279999999999 1
53.0192848995018 74.11920000000001 0
54.3137 74.11920000000001 1
46.84156493026815 74.11920000000001 1
50.4019 76.68129999999999 0
48.44323884856452 79.5 1
78.31065913466134 79.5 0
76.12530353753942 82.5 1
46.35859576689337 82.5 0
44.27395268522223 85.5 1
78.37519009957703 85.5 0
78.56213969029736 88.5 1
0 88.5 0
0 85.5 1
42.35013622792262 85.5 0
40.99837003784693 82.5 1
0 82.5 0
0 79.5 1
39.64660384777123 79.5 0
38.29483765769554 76.5 1
0 76.5 0
0 73.5 1
36.94307146761984 73.5 0
35.59130527754415 70.5 1
0 70.5 0
0 67.5 1
34.23953908746846 67.5 0
32.88777289739276 64.5 1
0 64.5 0
0 61.5 1
37.85310873161447 61.5 0
35.17423878613242 63.8751 1
49.40960371640058 74.11920000000001 0
50.14996262513471 76.5 1
80.49601473178325 76.5 0
82.68137032890516 73.5 1
55.09827796293636 73.5 0
67.68905811555905 91.5 1
0 91.5 0
0 94.5 1
65.3149757038922 94.5 0
63.93689999999999 96.2414 0
65.07703893997314 97.5 1
0 97.5 0
0 100 1
100 100 0
100 97.5 1
67.18165397544391 97.5 0
68.30198825684423 94.5 1
78.76077123675276 94.5 0
78.79239999999999 95.4554 1
90.10339999999999 92.67830000000001 0
89.66281259300234 91.5 1
100 91.5 0
100 94.5 1
82.68370006121495 94.5 0
78.79239999999999 95.4554 0
78.66145546352504 91.5 1
69.42232253824454 91.5 0
75.31999999999999 83.60550000000001 1
78.98009999999999 85.8751 0
81.2287 86.99940000000001 1
88.75149999999999 89.06280000000001 0
86.69962840942134 88.5 1
100 88.5 0
100 85.5 1
79.23900513966331 85.5 0
81.30969407325404 82.5 1
100 82.5 0
100 79.5 1
83.3803830068448 79.5 0
85.45107194043553 76.5 1
100 76.5 0
96.57958375935465 73.5 1
87.52176087402628 73.5 0
92.505 72.69329999999999 1
97.70189999999999 73.72219999999999 0
97.80216427918319 73.5 1
100 73.5 0
100 70.5 1
88.34835463403041 70.5 0
89.20529999999999 71.0609 1
85.99080000000001 68.95689999999999 0
84.86672592602707 70.5 1
58.89952778336446 70.5 0
59.6058 69.9426 1
42.0248 54.68219999999999 0
41.27944577614336 55.5 1
0 55.5 0
0 58.5 1
38.54520430931787 58.5 0
36.7458 60.4743 1
40.41718104170272 63.8751 1
46.104 69.14279999999999 0
40.78927103835899 64.21976693766055 1
40.31031635839727 63.8751 0
40.41718104170272 63.8751 1
32.6062 63.8751 0
42.0248 54.68219999999999 0