45.41759999999999 52.7629 0
46.5 52.32075666675583 1
46.5 100 0
43.5 100 1
43.5 74.26885194198675 0
40.5 73.89914607853638 1
40.5 100 0
37.5 100 1
37.5 73.52944021508603 0
34.5 73.15973435163565 1
34.5 100 0
31.5 100 1
31.5 72.79002848818527 0
28.5 72.42032262473489 1
28.5 100 0
22.5 100 1
22.5 0 0
19.5 0 1
19.5 100 0
25.5 100 1
25.5 72.05061676128452 0
24.957 71.9837 1
26.8539 51.9042 0
29.1833695848316 48.81642887936933 1
29.0158 46.84984817285485 0
13.5 49.48769181775185 1
13.5 13.80652638285556 0
10.5 20.51201905687816 1
10.5 100 0
7.5 100 1
7.5 27.21751173090076 0
5.99676 30.5775 0
1.0652 27.9299 0
1.5 25.23339423753811 1
1.5 0 0
4.5 0 1
4.5 9.843777416355032 0
3.99433 9.76427 1
1.0652 27.9299 0
1.5 28.16333049258247 1
1.5 100 0
4.5 100 1
4.5 29.77393646716252 0
5.99676 30.5775 1
14.5649 11.4263 0
7.5 10.31547288783859 1
7.5 0 0
10.5 0 1
10.5 10.78716835932216 0
13.5 11.25886383080572 1
13.5 0 0
16.5 0 1
16.5 51.31979019391456 0
17.043 51.6514 1
19.0583 54.34269999999999 0
17.4458 57.0697 0
16.5 56.49778041413917 1
16.5 100 0
13.5 100 1
13.5 54.68369841204307 0
25.5 66.23581213031792 1
25.5 0 0
28.5 0 1
28.5 52.12361556978304 0
29.0158 51.74632265344384 1
38.6087 53.02500050981452 0
38.6087 53.47104657049131 1
38.6087 54.1638221145674 1
37.5843 53.33450000000001 1
38.6087 53.47104657049131 0
39.51855391022487 43.37688041074779 1
40.18085947891394 55.43659312539334 0
43.32517843674184 57.98213514704521 1
43.00183013187215 52.09438808912086 0
42.4002 51.92789999999999 1
38.48820000000001 40.3194 1
38.48820000000001 46.29105359565807 1
37.50320000000001 28.3555 0
38.48820000000001 40.3194 1
39.53570000000001 34.7775 0
40.5 34.37555324358486 1
40.5 0 0
43.5 0 1
43.5 33.12507074929324 0
46.5 31.87458825500163 1
46.5 0 0
49.5 0 1
49.5 30.62410576071002 0
52.5 29.3736232664184 1
52.5 0 0
37.5 0 1
37.5 28.35581169027029 0
34.5 28.6480213186606 1
34.5 0 0
31.5 0 1
31.5 28.94023094705092 0
29.0158 29.1822 1
29.0158 48.79409282692164 1
30.7061 49.0194 1
38.6087 48.48520000000001 0
38.6087 49.99846683660483 1
31.07596925055508 48.99439757628546 0
45.41759999999999 52.7629 0