93.5 41.5 0
93.5 46.99999999999996 1
99.5 46.99999999999994 0
99.5 47.5 1
127.5 47.5 0
133.7928932188135 44.5 0
136.5 43.99999999999989 1
127.5 43.9999999999999 0
127.5 41.9999999999999 1
136.5 41.99999999999989 0
136.5 42.99999999999989 1
127.5 42.9999999999999 0
127.5 44.9999999999999 1
134.2928932188134 44.99999999999989 0
135.2928932188133 45.99999999999989 1
127.5 45.9999999999999 0
127.5 46.9999999999999 1
136.2928932188133 46.99999999999989 0
137.2928932188133 47.99999999999989 1
93.5 47.99999999999996 0
93.5 48.5 0
83.5 48.99999999999997 1
138.2928932188133 48.99999999999989 0
139.2928932188133 49.99999999999987 1
83.5 49.99999999999997 0
86.5 56.99999999999997 1
12.5 57.0000000000001 0
12.5 56.0000000000001 1
86.5 55.99999999999997 0
86.5 54.5 0
93.5 48.5 0
93.5 41.5 0