66.3997 37.361 0
64.77217191208882 34.5 1
0 34.5 0
0 31.5 1
63.06557133056714 31.5 0
58.91442799708932 28.5 1
61.35897074904545 28.5 0
60.902 27.6967 1
56.82170000000001 29.3458 0
56.44210622985598 28.5 1
0 28.5 0
0 25.5 1
55.09571073395618 25.5 0
53.74931523805638 22.5 1
0 22.5 0
0 19.5 1
52.50123104066985 19.5 0
52.42149999999999 19.5414 1
58.2176 16.5318 0
59.98492492156304 19.5 1
100 19.5 0
100 16.5 1
0 16.5 0
0 13.5 1
100 13.5 0
100 10.5 1
0 10.5 0
0 7.5 1
100 7.5 0
100 4.5 1
0 4.5 0
0 1.5 1
100 1.5 0
100 22.5 1
61.7711841913862 22.5 0
63.2277 24.9462 1
67.21899999999999 23.2166 0
68.31076083002779 25.5 1
100 25.5 0
100 28.5 1
69.74514923770204 28.5 0
71.17953764537629 31.5 1
100 31.5 0
100 34.5 1
72.19883271880266 34.5 0
72.53469999999999 34.3343 1
66.3997 37.361 0
66.3997 37.361 0