62.8039 44.2646 0
70.10900000000001 35.4838 1
71.29769999999999 40.2323 0
71.5 40.15233616561933 1
71.5 45.78374863161254 0
74.5 38.96651558656849 1
74.5 100 0
71.5 100 1
71.5 46.14645667681985 0
71.577 45.7972 1
67.04640000000001 66.34710000000001 0
65.5 65.63940335228045 1
65.5 81.71037340859203 0
67.13200000000001 83.60319999999999 1
63.3052 79.16480000000001 0
62.5 79.74411007542062 1
62.5 67.90474523122825 0
63.6152 65.75749999999999 1
58.9713 63.60146840729996 1
58.9713 62.6516 0
58.75490000000001 63.501 1
54.69199999999999 71.40979999999999 0
56.5 72.18144253652167 1
56.5 88.3553604608295 0
59.5 85.5916232595853 1
59.5 100 0
62.5 100 1
62.5 87.67121137628291 0
65.5 85.03648898231731 1
65.5 100 0
68.5 100 1
68.5 59.7538596698009 0
76.8794 63.61020000000001 0
77.5 63.5408085669544 1
77.5 100 0
80.5 100 1
80.5 63.20536818806814 0
76.8794 63.61020000000001 1
75.75540000000001 47.6542 0
84.5591 24.4155 1
85.35210000000001 15.33 0
86.5 12.55633642142 1
86.5 86.28279668198061 0
85.97020000000001 88.53190000000001 1
87.1456 83.5421 0
89.5 84.33314761529033 1
89.5 10.31257592409205 0
90.53809999999999 9.536159999999999 1
90.53809999999999 0 0
90.53809999999999 1.5 1
79.84450000000001 1.5 0
79.84450000000001 2.06078 1
85.3553 2.06078 0
87.18055222556259 2.06078 1
90.53809999999999 6.903518574144066 0
98.5 0 1
98.5 100 0
95.5 100 1
95.5 0 0
92.5 0 1
92.5 85.34110838910573 0
94.24289999999999 85.92670000000001 1
92.92850000000001 90.5635 0
92.5 90.4383917695414 1
92.5 100 0
89.5 100 1
89.5 89.56248817239842 0
86.5 88.68658457525544 1
86.5 100 0
83.5 100 1
83.5 23.7449680905054 0
81.24879999999999 22.3197 1
84.28659999999999 15.1166 0
83.5 16.98175190598459 1
83.5 9.773744121715076 0
82.27600000000001 10.0806 1
79.84450000000001 6.031739999999999 1
79.84450000000001 0 0
82.78950181725969 2.06078 1
79.84450000000001 4.182882855531959 0
79.84450000000001 6.031739999999999 0
80.5 7.123258704503392 1
80.5 51.48243800230993 0
82.07980000000001 58.0294 1
79.56890000000001 47.6238 0
77.5 47.64029260784056 1
77.5 0 0
74.5 0 1
74.5 34.23170600315956 0
71.5 35.08715624012638 1
71.5 0 0
68.5 0 1
68.5 45.25966934378954 0
65.5 44.73559005596654 1
65.5 0 0
62.5 0 1
62.5 45.72256829828315 0
62.8039 44.2646 0