62.8039 44.2646 0
23.5 45.56515644649778 1
23.5 0 0
26.5 0 1
26.5 100 0
23.5 100 1
23.5 60.19968723341746 0
20.5 60.37916722219997 1
20.5 100 0
17.5 100 1
17.5 52.47323508241051 0
18.4853 60.4997 1
16.9321 47.84699999999999 0
5.5 50.17068888748379 1
5.5 100 0
8.5 100 1
8.5 44.63352597768012 0
10.1637 41.5628 1
5.41905 50.3201 1
3.4454 46.65770000000001 0
5.5 45.09957048211601 1
5.5 0 0
2.5 0 1
2.5 100 0
0 100 1
0 0 0
8.5 0 1
8.5 42.82448601134216 0
11.5 38.74974648648649 1
11.5 100 0
14.5 100 1
14.5 47.83579216589862 0
11.9194 47.82389999999999 1
11.2534 33.4143 0
11.5 33.39701213407947 1
11.5 0 0
14.5 0 1
14.5 33.1866974635134 0
17.5 32.97638279294733 1
17.5 0 0
20.5 0 1
20.5 45.63398695430875 0
20.1769 45.6414 1
18.3656 32.9157 0
44.5 23.46609399646577 1
44.5 71.9390530284561 0
47.5 71.18095817477297 1
47.5 26.21260627325149 0
48.9605 27.5497 0
50.5 26.18193143489221 1
50.5 70.42286332108981 0
51.33880000000001 70.21090000000001 1
56.8723 89.66419999999999 0
56.5 89.54204450194806 1
56.5 100 0
53.5 100 1
53.5 88.55771333311688 0
50.5 87.5733821642857 1
50.5 100 0
47.5 100 1
47.5 95.80209992213608 0
48.1811 95.65880000000001 1
47.10169999999999 92.6157 0
47.5 93.73860784695202 1
47.5 86.58905099545456 0
44.5 85.60471982662338 1
44.5 93.16306648390864 0
44.0193 93.26419999999999 1
45.0988 96.3073 0
44.5 94.61928862436312 1
44.5 100 0
41.5 100 1
41.5 84.6203886577922 0
41.4723 84.6113 1
38.9513 73.34119999999999 0
41.5 72.69714788213926 1
41.5 0 0
38.5 0 1
38.5 100 0
35.5 100 1
35.5 0 0
32.5 0 1
32.5 100 0
29.5 100 1
29.5 0 0
47.5 16.11830077064091 1
47.5 0 0
44.5 0 1
44.5 19.43965803276392 0
42.5093 21.6436 1
51.0736 12.1619 0
50.5 12.79694350851792 1
50.5 0 0
53.5 0 1
53.5 14.31648092408026 0
56.5 16.98040392615773 1
56.5 0 0
59.5 0 1
59.5 60.11514774826489 0
56.5 67.89036550739618 1
56.5 20.85123225291969 0
53.5 23.51658184390595 1
53.5 77.8087082515587 0
59.5 81.90249336685361 1
59.5 73.46182285154657 0
59.5932 73.5016 1
63.6152 65.75749999999999 1
63.6152 64.77684085769835 1
58.9713 62.6516 1
62.8039 44.2646 0
62.8039 44.2646 0