48.9384 49.8009 0
50.56383565156305 41.5 1
38.66897291947615 41.5 0
39.4886518015368 44.5 1
55.15941720746582 44.5 0
56.5433 45.4034 0
57.00842647255283 44.5 1
84.94924368184735 44.5 0
85.53149999999999 43.2106 1
90.92840000000001 45.012 0
89.39447483068724 44.5 1
100 44.5 0
100 41.5 1
58.55301294328395 41.5 0
59.9348 38.81619999999999 0
57.35761044511082 35.5 1
100 35.5 0
100 38.5 1
59.68906471948135 38.5 0
77.71090000000001 54.1105 1
71.71539999999999 56.3772 0
71.67394835054981 56.5 1
0 56.5 0
0 53.5 1
100 53.5 0
100 56.5 1
78.60406772501872 56.5 0
79.72543335592738 59.5 1
100 59.5 0
100 62.5 1
80.84679898683601 62.5 0
80.85419999999999 62.5198 1
68.0686 67.1808 0
72.67920641064148 65.5 1
100 65.5 0
100 68.5 1
39.33683156860795 68.5 0
39.12757608544288 71.5 1
100 71.5 0
100 74.5 1
0 74.5 0
0 77.5 1
33.3424321621454 77.5 0
28.6507 77.06139999999999 1
63.11450000000001 80.28319999999999 0
63.1332 78.1952 1
34.12479999999999 75.4727 0
31.0773 73.84350000000001 0
31.45001889143084 68.5 1
26.47176709714265 68.5 0
26.6258 69.32749999999999 1
19.1549 71.0498 0
18.68729880297695 68.5 1
0 68.5 0
0 71.5 1
31.24076340826578 71.5 0
0 98.5 1
100 98.5 0
100 95.5 1
0 95.5 0
0 92.5 1
100 92.5 0
100 89.5 1
0 89.5 0
0 86.5 1
76.6174379121733 86.5 0
74.8074 86.27789999999999 0
72.31888812805127 83.5 1
0 83.5 0
0 80.5 1
72.99623689053789 80.5 0
75.7106 77.5745 1
82.6617 84.07509999999999 0
80.43607385440581 86.5 1
100 86.5 0
100 83.5 1
82.04674482509307 83.5 0
78.83884093929791 80.5 1
100 80.5 0
100 77.5 1
55.72580250505052 77.5 0
57.65783194141748 65.5 1
25.91333965475949 65.5 0
25.6154 63.8994 1
18.0978 65.28550000000001 0
18.13713659767882 65.5 1
0 65.5 0
0 62.5 1
57.2832700026153 62.5 0
37.55325975745575 50.5 1
88.27578661831282 50.5 0
88.44499999999999 50.5655 0
89.81582249032141 47.5 1
100 47.5 0
100 50.5 1
88.47429012334564 50.5 0
88.44499999999999 50.5655 1
83.1379 48.5112 0
83.59452912123155 47.5 1
48.4448788769995 47.5 0
48.9384 49.8009 0