48.36369999999999 38.8826 0
46.5 43.83688185129162 1
46.5 100 0
43.5 100 1
43.5 51.81179495633796 0
40.5 59.78670806138432 1
40.5 100 0
37.5 100 1
37.5 67.76162116643064 0
34.5 75.73653427147701 1
34.5 100 0
31.5 100 1
31.5 83.71144737652335 0
29.7205 88.4419 0
28.5 87.72955225156792 1
28.5 100 0
25.5 100 1
25.5 85.97859506574557 0
29.7205 88.4419 1
48.36369999999999 38.8826 0
43.5 36.97963152720378 1
43.5 0 0
40.5 0 1
40.5 35.80585324762473 0
38.9753 35.2093 1
19.9784 82.7559 0
22.5 84.22763787992321 1
22.5 100 0
19.5 100 1
19.5 44.14529757936508 0
16.5 43.19470234126985 1
16.5 100 0
13.5 100 1
13.5 0 0
10.5 0 1
10.5 100 0
7.5 100 1
7.5 0 0
4.5 0 1
4.5 100 0
1.5 100 1
1.5 0 0
19.5 29.99321970170349 1
19.5 0 0
16.5 0 1
16.5 42.31111481875388 0
16.3706 43.1537 1
17.4989 35.8068 1
20.1875 27.9959 0
22.5 28.60706706388868 1
22.5 0 0
25.5 0 1
25.5 29.39993244406858 0
26.691 29.7147 1
24.1798 37.3896 1
22.9226 45.2298 0
22.5 45.09589281746032 1
22.5 76.44468571977532 0
25.5 68.93610274044713 1
25.5 33.35471509238612 0
28.5 61.42751976111892 1
28.5 0 0
31.5 0 1
31.5 53.91893678179072 0
34.5 46.41035380246251 1
34.5 0 0
37.5 0 1
37.5 38.9017708231343 0
38.9753 35.2093 0
100 0 1
100 100 0
97.5 100 1
97.5 0 0
94.5 0 1
94.5 100 0
91.5 100 1
91.5 0 0
88.5 0 1
88.5 100 0
85.5 100 1
85.5 0 0
82.5 0 1
82.5 100 0
79.5 100 1
79.5 0 0
76.5 0 1
76.5 100 0
73.5 100 1
73.5 0 0
70.5 0 1
70.5 100 0
67.5 100 1
67.5 0 0
64.5 0 1
64.5 100 0
61.5 100 1
61.5 0 0
58.5 0 1
58.5 100 0
55.5 100 1
55.5 0 0
52.5 0 1
52.5 100 0
49.5 100 1
49.5 0 0
46.5 0 1
46.5 38.15340980678283 0
48.36369999999999 38.8826 0