50.0532 50.6537 0
30.18044114386544 34.5 1
83.32832875965224 34.5 0
82.8477 35.35420000000001 1
87.9973 37.77930000000001 0
89.70014789422135 34.5 1
100 34.5 0
100 37.5 1
88.14233260356053 37.5 0
87.9973 37.77930000000001 0
87.40421794977527 37.5 1
28.97062905935206 37.5 0
29.6788 40.026 1
27.4312 40.9093 0
28.47268384467338 40.5 1
100 40.5 0
100 43.5 1
26.97000569025235 43.5 0
27.9452 43.2444 1
24.8609 44.0528 0
24.73833713422351 43.5 1
0 43.5 0
0 40.5 1
24.07319857176063 40.5 0
23.40806000929776 37.5 1
0 37.5 0
0 34.5 1
24.34313817029777 34.5 0
23.7573 32.14709999999999 1
28.62 30.3131 0
25.47303237186478 31.5 1
0 31.5 0
0 28.5 1
62.61851997398026 28.5 0
63.7196 31.3082 1
75.21209999999999 25.838 0
75.09302841456366 25.5 1
100 25.5 0
100 22.5 1
74.03618002311694 22.5 0
78.00810872683994 19.5 1
100 19.5 0
87.89404704315029 28.5 1
100 28.5 0
100 31.5 1
91.25796318488219 31.5 0
91.60249999999999 30.8365 1
87.01570000000001 27.9466 0
86.70432098385442 28.5 1
69.61942788563491 28.5 0
85.01632487175334 31.5 1
29.06235295652007 31.5 0
28.33201611261333 10.5 1
47.9804362584966 10.5 0
45.7934065852571 13.5 1
0 13.5 0
0 10.5 1
18.01112953901946 10.5 0
17.2722 9.449649999999998 0
27.55566438707152 4.5 1
0 4.5 0
0 7.5 1
23.18007827601807 7.5 0
21.5742 8.442910000000001 1
25.866 5.922929999999999 1
29.7497 2.65232 0
30.68042963920207 4.5 1
100 4.5 0
100 1.5 1
0 1.5 0
9.471530000000001 14.1497 1
6.00507 17.5555 0
7.07936929238358 16.5 1
0 16.5 0
0 19.5 1
7.308730471111739 19.5 0
6.85432 19.1471 1
8.67737 20.5629 1
12.4613 17.2772 0
11.7183266206235 16.5 1
48.00972409148244 16.5 0
45.1459 14.3882 1
59.8747 25.2493 0
59.89960083847073 25.2493 1
69.81930869214364 20.647 0
64.3888 18.8874 1
49.15170000000001 8.893350000000002 0
51.60122613955303 10.5 1
72.91273224604788 10.5 0
73.75475634682897 13.5 1
56.17507758116079 13.5 0
60.74892902276855 16.5 1
74.59678044761006 16.5 0
73.38339999999999 20.647 1
63.14027198792813 20.647 1
59.8747 25.2493 1
63.46369214632711 25.2493 1
61.67019999999999 26.0814 0
62.92333824525247 25.5 1
0 25.5 0
0 22.5 1
56.14635850236164 22.5 0
52.07804129692204 19.5 1
9.901443773320754 19.5 0
25.1419 12.285 1
28.5127 10.3989 1
32.26779999999999 7.65124 0
32.19161605546797 7.5 1
75.85805406759684 7.5 0
72.3081 8.345790000000001 1
83.77520000000001 5.613709999999999 0
84.20498109685732 7.5 1
100 7.5 0
100 10.5 1
84.8885150659564 10.5 0
85.5720490350555 13.5 1
100 13.5 0
100 16.5 1
86.2555830041546 16.5 0
86.38730000000001 17.0781 1
75.63159999999999 20.1869 0
75.43880454839115 19.5 1
63.9541283358745 19.5 0
61.67019999999999 26.0814 0
60.75653038098766 46.5 1
0 46.5 0
0 49.5 1
53.02607533055961 49.5 0
50.0532 50.6537 0