50.0532 50.6537 0
50.0532 50.6537 1
61.8826 46.063 0
62.03580243733221 46.5 1
100 46.5 0
100 49.5 1
62.73782004266667 49.5 0
63.0448 49.3781 1
51.2403 54.0656 0
50.69558187813242 52.5 1
30.56436641393891 52.5 0
30.7049 52.1472 1
24.6309 49.73820000000001 0
23.73991274187508 52.5 1
0 52.5 0
0 55.5 1
22.77207952644501 55.5 0
22.3051 56.94750000000001 1
27.9729 59.0057 0
26.58032082402099 58.5 1
0 58.5 0
0 61.5 1
100 61.5 0
100 58.5 1
28.17433944011081 58.5 0
29.36935292702486 55.5 1
100 55.5 0
100 52.5 1
55.18294004266667 52.5 0
79.90473066892932 64.5 1
0 64.5 0
0 67.5 1
78.87879082581517 67.5 0
77.852850982701 70.5 1
61.17578969619851 70.5 0
61.06440000000001 70.43209999999999 0
61.72492568600734 73.5 1
24.53363317089471 73.5 0
24.295 75.1627 1
20.1798 74.33160000000001 0
20.276435 73.5 1
0 73.5 0
0 76.5 1
63.30521216807406 76.5 0
62.2021 75.71629999999999 1
63.5856 76.69919999999999 0
63.75368536304265 76.5 1
100 76.5 0
100 79.5 1
0 79.5 0
0.7779038141674759 83.67500000000001 1
0 84.70614357003029 0
0 83.67500000000001 1
0 90.24809999999999 0
0 89.6874622415657 1
4.535854604722491 83.67500000000001 0
0 82.5 1
100 82.5 0
100 85.5 1
6.123156512604403 85.5 0
5.643693245652736 88.5 1
100 88.5 0
100 91.5 1
0 91.5 0
0 100 1
100 100 0
100 97.5 1
0 97.5 0
0 94.5 1
100 94.5 0
83.84686306233948 64.5 1
100 64.5 0
100 67.5 1
82.81173477347551 67.5 0
81.77660648461151 70.5 1
100 70.5 0
100 73.5 1
80.74147819574753 73.5 0
80.2235 75.00120000000001 1
76.70650000000001 73.85210000000001 0
76.82691113958683 73.5 1
66.09727848258311 73.5 0
66.22130000000001 73.57560000000001 1
61.06440000000001 70.43209999999999 0
61.07901902085462 70.5 1
0 70.5 0
50.0532 50.6537 0