46.0057 52.53449999999999 0
46.98956149070736 48.86854012137954 1
55.89351970196716 38.36624562882447 0
52.94950756996126 37.19964224927858 1
48.81125242810936 42.0807494101476 0
55.93899999999999 46.11969999999999 0
56.64548114589198 46.75748219769282 1
96.28697737770207 0 0
100 4.898639707124257 1
61.10128787474089 50.78000172923912 0
58.87338451031644 48.76874196346597 1
100 0.2595489611303187 0
100 0 1
100 100 0
98.03346448864801 100 1
100 97.68045462700303 0
100 93.04136388100909 1
94.10039346594399 100 0
90.16732244324001 100 1
100 88.40227313501515 0
100 83.76318238902121 1
86.234251420536 100 0
82.30118039783201 100 1
100 79.12409164302727 0
100 74.48500089703333 1
78.368109375128 100 0
74.43503835242399 100 1
100 69.84591015103939 0
100 65.20681940504545 1
70.50196732972 100 0
66.56889630701599 100 1
100 60.56772865905153 0
100 55.92863791305759 1
62.63582528431201 100 0
58.70275426160801 100 1
100 51.28954716706365 0
100 46.65045642106971 1
54.76968323890401 100 0
50.8366122162 100 1
100 42.01136567507577 0
100 37.37227492908183 1
92.16910484787016 46.60888241045869 0
92.20410000000001 46.8002 1
69.7886 49.2161 0
69.3921 44.6797 1
91.40170000000001 42.4135 0
91.47112803322042 42.79306125788639 1
100 32.73318418308789 0
100 28.09409343709395 1
87.52109951007526 42.8130627739835 0
83.21185693589254 43.25676032058195 1
100 23.45500269110001 0
100 18.81591194510607 1
78.90261436170982 43.70045786718038 0
74.59337178752708 44.1441554137788 1
100 14.17682119911213 0
100 9.537730453118197 1
70.28412921334436 44.58785296037725 0
69.3921 44.6797 0
69.46819048882048 45.55025963047966 1
63.32919123916534 52.79126149501226 0
65.76509999999999 54.9903 1
44.42700000000001 77.10059999999999 0
43.52378407773142 76.15190780749177 1
38.92051227184541 81.58150608138689 0
43.53433159475176 80.77855766738938 1
62.74302551837475 58.12173969758689 0
65.76509999999999 54.9903 0
65.5570946035898 54.80252126078541 1
70.34407983413627 49.15623143890211 0
91.98707278222815 46.82359078117442 1
46.903541193496 100 0
45.85290000000001 94.5455 1
41.22851624279191 100 1
14.01505550495621 100 0
14.09301147839402 99.90805026584272 1
30.0652 97.21119999999999 0
29.52526969107984 97.30236541513256 1
29.996147744539 96.74696074339283 0
29.40910848713464 92.80028779785025 1
24.93511857316877 98.07739697989601 0
22.55798269239758 100 1
44.3477164536387 96.32087680362937 0
40.57707605108328 100 1
41.33734936091609 99.87163041088814 0
42.970470170792 100 1
87.65847419260979 47.29011891271995 0
83.32987560299139 47.75664704426549 1
45.57472892735937 92.28916388555874 0
45.07540984134071 88.23902425127261 1
79.00127701337303 48.22317517581102 0
74.67267842375463 48.68970330735657 1
44.57609075532207 84.18888461698648 0
44.1426 80.67269999999999 1
28.0225 83.47810000000001 0
28.23502997232592 84.90694190676513 1
15.75481633734661 99.62746010942286 0
20.34496745525769 98.85242854465943 1
28.82206922973028 88.85361485230769 0
11.50590198916001 100 1
37.28245680501517 69.59633420816598 0
39.36289922925393 71.78152540794125 1
29.69287362603274 83.18740290938194 0
34.30669294893907 82.3844544953844 1
41.44334165349268 73.96671660771651 0
35.39409999999999 67.6129 1
55.93899999999999 46.11969999999999 0
46.0057 52.53449999999999 0