46.0057 52.53449999999999 0
46.0057 52.53449999999999 1
51.81059999999999 30.9049 0
50.63294336551135 35.29295869891568 1
55.89608010619092 29.08504411826286 0
53.71939999999999 34.56699999999999 1
59.1671 20.847 0
58.99227734188671 20.79396238075783 1
50.72939265627809 30.54010519357396 0
47.67113068078872 29.50826047680729 1
72.68855124147808 0 0
68.75548021877407 0 1
44.61286870529936 28.47641576004062 0
43.7859 28.1974 1
37.1562 48.3733 0
38.86290172361831 49.17582299139166 1
0 95.0149463399857 0
0 90.37585559399176 1
38.13460225902645 45.39576766250484 0
28.85751050200304 47.05999485607273 1
43.11283147275262 30.24572244277876 0
40.62371686588953 37.8207450526418 1
0 85.73676484799782 0
0 81.09767410200388 1
22.05236138707084 55.08672615635993 0
19.46754874788431 53.49644391785499 1
0 76.45858335600994 0
0 71.819492610016 1
16.88273610869778 51.90616167935005 0
15.8198 51.2522 1
21.3051 44.0855 0
15.9842 49.93559999999999 1
10.8696 54.02330000000001 0
11.75397532396637 53.31648793028246 1
0 67.18040186402206 0
0 62.54131111802813 1
9.156940629935072 51.74062170948991 0
0 57.90222037203419 1
7.310415309829159 49.27952329450085 0
6.552759999999999 48.2697 1
11.6162 44.29049999999999 0
11.38836115729423 44.4695514596588 1
30.86385399624997 21.49804189847223 0
30.828 20.8424 1
30.9069 22.2852 0
28.03785495272042 20.19224107664866 1
0 53.26312962604025 0
0 48.62403888004631 1
24.75360864917486 19.42694679819683 0
23.1956 19.0639 1
33.09569999999999 7.005409999999999 0
33.88305422094372 8.658688044778515 1
41.22398305984608 0 0
45.15705408255008 0 1
35.29771396705213 11.62917557994364 0
35.56480000000001 12.19 0
36.0324614107133 15.40162546263891 1
49.09012510525407 0 0
53.02319612795807 0 1
35.97556068873908 20.1078310944885 0
36.3477 17.5665 1
35.4829 23.4722 0
33.54860223501481 22.97044924671385 1
13.45665963453109 46.66906654828101 0
15.33340186256956 49.09452386318485 1
56.95626715066207 0 0
57.45249874920982 4.053781352035934 1
60.88933817336607 0 0
58.622 5.06925 1
30.3617 37.7777 0
30.65838363223823 38.05257350558273 1
28.38109999952674 35.94269999956153 0
28.35527571413245 35.97315996397595 1
28.57500806548109 36.12235328696244 0
28.3811 35.9427 0
15.20319582670673 22.64012087937188 1
15.88481559337779 16.05440160914963 0
17.06550581972136 19.21694802767102 1
21.32078465221905 14.19781042768633 0
13.6014 26.4372 1
13.826307659622 24.26417219121581 1
16.92090424205147 20.6140691839662 1
17.266 17.2798 1
24.2452 11.975 0
29.42476999173407 0 1
21.90784509878791 8.866276888441146 0
23.75643745281464 11.32493721932789 1
33.35784101443808 0 0
37.29091203714208 0 1
0 43.98494813405237 0
0 39.34585738805843 1
12.24895934134516 24.89810559296789 0
10.24721235546139 22.62009245386911 1
0 34.70676664206451 0
0 30.06767589607056 1
9.309265548031497 19.08731795018679 0
8.768940000000001 20.9378 1
10.7014 14.3196 0
13.451 13.8951 1
12.9347 12.3675 0
12.04916145766732 13.41200024754644 1
13.451 13.8951 1
15.04519511607766 15.3094832790008 1
14.7125 15.7019 1
11.14893243713928 14.47382803915575 1
12.04916145766732 13.41200024754644 1
12.9347 12.3675 1
20.3205 6.75508 0
18.75809997279768 7.942337326311415 1
25.49169896903008 0 0
21.55862794632608 0 1
0 25.42858515007662 0
0 20.78949440408269 1
17.62555692362208 0 0
13.69248590091808 0 1
0 16.15040365808875 0
0 11.51131291209481 1
9.759414878214077 0 0
5.826343855510077 0 1
0 6.872222166100871 0
0 2.233131420106931 1
1.893272832806077 0 0
0 0 1
0 100 0
0 99.65403708597964 1
41.67493685121899 50.49809437090146 0
22.3995 55.30029999999999 1
28.4235 47.8511 1
32.4281 40.55159999999999 0
31.16780717231667 39.695889524305 1
64.82240919607008 0 0
76.62162226418207 0 1
61.97647276427465 17.27407848130065 0
65.03009029799699 18.31140135666077 1
80.55469328688608 0 0
84.48776430959006 0 1
72.05971114637097 14.65899448227418 0
71.84139999999999 14.4991 1
68.3896 18.2047 0
68.78379083386446 18.5229703725225 1
63.94941476038719 24.22515809699035 0
71.11861733134216 20.40811339282711 1
60.06382739867638 33.44733220669913 0
57.69119999999999 39.07859999999999 1
66.26439999999999 18.7307 0
71.84139999999999 14.4991 0
74.486110184224 16.43612691182415 1
88.42083533229408 0 0
92.35390635499806 0 1
7.572830966456005 100 0
3.639759943752004 100 1
44.48697197881967 51.82036575041126 0
46.0057 52.53449999999999 0