51.2081 30.5032 0
51.2081 30.5032 1
40.0569 28.0495 0
40.20886470922431 25.5 1
0 25.5 0
0 28.5 1
42.10426341035986 28.5 0
23.8278 81.95160000000001 1
17.0715 81.959 0
17.11776987855863 82.5 1
0 82.5 0
0 79.5 1
100 79.5 0
100 82.5 1
23.83893514488088 82.5 0
48.6771 83.11279999999999 0
56.89528253900654 85.5 1
100 85.5 0
100 88.5 1
69.09432214241178 88.5 0
68.52219344806085 91.5 1
100 91.5 0
100 94.5 1
67.95006475370994 94.5 0
67.7843 95.36920000000001 1
60.2163 94.4502 0
60.62640489662677 94.5 1
0 94.5 0
0 91.5 1
49.51653196121974 91.5 0
60.2163 94.4502 1
46.824 90.7576 0
47.37124238174968 88.5 1
0 88.5 0
0 85.5 1
17.37434961178579 85.5 0
17.5011 86.982 1
23.8881 86.4444 0
23.88242478158369 85.5 1
48.09844257011302 85.5 0
48.6771 83.11279999999999 1
57.569 85.69569999999999 1
69.31360000000001 87.3502 0
100 100 1
0 100 0
0 97.5 1
100 97.5 0
98.5787 71.6977 0
90.72521089165667 70.5 1
98.84896214439615 70.5 0
100 69.77879999999999 1
100 77.17429999999999 1
97.34289999999999 77.17429999999999 1
84.59790000000001 75.1019 0
85.01869554582856 73.5 1
0 73.5 0
0 76.5 1
93.19603959660299 76.5 0
97.34289999999999 77.17429999999999 0
98.88061463270051 77.17429999999999 1
100 72.21360579175246 0
98.5787 71.6977 1
85.99619999999999 69.77879999999999 0
85.80675137795646 70.5 1
0 70.5 0
0 67.5 1
100 67.5 0
100 64.5 1
0 64.5 0
0 61.5 1
100 61.5 0
100 58.5 1
0 58.5 0
0 55.5 1
100 55.5 0
100 52.5 1
0 52.5 0
0 49.5 1
100 49.5 0
100 46.5 1
0 46.5 0
0 43.5 1
100 43.5 0
100 40.5 1
0 40.5 0
0 37.5 1
100 37.5 0
100 34.5 1
0 34.5 0
0 31.5 1
100 31.5 0
83.97176586677932 19.5 1
100 19.5 0
100 22.5 1
77.5371228587523 22.5 0
76.45310000000001 23.0054 1
84.0685 19.4549 0
82.74536212699252 16.5 1
100 16.5 0
100 13.5 1
81.40202948662483 13.5 0
82.20334501186332 7.5 1
100 7.5 0
100 10.5 1
80.05869684625713 10.5 0
79.2868 8.776160000000001 1
83.40940000000001 6.97228 0
83.91890000000001 4.89372 0
83.8109356993757 4.5 1
100 4.5 0
100 1.5 1
82.98828787383246 1.5 0
82.6361 0.215655 1
78.45050000000001 2.37455 0
80.14605095546565 1.5 1
0 1.5 0
0 4.5 1
75.89248000688121 4.5 0
78.45050000000001 2.37455 1
74.28790000000001 5.83324 0
73.44246375726388 7.5 1
0 7.5 0
0 10.5 1
71.92076373554011 10.5 0
71.29920000000001 11.7254 0
70.86093723276895 13.5 1
0 13.5 0
0 16.5 1
70.12004446724816 16.5 0
69.99959999999999 16.9877 0
71.12219999999999 23.0457 0
71.51159999999999 24.1851 1
76.21260000000001 22.4557 0
76.23198175368384 22.5 1
76.09218002775529 22.5 0
71.51159999999999 24.1851 0
50.48218771521638 22.5 1
71.02107705183229 22.5 0
70.46515100363158 19.5 1
0 19.5 0
0 22.5 1
40.38768178224764 22.5 0
40.55 19.7768 1
53.0907 23.2152 0
52.50050180021954 25.5 1
100 25.5 0
100 28.5 1
51.72555668496157 28.5 0
51.2081 30.5032 0