73 11
73 12
68 12
62 17
62 45
64 45
64 48
49 48
49 17
42 17
42 13
18 13
18 23
15 23
15 25
22 25
22 35
30 35
30 31
39 31
39 38
43 38
43 47
23 47
23 40
16 40
16 42
12 42
12 48
18 48
18 55
43 55
43 60
30 60
30 57
15 57
15 58
12 58
12 89
27 89
27 86
37 86
37 90
39 90
39 83
42 83
42 87
46 87
46 83
51 83
51 55
62 55
62 90
80 90
80 88
116 88
116 89
117 89
117 69
116 69
116 53
111 53
111 57
88 57
88 45
106 45
106 42
110 42
110 46
120 46
120 37
111 37
111 28
114 28
114 18
95 18
95 36
86 36
86 13
74 13
74 11
