48.20820000000001 47.0882 0
34.5 58.10797608480401 1
34.5 0 0
29.8565 4.497098538878797 1
16.7424 0.6604968836301257 0
13.5 0 1
13.5 100 0
16.5 100 1
16.5 0 0
16.7424 0 1
29.8565 0 1
29.8565 9.18572 1
27.8502 16.4407 0
28.5 14.0909586831481 1
28.5 62.31202187431575 0
31.49999999999999 56.75739082548719 1
31.49999999999999 0 0
29.8565 1.371350898131329 1
25.16900976014647 0 0
16.7424 3.786244524377594 1
29.8565 7.622846179626267 0
29.8565 9.18572 0
27.8502 16.4407 0
25.5 15.88147012369686 1
25.5 36.67265778296222 0
22.5 36.42782984183621 1
22.5 15.16762039647815 0
19.5 14.45377066925944 1
19.5 36.1830019007102 0
18.0075 36.0612 1
18.1298 42.5943 0
19.5 42.72617699481989 1
19.5 73.68151138091216 0
19.0618 73.63929999999999 1
17.8973 84.8596 0
19.5 85.04318959685645 1
19.5 100 0
22.5 100 1
22.5 85.38684018060226 0
25.5 85.73049076434805 1
25.5 100 0
28.5 100 1
28.5 86.07414134809386 0
31.1308 86.37549999999999 1
32.32259999999999 74.91669999999999 0
31.49999999999999 82.82575259271692 1
31.49999999999999 100 0
34.5 100 1
34.5 67.24968749753279 0
31.49999999999999 65.44300485267163 1
31.49999999999999 74.83745973998552 0
28.5 74.54847265021718 1
28.5 63.63632220781052 0
27.9603 63.3113 1
31.6139 56.54649999999999 0
22.5 43.01491658353665 1
22.5 73.9704984706805 0
25.5 74.25948556044884 1
25.5 43.3036561722534 0
26.4501 43.3951 1
26.7516 36.7748 0
10.5 25.95424442334037 1
10.5 100 0
7.5 100 1
7.5 27.37319912146141 0
4.5 24.52501313898544 1
4.5 100 0
1.5 100 1
1.5 0 0
4.5 0 1
4.5 22.6592058103423 0
7.5 20.48840772114875 1
7.5 0 0
10.5 0 1
10.5 23.14560057553957 0
7.812200000000001 20.2625 1
11.9822 24.7355 0
37.5 37.71581662272759 1
37.5 0 0
40.5 0 1
40.5 33.86246617225649 0
43.5 30.00911572178538 1
43.5 0 0
46.5 0 1
46.5 28.26690839841805 0
45.4765 27.4704 1
36.75230000000001 38.67619999999999 0
43.5 43.63099642804144 1
43.5 77.61515040552595 0
46.5 74.52983438569564 1
46.5 45.83387878560391 0
48.20820000000001 47.0882 0