48.20820000000001 47.0882 0
49.5 45.37697654965136 1
49.5 74.07175171060351 0
48.0273 72.95910000000001 1
43.2064 77.9171 1
45.5887 80.52109999999999 0
43.5 78.23802280569197 1
43.5 100 0
40.5 100 1
40.5 41.42811407047897 0
37.5 39.22523171291648 1
37.5 59.73107585765041 0
38.4815 60.2621 1
35.05329999999999 67.5829 0
37.5 62.35805857884606 1
37.5 100 0
58.5 100 1
58.5 80.46734998199403 0
61.5 81.61260669564768 1
61.5 100 0
61.9341 100 1
82.113 100 0
82.01005871988951 100 1
61.9341 94.34125743048557 0
61.9341 92.78280955611314 1
72.88570000000001 95.86969999999999 0
70.95200657892238 100 1
61.9341 97.45815317923044 0
66.96689677609595 94.20138695796814 1
61.9341 91.31211051519534 0
61.9341 89.58250000000001 1
65.14830000000001 83.0059 0
64.5 84.33239174911333 1
64.5 82.75786340930136 0
64.55170000000001 82.77760000000001 1
70.6541 64.86619999999999 0
70.5 65.31850511601996 1
70.5 85.92034277031172 0
73.5 87.23104805188174 1
73.5 0 0
76.5 0 1
76.5 88.04245590563244 0
67.5 84.28659493113256 1
67.5 74.12392593405875 0
83.31999999999999 65.12139999999999 1
85.964 69.89670000000001 0
85.5 69.05867458396366 1
85.5 100 0
82.5 100 1
82.5 0 0
79.5 0 1
79.5 88.85386375938313 0
82.113 89.56059999999999 1
79.34229999999999 97.68960000000001 0
79.5 97.73405036551745 1
79.5 97.22692150720036 0
88.5 100 1
88.5 68.63691682115828 0
91.84350000000001 66.976 0
91.5 66.29647111785741 1
91.5 42.91601465823537 0
94.5 43.43657375291521 1
94.5 100 0
91.5 100 1
91.5 67.14663703546219 0
91.84350000000001 66.976 1
89.43889999999999 62.2191 0
88.5 62.6644364934874 1
88.5 15.46146466797484 0
88.4521 15.4397 1
94.32990000000001 3.75419 0
94.5 3.837587086102713 1
94.5 0 0
91.5 0 1
91.5 9.380244773724883 0
88.5 15.34447118496718 1
88.5 0 0
85.5 0 1
85.5 64.08738833123601 0
89.8903 42.6367 1
90.68289999999999 35.88630000000001 0
91.5 36.08501569949011 1
91.5 16.82459627391517 0
92.9367 17.4774 1
98.9639 6.026160000000001 0
97.5 5.308435165515748 1
97.5 0 0
100 0 1
100 100 0
97.5 100 1
97.5 8.807463131802518 0
94.5 14.50724412463501 1
94.5 36.81460460962396 0
90.68289999999999 35.88630000000001 0
70.01650000000001 33.636 1
61.9311 25.482 1
57.521 30.6215 0
58.5 31.52031518775477 1
58.5 74.67543992493748 0
56.7765 79.80940000000001 1
62.7715 61.9515 0
64.5 62.59063669981985 1
64.5 37.02888630780444 0
67.5 39.78317186782927 1
67.5 63.69992805038946 0
70.5 64.80921940095908 1
70.5 0 0
67.5 0 1
67.5 31.09814893511761 0
64.5 28.07269564894748 1
64.5 0 0
61.5 0 1
61.5 25.98440095462689 0
58.5 29.48058017958778 1
58.5 0 0
55.5 0 1
55.5 35.27089040697938 0
52.5 32.93622973745893 1
52.5 0 0
49.5 0 1
49.5 30.60156906793849 0
61.5 34.2746007477796 1
61.5 65.73904292743956 0
52.5 41.40293230824719 1
52.5 76.338306427661 0
52.97 76.6934 1
48.1644 82.738 0
46.5 81.30545414450441 1
46.5 100 0
49.5 100 1
49.5 81.0580499916764 0
52.5 77.28457737639422 1
52.5 100 0
55.5 100 1
55.5 37.428888066843 0
56.5262 36.06950000000001 1
48.20820000000001 47.0882 0
48.20820000000001 47.0882 0