54.5 51.5 0
37.5 41 1
87.5 41 0
87.5 40 1
37.5 40 0
42.5 37.5 0
42.5 33 1
76.5 33 0
76.5 34 1
42.5 34 0
42.5 35 1
76.5 35 0
76.5 36 1
42.5 36 0
42.5 37 1
76.5 37 0
76.5 38 1
37.5 38 0
37.5 39 1
76.5 39 0
76.5 39.5 0
87.5 42 1
9.5 42 0
9.5 43 1
87.5 43 0
87.5 44 1
9.5 44 0
9.5 45 1
87.5 45 0
87.5 46 1
9.5 46 0
9.5 47 1
87.5 47 0
87.5 48 1
9.5 48 0
9.5 49 1
87.5 49 0
87.5 50 1
9.5 50 0
9.5 51 1
87.5 51 0
54.5 74 1
86.5 74 0
86.5 75 1
54.5 75 0
54.5 77 1
86.5 77 0
86.5 76 1
54.5 76 0
54.5 73 1
86.5 73 0
86.5 72 1
54.5 72 0
54.5 71 1
86.5 71 0
86.5 70 1
54.5 70 0
54.5 69 1
86.5 69 0
86.5 68 1
54.5 68 0
54.5 67 1
86.5 67 0
86.5 66 1
54.5 66 0
54.5 65 1
86.5 65 0
86.5 64 1
54.5 64 0
54.5 63 1
94.5 63 0
94.5 62 1
54.5 62 0
54.5 61 1
94.5 61 0
94.5 60 1
54.5 60 0
54.5 59 1
94.5 59 0
94.5 58 1
54.5 58 0
54.5 57 1
87.5 57 0
87.5 56 1
54.5 56 0
54.5 55 1
87.5 55 0
87.5 54 1
54.5 54 0
54.5 53 1
87.5 53 0
87.5 52 1
54.5 52 0
54.5 51.5 0