31.3947 43.4465
18.3175 43.4638
18.2395 47.7914
5.46956 48.6694
12.3324 56.2161
20.0562 55.9265
20.1341 51.5989
31.221 50.3179

30.0947 9.47887
28.0019 4.26495
25.2711 5.19536
27.6037 10.4014

41.8097 65.9708
25.8043 57.265
23.6624 64.1306
28.0072 67.0382
39.4284 70.8069

65.8681 20.2665
63.7756 13.5799
59.3822 14.9577
61.5714 21.6186

76.1247 53.704
75.2803 49.9348
73.7199 45.5513
68.2099 46.5363
70.2347 51.1925
71.4235 56.0254
71.1593 60.4356
75.3151 59.0429

74.5859 27.5501
69.0394 25.1602
70.9064 30.2329
72.4139 31.0123

87.3458 8.00209
80.1674 4.52491
71.9661 19.3147
78.9619 23.3634

96.5605 98.8755
95.6848 89.6406
94.1145 89.2741
89.2272 90.7316
90.0559 99.4588

99.4683 23.3812
92.8089 22.4317
91.0484 30.5026
90.7836 37.931
97.5329 39.2297
97.8682 31.2964