54.32940000000001 54.22450000000001 0
33.7299 60.601 1
4.75412 60.601 0
3.25412 60.601 1
3.25412 21.8478 0
4.75412 23.2775902622011 1
6.052195080886145 21.8478 0
4.75412 21.8478 1
4.75412 34.4353 0
4.75412 36.45637651487586 1
31.49176884133772 60.601 0
27.01550652401318 60.601 1
4.75412 40.49852954462756 0
4.75412 44.54068257437928 1
22.53924420668862 60.601 0
18.06298188936407 60.601 1
4.75412 48.58283560413098 0
4.75412 52.62498863388269 1
13.58671957203952 60.601 0
9.110457254714969 60.601 1
4.75412 56.66714166363441 0
0 64.5 1
100 64.5 0
100 67.5 1
0 67.5 0
0 70.5 1
34.9503130708467 70.5 0
35.5 69.4135 1
39.883 70.23589999999999 1
42.7221 72.0368 0
40.29935088566828 70.5 1
100 70.5 0
100 73.5 1
42.46914047664809 73.5 0
42.1824 75.15860000000001 1
34.9435 73.83320000000001 0
34.91215946486622 73.5 1
0 73.5 0
0 76.5 1
100 76.5 0
100 79.5 1
0 79.5 0
0 82.5 1
100 82.5 0
100 85.5 1
0 85.5 0
0 88.5 1
100 88.5 0
88.8904 93.7594 1
97.74680000000001 93.10140000000001 1
91.95099999999999 98.42930000000001 0
91.34194721942654 97.5 1
0 97.5 0
0 100 1
100 100 0
100 97.5 1
92.96191179263874 97.5 0
96.22537394470618 94.5 1
100 94.5 0
100 91.5 1
0 91.5 0
0 94.5 1
89.37578092036233 94.5 0
88.8904 93.7594 0
100 55.5 1
35.9672189035566 55.5 0
38.93858980581398 52.5 1
52.96530565570575 52.5 0
54.32940000000001 54.22450000000001 0