54.32940000000001 54.22450000000001 0
50.59227983205673 49.5 1
41.90996070807137 49.5 0
44.88133161032874 46.5 1
48.2192540084077 46.5 0
35.72030751621986 58.5 1
100 58.5 0
100 61.5 1
0 61.5 0
0.25412 60.601 1
0.25412 13.2838 0
0 13.2838 1
2.87534 13.2838 0
1.48678 13.2838 1
1.48678 17.4601 1
2.87534 13.2838 1
15.6135 16.5684 0
15.34823477927297 16.5 1
100 16.5 0
100 1.5 1
0 1.5 0
0 4.5 1
100 4.5 0
100 7.5 1
0 7.5 0
0 10.5 1
100 10.5 0
100 13.5 1
3.713795273701516 13.5 0
15.6135 16.5684 0
15.36894139296132 17.3903 1
14.0426 21.8478 1
1.48678 21.8478 0
1.48678 19.04905186679528 1
9.495663420893521 21.8478 0
10.10413062788047 21.8478 1
4.75412 27.74067415732066 0
4.75412 32.20375805244022 1
18.20293222650284 17.3903 0
20.2289 17.3903 1
31.025 27.3796 0
29.99666447779678 28.5 1
63.38433628956666 28.5 0
62.06727425673564 31.5 1
27.24317771716695 31.5 0
27.26379792716448 32.9362 1
19.52952191848202 41.8290916609777 0
21.73271315108921 43.86733499658662 1
31.23967875629869 32.9362 0
23.9359043836964 45.90557833219555 1
35.2155595854329 32.9362 0
37.20350000000001 32.9362 1
48.4238 42.9234 1
49.47692695959785 42.9234 0
48.4238 42.9234 1
46.63127098036486 44.7332 1
46.82170000000001 44.7332 1
49.47692695959785 42.9234 1
51.5497 41.5106 0
53.23409312577066 43.5 1
100 43.5 0
100 46.5 1
55.77414508983618 46.5 0
66.39399855420729 37.5 1
42.33078343679911 37.5 0
45.70118755406921 40.5 1
100 40.5 0
100 37.5 1
74.24631128163384 37.5 0
75.45537585414323 34.5 1
100 34.5 0
100 31.5 1
76.66444042665262 31.5 0
77.87350499916201 28.5 1
100 28.5 0
100 22.5 1
25.75129217662899 22.5 0
22.50899291642057 19.5 1
100 19.5 0
100 25.5 1
72.91428506606781 25.5 0
78.21430000000001 27.6544 1
65.9451 22.6671 0
64.70139832239767 25.5 1
28.99359143683741 25.5 0
38.960379319529 34.5 1
60.75021222390463 34.5 0
60.4652 35.14919999999999 1
73.1644 40.1845 0
58.31419705390171 49.5 1
100 49.5 0
100 52.5 1
56.66196591015506 52.5 0
59.2403 50.5938 1
54.32940000000001 54.22450000000001 0
54.32940000000001 54.22450000000001 0