49.3283 35.2979 0
49.40902353272951 34.7548 1
82.09670481646725 34.7548 0
81.60650000000001 35.50060000000001 1
86.18889999999999 39.2548 0
84.35799061850727 37.7548 1
38.90153705460416 37.7548 0
39.49420000000001 36.9012 1
33.9229 32.9898 0
20.03448536790903 30.63938787999241 1
31.15470605229702 32.9898 0
32.98255267133354 34.4898 1
21.57892033359809 34.4898 0
21.31118791104051 32.9898 1
20.76414670373312 32.9898 1
14.5075 21.4713 0
9.433861960543755 21.4713 1
7.11326 25.92740787006814 0
7.11326 21.4713 1
7.11326 35.67 0
7.11326 32.42246929002272 1
12.81628732018125 21.4713 0
16.21450207027506 21.4713 1
19.34548764696873 27.2354511616163 0
20.08655064032818 22.31456077706806 1
19.62850621082518 21.4713 0
20.2814 21.0207 1
50.67230000000001 26.2556 0
50.30083203277927 28.7548 1
100 28.7548 0
100 31.7548 1
88.06549989194434 31.7548 0
100 25.7548 1
47.76493544289289 25.7548 0
39.88590000000001 17.8569 1
30.7722 11.6204 0
26.9781 16.9779 1
34.4436 21.5984 1
39.88590000000001 17.8569 0
37.12525823332888 19.7548 1
100 19.7548 0
100 22.7548 1
30.34861421421612 22.7548 0
31.46483237744832 19.7548 1
0 19.7548 0
0 16.7548 1
27.13609602613159 16.7548 0
29.26065038917405 13.7548 1
0 13.7548 0
0 10.7548 1
87.79740364829095 10.7548 0
87.7877 10.2438 1
93.46449999999999 9.844719999999999 0
93.47845962636364 10.7548 1
100 10.7548 0
100 7.754799999999999 1
0 7.754799999999999 0
0 4.754799999999998 1
100 4.754799999999998 0
100 1.754799999999999 1
0 1.754799999999999 0
0 0 1
100 0 0
93.52447632719318 13.7548 1
100 13.7548 0
100 16.7548 1
38.27534780405676 16.7548 0
33.89130226569389 13.7548 1
87.85437222925538 13.7548 0
67.65651756769873 55.4898 1
100 55.4898 0
97.08543780231682 51.7051 1
100 46.66828222401121 0
100 40.67839871439932 1
93.61938268139008 51.7051 0
90.15332756046337 51.7051 1
98.94773103238828 36.50700000000001 0
100 34.7548 1
90.28302657932136 34.7548 0
90.8623 34.1181 1
85.4958 29.5834 0
84.06856650780776 31.7548 1
49.85492778275439 31.7548 0
49.3283 35.2979 0
49.3283 35.2979 1
38.40826553321337 32.9898 1
21.31118791104051 32.9898 1
19.0937 28.9074 1
20.2135417551067 21.4713 1
0 21.4713 1
0 44.4422 1
24.5344 44.4422 0
25.07916725220716 43.4898 1
85.87646171694479 43.4898 0
84.06603970154043 46.4898 1
20.99932749805778 46.4898 0
20.6728 45.95699999999999 1
17.49 47.6305 0
18.53447443421557 49.4898 1
0 49.4898 0
2.61326 44.4422 1
2.61326 21.4713 0
5.61326 21.4713 1
5.61326 44.4422 0
7.11326 44.06715410825923 1
7.85808193593863 44.4422 0
14.52860916156318 44.4422 1
7.11326 40.70829246495553 0
7.11326 37.34943082165185 1
21.19913638718773 44.4422 0
19.65947711980879 46.4898 1
0 46.4898 0
0 52.4898 1
18.3614625821729 52.4898 0
19.93170715699441 55.4898 1
0 55.4898 0
2.418351376543262 58.1876 1
0 61.31504895187291 0
0 66.21929729767126 1
6.210642128681318 58.1876 0
10.00293288081937 58.1876 1
0 71.12354564346961 0
0 76.02779398926796 1
13.79522363295743 58.1876 0
17.58751438509549 58.1876 1
0 80.93204233506631 0
2.692274623930972 82.3546 1
21.37980513723354 58.1876 0
21.8061 58.1876 1
0 58.1876 1
0 82.3546 0
0 82.4898 1
19.1199109345145 82.4898 0
18.16654980892826 79.4898 1
10.13938819388899 79.4898 0
4.588419999999999 82.3546 1
14.2782 77.35380000000001 0
13.1999622772654 76.4898 1
75.25115025119712 76.4898 0
75.17670000000001 76.02799999999999 1
81.91980000000001 73.55889999999999 0
76.95429733902907 70.4898 1
100 70.4898 0
100 67.4898 1
35.90229277664274 67.4898 0
22.8024 77.1748 1
18.0054 78.98269999999999 0
21.91394164364439 67.4898 1
20.36862879998355 67.4898 0
20.7367 67.02770000000001 1
29.4971 70.46639999999999 1
36.0271 67.43180000000001 1
21.8061 58.1876 0
22.27099541550377 58.4898 1
63.6185374082952 58.4898 0
63.2179 60.0266 0
69.93012463326514 70.4898 1
17.97907329241083 70.4898 0
15.58951778483812 73.4898 1
100 73.4898 0
100 76.4898 1
82.46250577279358 76.4898 0
82.85929999999999 78.6327 1
75.9982 81.12360000000001 0
76.51419999999999 82.5471 1
71.28992630325112 82.5471 1
71.27177980661435 82.5471 1
70.89765423206279 91.8494 1
74.96430000000001 91.8494 0
75.55725980942859 91.4898 1
100 91.4898 0
100 94.4898 1
70.791461014574 94.4898 0
70.91580072869957 91.8494 1
71.28992630325112 82.5471 0
71.27408433295963 82.4898 1
100 82.4898 0
100 79.4898 1
80.49844697097436 79.4898 0
78.53699462893934 85.4898 1
100 85.4898 0
100 88.4898 1
80.50408803046793 88.4898 0
80.5712 88.44909999999999 1
74.96430000000001 91.8494 0
73.20352807191895 91.8494 1
71.05627928935786 88.35652540467731 0
71.23592220454344 83.88986393163088 1
73.5375205132932 82.5471 0
75.73480281419265 79.4898 1
65.46105618883129 79.4898 0
71.32480000000001 81.22880000000001 1
64.88210000000001 79.31809999999999 0
64.87237382823554 79.4898 1
23.43719995014334 79.4898 0
24.25983487473513 82.4898 1
64.70243489233914 82.4898 0
64.53249595644277 85.4898 1
21.43013677453867 85.4898 0
24.7824 84.3955 1
20.2008 85.89109999999999 0
20.07327206010074 85.4898 1
0 85.4898 0
0 88.4898 1
64.36255702054638 88.4898 0
63.94845956721599 91.4898 1
0 91.4898 0
0 94.4898 1
63.17615586791332 94.4898 0
62.61499999999999 96.6696 1
70.57859999999999 99.7824 0
70.67080518497758 97.4898 1
100 97.4898 0
100 100 1
0 100 0
0 97.4898 1
64.71335026985349 97.4898 0
62.61499999999999 96.6696 0
36.0271 67.43180000000001 0
31.50121544536032 64.4898 1
100 64.4898 0
100 61.4898 1
26.88610543043205 61.4898 0
27.2185 54.4909 1
23.1187 57.3977 0
25.80963450529793 55.4898 1
64.40062500907968 55.4898 0
64.65350000000001 54.5198 1
71.03290000000001 56.5804 0
70.55104698579672 58.4898 1
100 58.4898 0
88.4203 51.7051 1
82.56870000000001 48.971 0
83.67905078453603 49.4898 1
26.78691684350132 49.4898 0
25.2894 47.4747 1
22.3294 48.6601 0
31.70636685784286 40.4898 1
24.83801485305798 40.4898 0
23.20846759332804 37.4898 1
31.1018580140006 37.4898 0
29.9557 39.3181 1
35.3223 42.90989999999999 0
27.8109 50.8677 1
25.7158 52.74299999999999 0
25.99867704367301 52.4898 1
100 52.4898 0
100 51.7051 1
100 36.50700000000001 1
97.21470347192491 36.50700000000001 0
92.80665138657901 37.7548 1
96.49266212121213 37.7548 0
95.71860000000001 39.0925 1
90.09039999999999 36.50700000000001 1
88.43217412869063 39.2548 0
88.21681278706583 39.2548 1
88.85643608376481 38.55176730685288 0
87.68688373234917 40.4898 1
37.0025994308253 40.4898 0
39.49420000000001 36.9012 0
36.43692170578309 34.7548 1
46.75879663406619 34.7548 0
49.3283 35.2979 0