49.4285 55.0587 0
49.4285 55.0587 1
56.2831 48.9892 0
55.31789460246222 47.93361639973915 1
62.42785785999037 47.22444979477343 0
65.3004 45.43689999999999 0
82.07643025642869 54.30930692778915 1
0 62.49582791030299 0
0 65.51071387385062 1
81.5858762128847 57.37312205355769 0
80.93190000000001 56.9508 1
87.13079999999999 60.9539 0
88.77840483651067 62.6854920869463 1
0 71.5404858009459 0
0 68.52559983739826 1
85.62988839104594 59.98464750975108 0
76.4202504820141 80.5 1
85.68356566868928 80.5 0
84.91800000000001 77.80869999999999 0
86.31507978603429 77.50684595350108 1
26.8211414286793 83.44092926064789 0
25.6907 85.5599 1
18.459 82.40029999999999 0
18.82042030016288 81.72283098548615 1
0 83.60002965513644 0
0 80.5851436915888 1
20.51921516018828 78.53850271404167 0
22.21801002021368 75.35417444259716 1
0 77.57025772804118 0
0 74.55537176449354 1
30.87594864512937 71.47572270265371 0
27.06112019468934 77.3872212145333 1
30.27884937886119 77.06627636593339 0
30.55735255425491 74.45869160508883 1
22.2539 75.2869 1
29.4856 78.44649999999999 0
29.9967 79.708 0
30.73901464000474 80.03526422506778 1
28.5199362887047 80.25660098920341 0
29.9967 79.708 1
32.2037 80.68100000000001 0
34.5701 80.6412 0
34.72138801986277 79.63805173504409 1
100 73.12698972838578 0
98.5 75.47757500824284 1
98.5 94.77589480898652 0
100 95.5 1
90.63664311405586 95.5 0
100 98.5 1
0 98.5 0
0 95.5 1
88.03167941302615 95.5 0
88.04130000000001 95.72559999999999 1
95.3338 95.0917 0
95.5 95.07512277090947 1
95.5 75.77680297016579 0
95.0795 76.77201057784546 1
94.82609234673924 75.84402030803562 0
95.0795 75.818744756162 1
95.0795 82.46619999999999 0
100 75.32796102728139 1
93.3124 75.995 1
84.91800000000001 77.80869999999999 1
85.42799138988929 79.60154401553552 1
0 88.12235860045789 0
0 86.61491561868408 1
22.88172520836051 84.33263161889124 0
16.26544447950722 86.5 1
87.39032225923498 86.5 0
87.77581273819007 89.5 1
0 89.5 0
0 92.5 1
87.90374607560813 92.5 0
86.53694396396213 83.5 1
46.34284748076065 83.5 0
35.18301673454869 76.57712169834292 1
100 70.11210376483817 0
100 67.09721780129053 1
35.6446454492346 73.51619166164178 0
35.8729 72.0027 1
32.9706 72.01509999999999 1
30.9271 70.99680000000001 1
90.98664803850298 65.00630128214195 0
91.72909999999999 65.78659999999999 0
92.33602576113128 64.84675696831843 1
100 64.08233183774288 0
100 61.06744587419524 1
94.41699713501154 61.62430939709539 0
94.51910000000001 61.4662 0
92.99279999999999 58.8835 0
92.86532539609109 58.76419129088463 1
100 58.05255991064762 0
100 55.03767394709998 1
89.95431494190584 56.03965723578439 0
89.87379999999999 55.96429999999999 1
83.77670000000001 52.1335 0
85.84724582109257 53.43442124640262 1
100 52.02278798355233 0
100 49.50667654932401 1
60.71023715503219 53.42554176950247 0
60.0766 53.94759999999999 1
62.3186 52.10039999999999 0
62.93600000000001 52.9278 1
67.78989999999999 49.7059 0
67.7891347637667 49.70458777124723 1
100 46.49179058577637 0
91.42543399835222 42.61199198443978 1
95.761 36.04367919557686 0
95.761 30.59789306519229 1
87.57747799945074 42.99579732814659 0
85.65350000000001 43.18770000000001 0
83.9026020288218 42.06761585440715 1
52.79155030160736 45.17071472161166 0
50.2652060007525 42.40781304348417 1
79.82547026771243 39.45939383331552 0
75.74833850660309 36.8511718122239 1
47.73886169989764 39.64491136535668 0
46.1193 37.8737 1
39.05889999999999 44.0665 0
41.19200985856911 46.32768367028268 1
17.3193825910901 48.7088028712806 0
18.98881404662213 51.55717531082527 1
43.79153455648058 49.08328614138885 0
14.7841 57.29389999999999 1
20.4515 54.0528 0
19.66070196003036 54.5050453907163 1
46.39105925439206 51.83888861249503 0
48.99058395230354 54.59449108360118 1
0 59.48094194675535 0
13.48048757860604 55.12147637524978 1
0 56.46605598320772 0
0 53.45117001966008 1
11.77350421877577 52.27684946230161 0
11.3242 51.52809999999999 1
17.101 48.33620000000001 0
16.22999908778407 48.81746087309618 1
0 50.43628405611246 0
0 47.42139809256481 1
39.75475515487845 43.45615330531822 0
43.63304655706885 40.05443626443035 1
25.68816303019688 41.8443065726605 0
33.5792 39.5861 1
16.5046 44.47239999999999 0
16.30683006721915 42.78002562020461 1
0 44.40651212901717 0
0 41.39162616546955 1
15.95857142113178 39.79987589828723 0
15.6711 37.3399 0
15.8954972027537 36.79128112467798 1
0 38.3767402019219 0
0 29.332082311279 1
21.96064961367014 27.14166883581156 0
24.1103 25.1588 1
18.559 30.2794 0
18.46670409939654 30.50505019779449 1
0 32.34696827482664 0
0 35.36185423837428 1
17.18110065107512 33.64816566123623 0
22.03779979542509 0 1
0 2.198108639350282 0
0 0 1
100 0 0
100 1.268501132561839 1
0 11.24276652999319 0
0 14.25765249354082 1
100 4.283387096109475 0
100 7.298273059657109 1
78.89131958886577 9.403708865759242 0
82.49109321438812 0 1
0 8.227880566445553 0
0 5.212994602897918 1
52.2644465049066 0 0
63.85584120760574 13.91827334682717 1
0 20.28742442063609 0
0 17.27253845708846 1
66.41288983359362 10.64834056698213 0
67.02420000000001 13.3129 1
52.8408 16.0229 0
53.29948553100421 17.98607824185585 1
0 23.30231038418373 0
0 26.31719634773137 1
27.36178951582281 23.58805884393665 0
24.1103 25.1588 1
31.7508 21.4678 0
31.97187873601204 23.12823631005661 1
53.98785467615868 20.93230443995175 0
32.4435 26.6704 0
30.8608 27.0693 1
32.4435 26.6704 0
32.36803458338949 26.10360863799937 1
77.07715667389039 21.6442021438312 0
80.38120000000001 14.3549 1
69.72149999999999 16.5054 0
71.26365101972473 16.19428469957709 1
100 13.32804498675238 0
100 10.31315902320475 1
79.77210379078198 12.3307430754291 0
81.9112661524824 17.52597454290383 1
95.761 26.11023876874049 0
95.761 22.58071630622147 1
86.81639845744718 17.03672362871151 0
91.72153076241196 16.54747271451917 1
95.761 19.05119384370245 0
95.761 16.14456533211455 1
95.761 42.17955112495463 0
95.2733899972537 42.22818664073297 1
95.761 41.48946532596143 0
98.5 41.90635599571898 1
98.5 15.8713702028789 0
100 15.72175622191743 1
79.45869999999999 17.7706 0
79.0518436095083 18.43235566455663 1
70.23690817479911 19.31158071942675 0
75.1024697382725 24.85604862310577 1
31.32836574064543 29.2221939311767 0
31.96925596435338 32.17315580290551 1
73.12778280265459 28.06789510238034 0
71.15309586703671 31.27974158165491 1
32.61014618806132 35.12411767463433 0
33.25103641176926 38.07507954636314 1
71.67120674549375 34.24294979113228 0
69.99180000000001 33.1686 1
85.65350000000001 43.18770000000001 1
100 41.75674201475751 0
100 43.47690462222873 1
66.12762388500946 46.85542531235404 0
65.3004 45.43689999999999 1
57.7171 50.1559 0
58.04128567336507 50.676864110065 1
53.91199126596662 51.08873089330019 0
59.80774900596978 53.51555833267032 1
50.07489706236665 54.48633881626435 0
49.4285 55.0587 0