46.5429 54.0565 0
46.5429 54.0565 1
45.34439999999999 46.63760000000001 0
43.5 46.9902406561086 1
43.5 0 0
40.5 0 1
40.5 47.56382662895928 0
40.04040000000001 47.65170000000001 1
26.1399 62.7467 0
28.5 62.37144545715928 1
28.5 100 0
31.5 100 1
31.5 61.89444718228867 0
34.4871 61.4195 0
34.5 56.82913501844841 1
34.5 100 0
37.5 100 1
37.5 56.13844547894006 0
40.5 55.44775593943169 1
40.5 100 0
43.5 100 1
43.5 54.75706639992333 0
67.5 80.10313914850667 1
67.5 0 0
94.5 0 1
94.5 63.65404805698404 0
76.5 57.73816156616223 1
76.5 0 0
79.5 0 1
79.5 64.10628462771382 0
82.5 70.4744076892654 1
82.5 0 0
85.5 0 1
85.5 100 0
88.5 100 1
88.5 0 0
91.5 0 1
91.5 100 0
97.5 100 1
97.5 75.99321887913953 0
98.5421 76.06630000000001 1
98.4847 64.066 0
97.5 63.96419833907501 1
97.5 0 0
100 0 1
100 100 0
94.5 100 1
94.5 75.78283277168211 0
76.83500000000001 92.12540000000001 1
64.73490000000001 88.67760000000001 0
64.1205771777214 90.17760000000001 1
69.99916996925575 90.17760000000001 0
62.8919315331642 93.17760000000001 1
79.2989 93.17760000000001 0
79.2989 93.1345152015254 1
76.83500000000001 92.12540000000001 1
79.2989 84.55170000000001 0
76.5 83.49642561279063 1
76.5 73.16548216665649 0
74.35839999999999 73.297 1
74.4649 74.7431 0
73.5 74.86354497402129 1
73.5 82.36533012469596 0
70.5 81.23423463660131 1
70.5 74.77373095581171 0
70.5771 75.22839999999999 1
69.3279 67.86170000000001 0
61.5 31.99114473562815 1
61.5 83.56560231762569 0
63.3369 84.16159999999999 1
65.03219999999999 79.17269999999999 0
64.5 80.73884910635286 1
64.5 32.17046068580717 0
64.99420000000001 32.2 1
61.65009999999999 21.9694 0
64.5 30.68809469812505 1
64.5 0 0
61.5 0 1
61.5 22.00755103614365 0
58.5 22.77006341742896 1
58.5 0 0
55.5 0 1
55.5 20.66973326107545 0
56.5012 23.2781 1
51.7497 10.8993 0
52.5 12.85401190992318 1
52.5 0 0
49.5 0 1
49.5 11.78847949553185 0
46.5 12.97421025367541 1
46.5 0 0
37.5 0 1
37.5 50.41040206107694 0
34.5 53.66819854321787 1
34.5 0 0
31.5 0 1
31.5 56.9259950253588 0
28.5 60.18379150749973 1
28.5 0 0
25.5 0 1
25.5 100 0
22.5 100 1
22.5 19.69959494766025 0
23.0109 15.4784 0
22.5 15.39965328435644 1
22.5 0 0
19.5 0 1
19.5 14.93725330993741 0
16.5 14.47485333551838 1
16.5 0 0
13.5 0 1
13.5 14.01245336109934 0
23.0109 15.4784 1
20.9188 32.76390000000001 0
19.5 32.01343066986809 1
19.5 100 0
16.5 100 1
16.5 30.42659109389137 0
13.5 28.83975151791466 1
13.5 100 0
10.5 100 1
10.5 27.25291194193796 0
9.55716 26.7542 1
10.5016 13.5503 0
10.5 13.57266906526619 1
10.5 0 0
7.5 0 1
7.5 100 0
4.5 100 1
4.5 0 0
1.5 0 1
1.5 100 0
50.82779877818068 93.6438 1
50.5338 93.52338982252039 0
50.5338 93.6438 1
62.70099999999999 93.6438 0
58.74326625939356 93.6438 1
50.5338 90.28152994084013 0
50.5338 88.66059999999999 1
52.4335 80.62389999999999 0
52.5 80.64547648531649 1
52.5 27.12001385449223 0
54.09350000000001 26.5916 1
55.8896 31.6558 0
55.5 30.5573019653694 1
55.5 81.61885176275291 0
58.5 82.5922270401893 1
58.5 31.81182878544912 0
46.5 53.79094237797246 1
46.5 19.48427871237933 0
44.8117 13.6415 1
49.0381 28.268 0
49.5 28.1148312774459 1
49.5 100 0
50.5338 99.17760000000001 1
79.2989 99.17760000000001 0
79.5 100 1
79.5 74.77195569471078 0
80.15049999999999 76.16999999999999 1
77.62979999999999 70.75255145220214 0
76.93700000000001 69.7713 1
77.62979999999999 71.26025479585604 1
77.62979999999999 73.09610000000001 1
76.93700000000001 69.7713 1
71.19470000000001 67.65459999999999 0
71.23136084243973 67.66811374975046 1
70.81639999999999 66.77628647428412 0
75.22521060121142 69.14030812907444 1
70.81639999999999 59.66496215809471 0
70.81639999999999 56.1093 1
70.81639999999999 67.69656803621169 0
70.5 67.73166897900151 1
70.5 0 0
73.5 0 1
73.5 54.5947869119654 0
74.70009999999999 53.9175 1
84.3083 74.31290000000001 0
82.5 75.12058529751312 1
82.5 100 0
79.2989 96.17760000000001 1
50.5338 96.17760000000001 0
46.5 100 1
46.5 54.06637686041498 0
46.5429 54.0565 0