38.127 60.65219999999999 0
37.83978907967393 61.5 1
0 61.5 0
0 58.5 1
100 58.5 0
100 55.5 1
0 55.5 0
0 52.5 1
100 52.5 0
100 49.5 1
0 49.5 0
0 100 1
100 100 0
100 97.5 1
0 97.5 0
0 94.5 1
100 94.5 0
100 91.5 1
0 91.5 0
0 88.5 1
21.98467951977793 88.5 0
23.1399 89.5378 1
19.1298 85.93530000000001 0
19.42320520705906 85.5 1
0 85.5 0
0 82.5 1
21.44529484909255 82.5 0
23.46738449112604 79.5 1
0 79.5 0
0 76.5 1
25.48947413315953 76.5 0
25.8519 75.9623 1
29.8278 72.5677 1
35.85639999999999 76.4896 0
29.99879116506492 82.5 1
64.21896481589712 82.5 0
68.0241 81.81010000000001 1
61.4182 83.0078 0
61.74026015356968 85.5 1
27.07505455771678 85.5 0
24.15131795036864 88.5 1
100 88.5 0
100 85.5 1
68.34520059574135 85.5 0
68.08413612591181 82.5 1
100 82.5 0
100 79.5 1
32.92252777241305 79.5 0
35.84626437976119 76.5 1
100 76.5 0
100 73.5 1
84.44553337427618 73.5 0
85.26150000000001 73.32990000000001 1
77.06010000000001 75.03960000000001 0
76.71357490479721 73.5 1
57.60448540358254 73.5 0
56.5703 75.85409999999999 1
35.55029999999999 68.25819999999999 0
35.80715694714699 67.5 1
0 67.5 0
0 64.5 1
36.82347301341046 64.5 0
31.26089716718937 73.5 1
50.05584062059795 73.5 0
41.75399357153201 70.5 1
0 70.5 0
0 73.5 1
28.73585055971248 73.5 0
25.30915424794421 43.5 1
100 43.5 0
100 46.5 1
21.55988808785261 46.5 0
21.3713 46.65089999999999 1
19.2642 44.7701 0
18.20124912713543 43.5 1
0 43.5 0
0 46.5 1
21.20224353998299 46.5 0
21.3713 46.65089999999999 1
27.3745 41.84739999999999 0
26.00605201366854 40.5 1
100 40.5 0
100 37.5 1
23.62484580742267 37.5 0
23.4609 37.27419999999999 0
23.15946955277133 37.5 1
0 37.5 0
0 34.5 1
100 34.5 0
100 31.5 1
0 31.5 0
0 28.5 1
100 28.5 0
100 25.5 1
0 25.5 0
0 22.5 1
100 22.5 0
100 19.5 1
0 19.5 0
0 16.5 1
100 16.5 0
100 13.5 1
0 13.5 0
0 10.5 1
100 10.5 0
100 7.5 1
0 7.5 0
0 4.5 1
100 4.5 0
100 1.5 1
0 1.5 0
0 40.5 1
19.1546363300697 40.5 0
17.0254 42.095 1
23.4609 37.27419999999999 0
25.294 39.7989 1
27.3745 41.84739999999999 0
40.45822130117423 61.5 1
100 61.5 0
100 64.5 1
48.70741203427484 64.5 0
56.95660276737544 67.5 1
75.36312636542542 67.5 0
75.2988 67.21420000000001 1
83.28489999999999 65.39840000000001 0
84.55626387316397 70.5 1
100 70.5 0
100 67.5 1
83.80863732080942 67.5 0
83.28489999999999 65.39840000000001 0
75.2988 67.21420000000001 0
76.0383506351113 70.5 1
58.92242270902736 70.5 0
59.788 68.52969999999999 1
38.127 60.65219999999999 0
38.127 60.65219999999999 0