57.0994 52.9235 0
55.7268 57.8976 0
56.03029969696142 58.5 1
33.15904467765148 58.5 0
27.8188 56.0068 1
41.0651 62.19110000000001 0
39.58481638989053 61.5 1
57.54175237107211 61.5 0
55.30414490080126 70.5 1
37.49868795955882 70.5 0
37.0489 71.5479 1
24.5846 68.45400000000001 0
24.83248119416415 67.5 1
0 67.5 0
0 70.5 1
32.82725742267044 70.5 0
44.50722618129913 76.5 1
73.12200648632816 76.5 0
64.66980000000001 70.9956 1
56.3959 68.09809999999999 0
59.05320504518278 64.5 1
40.07405560661765 64.5 0
38.78637178308823 67.5 1
60.56465771929346 67.5 0
61.26309999999999 68.88630000000001 1
67.60980000000001 65.28479999999999 0
67.20133557920516 64.5 1
100 64.5 0
100 66.24350000000001 1
95.8056 66.24350000000001 1
80.84399999999999 69.18020000000001 0
81.14859691474649 70.5 1
63.25459901984472 70.5 0
63.70609047896708 67.5 1
89.40411179895798 67.5 0
95.8056 66.24350000000001 0
97.34980516653471 66.24350000000001 1
97.69759999999999 67.66563527992653 0
97.69759999999999 82.35651603363866 1
82.60813803986267 84.8793 0
86.47970000000001 82.71119999999999 1
97.69759999999999 80.83569653069094 0
97.69759999999999 78.65795932624764 1
86.34141842322981 81.88405770821308 0
85.84367280774327 78.90675256940435 1
97.69759999999999 75.53925310874922 0
97.69759999999999 73.97989999999999 1
97.69759999999999 66.24350000000001 0
98.5 66.24350000000001 1
98.5 84.8793 0
97.69759999999999 84.8793 1
73.51169999999999 84.8793 0
72.7172432523522 82.5 1
0 82.5 0
0 85.5 1
100 85.5 0
100 88.5 1
13.20041101300258 88.5 0
13.3106 87.85749999999999 1
6.05911 85.61789999999999 0
5.266697035021446 88.5 1
0 88.5 0
0 79.5 1
44.76780212122225 79.5 0
61.78919999999999 81.892 1
18.9838 75.8766 0
12.68590990639985 91.5 1
100 91.5 0
100 100 1
0 100 0
0 97.5 1
100 97.5 0
100 94.5 1
0 94.5 0
0 91.5 1
9.701818615384649 91.5 0
4.770810000000001 90.30359999999999 1
12.5667 92.1951 0
23.41989508262132 76.5 1
0 76.5 0
0 73.5 1
19.40236403911245 73.5 0
19.4521 73.2176 1
62.22839999999999 78.82159999999999 0
62.13135945805107 79.5 1
71.71553256309764 79.5 0
70.89619999999999 77.0462 1
82.02889999999999 74.3143 0
81.84096753471883 73.5 1
63.38441885648679 73.5 0
62.4346 75.35059999999999 1
54.1438 73.05279999999999 0
55.75736330402997 73.5 1
21.60770798001433 73.5 0
25.61198180474323 64.5 1
0 64.5 0
0 61.5 1
26.39148241532232 61.5 0
27.17098302590141 58.5 1
0 58.5 0
0 55.5 1
56.38841632456122 55.5 0
57.0994 52.9235 0