57.0994 52.9235 0
57.0994 52.9235 1
60.0441 50.74850000000001 0
60.95570223371836 52.5 1
100 52.5 0
100 55.5 1
62.51711057009005 55.5 0
64.07851890646177 58.5 1
100 58.5 0
100 61.5 1
65.63992724283347 61.5 0
73.82998413253756 40.5 1
14.04235304056079 40.5 0
19.6301 42.9126 0
18.35374780191558 46.5 1
100 46.5 0
100 49.5 1
17.28638520107562 49.5 0
17.275 49.532 0
6.359787615552467 49.5 1
17.20147452054795 49.5 0
17.275 49.532 1
9.223960000000002 46.02800000000001 0
7.857957621503667 46.5 1
10.30846082191782 46.5 0
9.223960000000002 46.02800000000001 0
10.27166824346101 43.5 1
5.560144348164766 43.5 0
8.48639 45.24160000000001 1
1.3682 41.0051 1
0.403191 42.52460000000001 0
0.403191 41.0051 1
1.3682 41.0051 0
0 40.5 1
11.51499289946696 40.5 0
11.8986 39.5744 1
19.6301 42.9126 0
19.42111040275554 43.5 1
100 43.5 0
100 40.5 1
79.59757434782608 40.5 0
78.92310000000001 42.6756 1
72.09809999999999 39.7602 0
72.46745415314373 37.5 1
52.68786403096922 37.5 0
52.30399209290768 34.5 1
72.95770389185324 34.5 0
73.28639999999999 32.48860000000001 1
81.03370000000001 35.8676 0
80.52762722679202 37.5 1
100 37.5 0
100 34.5 1
77.89809553714116 34.5 0
100 1.5 1
0 1.5 0
0 4.5 1
100 4.5 0
100 7.5 1
0 7.5 0
0 10.5 1
100 10.5 0
100 13.5 1
0 13.5 0
0 16.5 1
100 16.5 0
100 19.5 1
33.00739544053505 19.5 0
37.4314 20.1032 1
24.8202 18.3837 0
24.54574622509121 19.5 1
0 19.5 0
0 22.5 1
23.8081655346618 22.5 0
23.5062 23.7282 1
36.2824 25.5987 0
36.30303621144573 25.5 1
42.13404613916738 25.5 0
42.53955611220691 28.5 1
0 28.5 0
0 25.5 1
35.60824285485165 25.5 0
36.2824 25.5987 0
36.93027668092076 22.5 1
100 22.5 0
100 25.5 1
51.15237627872304 25.5 0
51.53624821678459 28.5 1
100 28.5 0
100 31.5 1
51.92012015484613 31.5 0
52.8798 39 0
44.06180000000001 39.7617 0
42.94506608524644 31.5 1
0 31.5 0
0 34.5 1
43.35057605828597 34.5 0
43.75608603132549 37.5 1
0 37.5 0
0.403191 46.78566524246115 1
2.855930025041055 53.30719999999999 0
0.403191 53.30719999999999 1
0.403191 41.0051 1
0 41.0051 1
0 53.30719999999999 1
4.45851 53.30719999999999 0
4.861617609601268 52.5 1
57.67277032183907 52.5 0
57.0994 52.9235 0