49.5 57.5 0
45.5 52.5 0
45.5 47 1
36.5 47 0
36.5 46 1
45.5 46 0
45.5 45 1
36.5 45 0
36.5 44.5 1
31.5 44.5 1
31.5 47.5 1
26.5 47.5 1
26.5 45.5 1
18.5 45.5 0
18.5 46.31937515251343 1
17.47578105935821 45.5 0
16.67539052967911 45.5 1
18.5 45.5 1
18.5 46.95968757625671 1
14.17539052967911 43.50000000000001 1
12.5 43.5 1
12.5 17.5 1
46.5 17.5 1
46.5 13.5 1
107.5 13.5 1
107.5 11.5 1
108.5 11.5 1
108.5 42.5 1
96.5 42.5 0
108.5 42 1
79.5 42 0
79.5 41 1
108.5 41 0
108.5 40 1
79.5 40 0
80.09999999999999 39 1
108.5 39 0
108.5 38 1
81.30000000000001 38 0
82.5 37 1
108.5 37 0
108.5 36 1
83.69999999999999 36 0
84.90000000000001 35 1
108.5 35 0
108.5 34 1
85.5 34 0
85.5 33 1
108.5 33 0
108.5 32 1
83.5 32 0
83.5 31 1
108.5 31 0
108.5 30 1
83.5 30 0
83.5 29 1
108.5 29 0
108.5 28 1
83.5 28 0
84.5 27.5 0
84.5 27 1
108.5 27 0
108.5 26 1
84.07142857142858 26 0
83.21428571428572 25 1
108.5 25 0
108.5 24 1
82.35714285714286 24 0
81.5 23 1
108.5 23 0
108.5 22 1
80.64285714285714 22 0
79.78571428571428 21 1
108.5 21 0
108.5 20 1
78.92857142857142 20 0
78.5 19.5 0
77.5 19.5 0
77.5 20 1
12.5 20 0
12.5 19 1
108.5 19 0
108.5 18 1
12.5 18 0
12.5 21 1
45.5 21 0
45.5 22 1
12.5 22 0
12.5 23 1
45.5 23 0
45.5 24 1
12.5 24 0
12.5 25 1
45.5 25 0
45.5 52.5 1
46.5 52.5 1
48.5 52.5 0
49.5 57.5 0