51.4044 50.6978 0
51.4044 54.52875380177255 1
53.94810261198563 61.07304022274887 0
55.5 59.74631839471634 1
55.5 100 0
52.5 100 1
52.5 65.28850841680918 0
49.5 70.06923160273638 1
49.5 100 0
48.816 100 1
33.8086 100 1
33.8086 85.09780000000001 0
34.5 85.1548944367201 1
34.5 36.88459959892211 0
33.9515 36.9529 1
33.9218 33.4709 0
34.5 33.45123621427264 1
34.5 0 0
31.5 0 1
31.5 100 0
28.5 100 1
28.5 0 0
25.5 0 1
25.5 70.00201852944409 0
19.5302 63.22029999999999 1
17.5928 32.5539 0
16.5 32.65956114717744 1
16.5 0 0
13.5 0 1
13.5 32.9496265219325 0
10.5 33.23969189668755 1
10.5 0 0
7.5 0 1
7.5 33.52975727144261 0
4.5 33.81982264619765 1
4.5 0 0
1.5 0 1
1.5 100 0
4.5 100 1
4.5 35.05679250169841 0
4.416460000000001 33.8279 1
6.43305 63.4924 0
7.5 63.47023356722646 1
7.5 100 0
10.5 100 1
10.5 63.40790703053717 0
13.5 63.3455804938479 1
13.5 100 0
16.5 100 1
16.5 63.28325395715862 0
19.5 63.22092742046934 1
19.5 74.10006080386825 0
19.3487 75.78800000000001 0
22.5 75.46628771612222 1
22.5 100 0
25.5 100 1
25.5 75.16002146040768 0
19.5 100 1
19.5 75.7725539718368 0
19.3487 75.78800000000001 1
19.6796 72.09639999999999 1
22.0451 71.8169 1
22.2939 69.95519999999999 0
22.5 69.958209668731 1
22.5 0 0
19.5 0 1
19.5 62.74227518323524 0
43.5 63.17263321703258 1
43.5 0 0
46.5 0 1
46.5 58.4334541248368 0
47.6032 56.69070000000001 1
38.4889 71.08879999999999 0
40.5 67.91181230922837 1
40.5 0 0
37.5 0 1
37.5 33.34921034574602 0
49.5 0 1
49.5 58.00079464492137 0
51.4044 50.6978 0