57.4575 61.6454 0
54.8073 63.2831 1
58.9739 69.07599999999999 0
58.49999999999999 68.41712818365093 1
58.49999999999999 77.74111913180056 0
55.49999999999999 76.42099982956825 1
55.49999999999999 64.24617344837515 0
40.49999999999999 75.31148176999386 1
40.49999999999999 0 0
43.49999999999999 0 1
43.49999999999999 76.39713172596001 0
46.49999999999999 77.48278168192618 1
46.49999999999999 0 0
49.49999999999999 0 1
49.49999999999999 78.56843163789236 0
50.26479999999999 78.84520000000001 1
52.0844 74.91800000000001 0
52.49999999999999 75.1008805273359 1
52.49999999999999 0 0
55.49999999999999 0 1
55.49999999999999 62.85504370613539 0
57.4575 61.6454 0
57.4575 61.6454 1
61.8215 67.25659999999999 0
61.49999999999999 67.46201406798707 1
61.49999999999999 79.06123843403287 0
64.054 80.18510000000001 1
61.11920000000001 86.4007 0
61.49999999999999 85.59420535641271 1
61.49999999999999 100 0
58.49999999999999 100 1
58.49999999999999 85.5880880030771 0
55.49999999999999 84.65733205058444 1
55.49999999999999 100 0
52.49999999999999 100 1
52.49999999999999 83.72657609809181 0
50.4598 83.09360000000001 1
48.64019999999999 87.02090000000001 0
49.49999999999999 85.16516657507145 1
49.49999999999999 100 0
46.49999999999999 86.17003454925165 1
46.49999999999999 100 0
43.49999999999999 100 1
43.49999999999999 84.97734398190045 0
41.4577 84.16540000000001 1
38.2286 74.48949999999999 0
40.49999999999999 81.29568105973797 1
40.49999999999999 100 0
37.5 100 1
37.5 0 0
34.5 0 1
34.5 100 0
31.49999999999999 100 1
31.49999999999999 0 0
28.49999999999999 0 1
28.49999999999999 100 0
25.49999999999999 100 1
25.49999999999999 0 0
22.49999999999999 0 1
22.49999999999999 100 0
19.49999999999999 100 1
19.49999999999999 0 0
16.5 0 1
16.5 100 0
13.5 100 1
13.5 0 0
10.5 0 1
10.5 100 0
7.499999999999998 100 1
7.499999999999998 0 0
4.5 0 1
4.5 100 0
1.5 100 1
1.5 0 0
73.5 27.41347599107142 1
73.5 75.05454049359329 0
72.92750000000001 74.9332 1
70.167 96.0599 1
70.167 100 1
89.71459999999999 100 1
89.71459999999999 97.97146963419576 0
88.49999999999997 96.84294316939915 1
88.49999999999997 97.85269328939157 0
88.43360000000001 97.84620000000001 1
89.71459999999999 78.49119999999999 0
100 100 1
100 0 0
97.49999999999997 0 1
97.49999999999997 100 0
94.49999999999997 100 1
94.49999999999997 0 0
91.49999999999997 0 1
91.49999999999997 100 0
89.71459999999999 99.47862480554429 1
70.167 97.56705517134853 0
70.167 96.0599 0
70.5 93.51137940590482 1
70.5 25.84180507270408 0
67.5 24.27013415433673 1
67.5 100 0
64.5 100 1
64.5 0 0
61.49999999999999 0 1
61.49999999999999 66.84321759853344 0
76.5 75.69038587486821 1
76.5 25.11800495635676 0
75.0351 28.2177 1
81.62260000000001 14.2787 0
79.49999999999997 18.77007326755221 1
79.49999999999997 76.3262312561431 0
82.49999999999997 76.96207663741802 1
82.49999999999997 35.96345415690584 0
80.74080000000001 33.13500000000001 1
84.92420000000001 39.86109999999999 0
85.49999999999997 39.33879922007462 1
85.49999999999997 77.59792201869291 0
88.49999999999997 78.23376739996783 1
88.49999999999997 36.61753777551714 0
91.41200000000001 33.9761 1
86.0752 28.5626 0
88.49999999999997 31.02224900314793 1
88.49999999999997 0 0
85.49999999999997 0 1
85.49999999999997 29.0556347330534 0
82.49999999999997 31.62709544091183 1
82.49999999999997 0 0
79.49999999999997 0 1
79.49999999999997 12.54073645851106 0
76.5 10.08436661752981 1
76.5 0 0
73.5 0 1
73.5 10.52045289842529 0
74.4725 8.42427 1
67.1951 24.1104 0
67.5 23.45320085786135 1
67.5 0 0
70.5 0 1
70.5 16.98682687814332 0
58.49999999999999 0 1
58.49999999999999 62.98583904674609 0
57.4575 61.6454 0