46.84350000000001 50.27200000000001 0
46.84350000000001 50.27200000000001 1
44.5061 42.4457 0
44.89002803496187 43.73120354240697 1
34.22088939202865 0 0
31.8392 5.139239999999999 1
32.0104 2.28079 1
21.6604 4.0608 1
22.4694 7.37677 0
23.6312689348372 7.223602606630445 1
27.53626118706546 23.22958178910426 0
24.49824889153138 23.43444202696229 1
18.78092828856678 0 0
20.669683196634 0 1
21.6604 4.0608 0
21.03563946265276 1.5 1
31.81991000470347 1.5 0
31.4539537386847 0 1
32.0104 2.28079 0
31.94711857309976 3.337371744877205 1
41.72415599440943 43.41198580908015 0
38.87740146644742 44.4007830302954 1
29.61480896161623 6.434801734566031 0
26.62303894822672 6.829202170598238 1
30.52043237803984 22.80403491652828 0
30.8685 22.7544 1
30.3562 28.3282 0
30.76993992268812 23.82672902385507 1
44.11918889696652 78.5433039574001 0
42.64490000000001 78.4528 1
44.4372 96.12219999999999 1
45.38327013891171 100 0
45.01731387289296 98.5 1
57.64633422212478 98.5 0
57.72072510885468 98.80491711839997 1
62.96392510885468 99.04241711839995 0
63.19754741269058 100 1
62.59350000000001 97.5241 1
60.31059999999999 89.35169999999999 1
56.25149999999999 82.9828 1
49.8124 78.89279999999999 0
50.4846097542534 79.319775492677 1
46.2287759210389 61.87574914419211 0
44.2313 62.8664 1
40.93219999999999 57.0256 1
37.5913 44.8475 0
22.65145949924187 28.52194677714654 1
40.09002048058019 100 0
43.17801270127256 100 1
25.77442257084815 28.66528706454453 0
28.80796501481227 28.44210557364518 1
43.80900306881922 89.92911689125387 0
44.4372 96.12219999999999 1
56.95553364379813 95.66851174933336 1
57.3503 97.28659999999999 0
56.95553364379813 95.66851174933336 1
57.2373 95.6583 1
57.3503 97.28659999999999 0
64.79395824611919 100 1
45.73018546093434 21.86044667183014 0
44.434 20.5717 0
47.94224696581692 18.27013767837676 1
43.48486605410578 0 0
40.39687383341341 0 1
45.28031198804432 20.01648259284483 0
44.434 20.5717 1
52.69329999999999 28.7836 0
53.38135244996921 27.90699929547833 1
70.96994268750393 100 0
67.88195046681156 100 1
49.80712335722316 25.91398708209908 0
51.56274816151181 58.4244670702024 1
37.30888161272102 0 0
15.69293606787441 0 1
21.38950813400815 23.34939687779669 0
18.06513302662852 22.38049878043159 1
12.60494384718204 0 0
9.516951626489661 0 1
33.91403603919545 100 0
37.00202825988782 100 1
19.27328499140091 27.33253298392517 0
0 36.93474820692811 1
11.61417024046391 84.53949492172552 0
9.252896442347467 87.51820504250315 1
0 49.59196645668001 0
0 62.24918470643192 1
9.210098273656453 100 0
6.122106052964076 100 1
0 74.90640295618383 0
0 87.56362120593573 1
3.034113832271702 100 0
0 100 1
0 0 0
0.2529749644125379 0 1
4.778237816085301 18.54837559735641 0
7.381250573643447 16.56051731507061 1
3.340967185104912 0 0
6.428959405797286 0 1
9.984263331201589 14.57265903278481 0
10.2169 14.395 1
14.0222 19.0725 0
11.59963292500486 21.19381739120733 1
30.82604381850307 100 0
16.56088319862355 92.15811322063692 1
18.47407493573358 100 0
15.3860827150412 100 1
13.92193664110577 93.99868423141203 0
14.6897 94.55789999999999 1
7.7052 89.47059999999999 0
10.16662093456016 91.26342507271644 1
12.29809049434882 100 0
21.56206715642595 100 1
18.91293693289178 89.14161143716615 0
19.8848 87.89519999999999 1
13.1147 82.64660000000001 0
14.50292122770531 83.72283490579667 1
0 24.27752995717619 0
5.095802021279511 19.85002377720541 1
24.65005937711832 100 0
27.7380515978107 100 1
9.055212221134539 23.42183573810033 0
8.32311 24.0629 1
4.349489999999999 18.8758 0
0 11.62031170742429 1
18.31121993678032 86.67526346733212 0
42.7370678152153 60.22097811376118 1
47.25413296676102 78.73575256440529 0
48.98345803386646 60.50956086436948 1
54.13889083217147 81.64090882011172 0
56.25149999999999 82.9828 0
58.36226902127937 86.29468608795699 1
51.73814014669401 59.14337258454685 0
51.9252 59.0506 1
46.84350000000001 50.27200000000001 0
46.84350000000001 50.27200000000001 0