24.9598 65.5926 0
29.5 71.60394051103148 1
29.5 10.13277917059155 0
28.2583 10.187 1
28.2583 8.888087117392317 1
28.3418 8.885860000000001 1
28.2583 10.187 0
32.5 10.00177934114375 1
32.5 75.5760169686973 0
35.5 79.54809342636315 1
35.5 9.870779511695943 0
35.8806 9.85416 1
36.0301 3.81532 1
36.0301 0 1
7.817489999999999 0 1
7.817489999999999 4.76263 1
7.96355 9.429390000000001 0
8.5 9.415081770956778 1
8.5 61.78164758574044 0
7.95477 62.4539 1
12.1981 57.22199999999999 0
11.5 58.08273658895254 1
11.5 9.33506557722081 0
14.5 9.255049383484842 1
14.5 60.88665164139492 0
16.7948 64.53999999999999 1
12.1981 57.22199999999999 0
7.95477 62.4539 0
8.5 62.95933689259222 1
8.5 100 0
11.5 100 1
11.5 65.74038466651635 0
14.2086 68.25129999999999 1
16.7948 64.53999999999999 0
14.5 67.83312939447839 1
14.5 100 0
17.5 100 1
17.5 37.61308935258165 0
17.1921 37.6331 1
17.0998 33.1063 0
17.5 33.12351213949773 1
17.5 9.175033189748873 0
20.5 9.095016996012905 1
20.5 33.49858488549619 0
20.4805 33.2517 1
20.808 37.3981 0
20.5 37.41811714649188 1
20.5 68.76719520491125 0
24.9598 65.5926 0
23.5 66.63172150323544 1
23.5 9.015000802276937 0
28.2583 10.187 0
26.5 8.934984608540969 1
26.5 67.63186405336563 0
24.9598 65.5926 0