6.34577 55.3585
4.15876 53.0917
2.1541 55.6229
4.34112 57.8897

17.0006 62.9029
5.71104 62.4528
5.20504 66.9863
9.36987 69.8271
12.2678 69.9885

12.6657 55.3118
8.36296 52.7148
5.89048 57.1328
9.82425 59.5038

23.3039 61.1369
15.8263 44.8606
10.2246 48.8745
12.4085 53.5511
19.2985 63.5185

19.9334 83.4777
18.9714 81.1485
10.2744 84.6106
10.0935 86.3731
18.8217 87.7019

38.1427 13.3852
29.7363 12.1293
29.3046 17.805
37.0763 18.7005

56.229 92.91
45.6665 85.4104
38.2893 95.0592
50.834 99.771

56.5759 38.504
55.0088 33.8666
47.166 37.7836
49.1516 42.851

77.576 24.487
74.1496 17.9801
67.977 13.2389
61.6504 11.1238
55.3688 11.616
53.3251 12.3111
54.4766 18.1286
57.8504 25.1427
67.5676 20.61
70.081 24.8928
71.5086 24.055
72.863 25.6348

56.7358 83.0426
56.3358 75.3693
47.1976 76.1084
47.3579 80.6227
48.9624 80.8018
49.252 84.5587

42.5312 5.49461
39.3219 5.14003
38.5624 8.19695
41.7717 8.55153

70.6357 90.0323
63.5798 76.2351
57.7699 79.3848
63.6359 90.5665
66.9016 92.3615

89.2632 47.6152
58.0481 53.2317
58.6371 57.3333
89.2509 52.2152

76.3872 38.3813
64.3518 37.7838
59.4081 41.9748
58.9181 44.3242
75.6417 46.0711

91.1704 74.0192
82.3162 64.8757
77.9812 68.2665
86.8718 77.6306