13.1301 16.1531
6.4167 11.0237
1.23486 17.8451
8.11172 23.1873

39.1418 55.1846
27.7935 41.7549
25.6262 43.5997
36.0814 56.4192

41.1884 68.9366
38.1376 68.7069
35.0991 64.8672
31.324 67.6746
32.0734 69.0054
30.6362 79.9423
39.9974 82.5588

65.8046 80.5656
61.2151 70.8993
44.5625 78.7262
45.1577 84.2918

94.7725 38.6318
93.1975 25.9149
61.6744 28.1266
63.4177 41.7332

81.6201 5.89399
68.0885 1.99935
66.6155 7.06546
74.4297 12.4358
80.0276 13.7564

57.5306 20.6123
50.0588 20.6129
49.8875 24.5271
51.331 24.6638
50.9824 27.9228
54.3763 27.7954
57.4228 22.4875