49.3283 35.2979 0
35.3223 42.90989999999999 1
29.9557 39.3181 0
31.1018580140006 37.4898 1
23.20846759332804 37.4898 0
24.83801485305798 40.4898 1
31.70636685784286 40.4898 0
22.3294 48.6601 1
25.2894 47.4747 0
26.78691684350132 49.4898 1
83.67905078453603 49.4898 0
82.56870000000001 48.971 1
88.4203 51.7051 0
100 58.4898 1
70.55104698579672 58.4898 0
71.03290000000001 56.5804 1
64.65350000000001 54.5198 0
64.40062500907968 55.4898 1
25.80963450529793 55.4898 0
23.1187 57.3977 1
27.2185 54.4909 0
26.88610543043205 61.4898 1
100 61.4898 0
100 64.4898 1
31.50121544536032 64.4898 0
36.0271 67.43180000000001 1
29.4971 70.46639999999999 1
20.7367 67.02770000000001 0
20.36862879998355 67.4898 1
21.91394164364439 67.4898 0
18.0054 78.98269999999999 1
22.8024 77.1748 0
35.90229277664274 67.4898 1
100 67.4898 0
100 70.4898 1
76.95429733902907 70.4898 0
81.91980000000001 73.55889999999999 1
75.17670000000001 76.02799999999999 0
75.25115025119712 76.4898 1
13.1999622772654 76.4898 0
14.2782 77.35380000000001 1
4.588419999999999 82.3546 0
10.13938819388899 79.4898 1
18.16654980892826 79.4898 0
19.1199109345145 82.4898 1
0 82.4898 0
0 82.3546 1
0 58.1876 1
21.8061 58.1876 1
36.0271 67.43180000000001 0
62.61499999999999 96.6696 0
64.71335026985349 97.4898 1
0 97.4898 0
0 100 1
100 100 0
100 97.4898 1
70.67080518497758 97.4898 0
70.57859999999999 99.7824 1
62.61499999999999 96.6696 0
63.17615586791332 94.4898 1
0 94.4898 0
0 91.4898 1
63.94845956721599 91.4898 0
64.36255702054638 88.4898 1
0 88.4898 0
0 85.4898 1
20.07327206010074 85.4898 0
20.2008 85.89109999999999 1
24.7824 84.3955 0
21.43013677453867 85.4898 1
64.53249595644277 85.4898 0
64.70243489233914 82.4898 1
24.25983487473513 82.4898 0
23.43719995014334 79.4898 1
64.87237382823554 79.4898 0
64.88210000000001 79.31809999999999 1
71.32480000000001 81.22880000000001 0
65.46105618883129 79.4898 1
75.73480281419265 79.4898 0
73.5375205132932 82.5471 1
71.23592220454344 83.88986393163088 0
71.05627928935786 88.35652540467731 1
73.20352807191895 91.8494 0
74.96430000000001 91.8494 1
80.5712 88.44909999999999 0
80.50408803046793 88.4898 1
100 88.4898 0
100 85.4898 1
78.53699462893934 85.4898 0
80.49844697097436 79.4898 1
100 79.4898 0
100 82.4898 1
71.27408433295963 82.4898 0
71.28992630325112 82.5471 1
70.91580072869957 91.8494 0
70.791461014574 94.4898 1
100 94.4898 0
100 91.4898 1
75.55725980942859 91.4898 0
74.96430000000001 91.8494 1
70.89765423206279 91.8494 1
71.27177980661435 82.5471 1
71.28992630325112 82.5471 1
76.51419999999999 82.5471 0
75.9982 81.12360000000001 1
82.85929999999999 78.6327 0
82.46250577279358 76.4898 1
100 76.4898 0
100 73.4898 1
15.58951778483812 73.4898 0
17.97907329241083 70.4898 1
69.93012463326514 70.4898 0
63.2179 60.0266 0
63.6185374082952 58.4898 1
22.27099541550377 58.4898 0
21.8061 58.1876 0
21.37980513723354 58.1876 1
2.692274623930972 82.3546 0
0 80.93204233506631 1
17.58751438509549 58.1876 0
13.79522363295743 58.1876 1
0 76.02779398926796 0
0 71.12354564346961 1
10.00293288081937 58.1876 0
6.210642128681318 58.1876 1
0 66.21929729767126 0
0 61.31504895187291 1
2.418351376543262 58.1876 0
0 55.4898 1
19.93170715699441 55.4898 0
18.3614625821729 52.4898 1
0 52.4898 0
0 46.4898 1
19.65947711980879 46.4898 0
21.19913638718773 44.4422 1
7.11326 37.34943082165185 0
7.11326 40.70829246495553 1
14.52860916156318 44.4422 0
7.85808193593863 44.4422 1
7.11326 44.06715410825923 0
5.61326 44.4422 1
5.61326 21.4713 0
2.61326 21.4713 1
2.61326 44.4422 0
0 49.4898 1
18.53447443421557 49.4898 0
17.49 47.6305 1
20.6728 45.95699999999999 0
20.99932749805778 46.4898 1
84.06603970154043 46.4898 0
85.87646171694479 43.4898 1
25.07916725220716 43.4898 0
24.5344 44.4422 1
0 44.4422 1
0 21.4713 1
20.2135417551067 21.4713 1
19.0937 28.9074 1
21.31118791104051 32.9898 1
38.40826553321337 32.9898 1
49.3283 35.2979 0
49.3283 35.2979 0