49.3283 35.2979 0
49.85492778275439 31.7548 1
84.06856650780776 31.7548 0
85.4958 29.5834 1
90.8623 34.1181 0
90.28302657932136 34.7548 1
100 34.7548 0
98.94773103238828 36.50700000000001 1
90.15332756046337 51.7051 0
93.61938268139008 51.7051 1
100 40.67839871439932 0
100 46.66828222401121 1
97.08543780231682 51.7051 0
100 55.4898 1
67.65651756769873 55.4898 0
87.85437222925538 13.7548 1
33.89130226569389 13.7548 0
38.27534780405676 16.7548 1
100 16.7548 0
100 13.7548 1
93.52447632719318 13.7548 0
100 0 1
0 0 0
0 1.754799999999999 1
100 1.754799999999999 0
100 4.754799999999998 1
0 4.754799999999998 0
0 7.754799999999999 1
100 7.754799999999999 0
100 10.7548 1
93.47845962636364 10.7548 0
93.46449999999999 9.844719999999999 1
87.7877 10.2438 0
87.79740364829095 10.7548 1
0 10.7548 0
0 13.7548 1
29.26065038917405 13.7548 0
27.13609602613159 16.7548 1
0 16.7548 0
0 19.7548 1
31.46483237744832 19.7548 0
30.34861421421612 22.7548 1
100 22.7548 0
100 19.7548 1
37.12525823332888 19.7548 0
39.88590000000001 17.8569 1
34.4436 21.5984 1
26.9781 16.9779 0
30.7722 11.6204 1
39.88590000000001 17.8569 0
47.76493544289289 25.7548 1
100 25.7548 0
88.06549989194434 31.7548 1
100 31.7548 0
100 28.7548 1
50.30083203277927 28.7548 0
50.67230000000001 26.2556 1
20.2814 21.0207 0
19.62850621082518 21.4713 1
20.08655064032818 22.31456077706806 0
19.34548764696873 27.2354511616163 1
16.21450207027506 21.4713 0
12.81628732018125 21.4713 1
7.11326 32.42246929002272 0
7.11326 35.67 1
7.11326 21.4713 0
7.11326 25.92740787006814 1
9.433861960543755 21.4713 0
14.5075 21.4713 1
20.76414670373312 32.9898 1
21.31118791104051 32.9898 0
21.57892033359809 34.4898 1
32.98255267133354 34.4898 0
31.15470605229702 32.9898 1
20.03448536790903 30.63938787999241 0
33.9229 32.9898 1
39.49420000000001 36.9012 0
36.43692170578309 34.7548 1
46.75879663406619 34.7548 0
49.3283 35.2979 0
27.8109 50.8677 1
25.7158 52.74299999999999 0
25.99867704367301 52.4898 1
100 52.4898 0
100 51.7051 1
100 36.50700000000001 1
97.21470347192491 36.50700000000001 0
92.80665138657901 37.7548 1
96.49266212121213 37.7548 0
95.71860000000001 39.0925 1
90.09039999999999 36.50700000000001 1
88.43217412869063 39.2548 0
88.21681278706583 39.2548 1
88.85643608376481 38.55176730685288 0
87.68688373234917 40.4898 1
37.0025994308253 40.4898 0
39.49420000000001 36.9012 0
38.90153705460416 37.7548 1
84.35799061850727 37.7548 0
86.18889999999999 39.2548 1
81.60650000000001 35.50060000000001 0
82.09670481646725 34.7548 1
49.40902353272951 34.7548 0
49.3283 35.2979 0