45.0729 46.6876 0
50.5 45.27527143325378 1
50.5 100 0
47.5 100 1
47.5 64.77537689307243 0
48.4812 62.3074 1
45.37909999999999 70.11000000000001 1
43.89100000000001 60.261 0
44.5 60.53250398675439 1
44.5 0 0
46.7064 1.835835165023633 1
56.7991160274936 0 0
59.5 7.131782036583067 1
59.5 7.7335739462953 0
59.4336 7.14386 1
60.7333 18.6868 0
59.5 18.83304297019878 1
59.5 32.13096043206015 0
58.468 33.0596 1
60.0248 36.9751 0
59.5 35.65517810894141 1
59.5 66.63122680599443 0
56.5 73.48505779807903 1
56.5 43.71385347514035 0
56.9717 43.5911 0
56.5 41.80687801005077 1
56.5 19.1887787284055 0
53.5 19.54451448661223 1
53.5 30.45927154439954 0
53.1113 28.989 1
56.9717 43.5911 0
53.5 44.49456245419707 1
53.5 100 0
56.5 100 1
56.5 82.29275237630526 0
59.5 100 1
59.5 84.64523522028807 0
62.5 86.21651898227927 1
62.5 100 0
65.5 100 1
65.5 87.78780274427049 0
57.2701 83.47730000000001 1
54.196 78.74879999999999 1
60.5886 64.14420000000001 0
62.5 65.1390034088754 1
62.5 36.0157805426943 0
65.5 34.85306303626368 1
65.5 48.42340666532064 0
62.95269999999999 53.01990000000001 1
66.91499999999999 45.87009999999999 1
68.03639999999999 38.3473 0
68.5 38.523243398652 1
68.5 33.69034552983305 0
69.9383 33.13290000000001 1
68.65049999999999 28.978 0
71.5 27.59444899468236 1
71.5 39.66178998181852 0
73.48150000000001 40.41379999999999 1
71.97479999999999 45.77760000000001 1
65.97550000000001 54.1524 0
65.5 53.9742526697102 1
65.5 66.70037738953158 0
68.5 68.26175137018774 1
68.5 50.62829175403797 0
71.5 46.44040316703615 1
71.5 69.82312535084392 0
74.5 71.38449933150008 1
74.5 26.13782396715018 0
77.5 24.68119893961801 1
77.5 100 0
74.5 100 1
74.5 79.56445469625848 0
77.4622 72.92619999999999 1
70.8793 87.67840000000001 0
68.5 88.95765663825929 1
68.5 100 0
71.5 100 1
71.5 86.28741873946134 0
86.5 84.87043913497044 1
86.5 9.472815006620412 0
85.7295 7.86764 1
87.61760000000001 11.8011 0
95.5 12.62658364033624 1
95.5 100 0
92.5 100 1
92.5 12.31240890662459 0
89.5 11.99823417291294 1
89.5 87.53030630196938 0
87.60650000000001 84.21780000000001 1
89.89150000000001 88.21520000000001 0
89.5 88.43865417419886 1
89.5 100 0
86.5 100 1
86.5 90.15094669679539 0
98.5 100 1
98.5 0 0
95.5 0 1
95.5 9.633949829697219 0
97.5035 12.8364 1
91.92519999999999 3.91989 0
92.5 4.838666320384347 1
92.5 0 0
89.5 0 1
89.5 5.465168709427505 0
86.5 7.376696059040947 1
86.5 0 0
83.5 0 1
83.5 37.03190576757076 0
86.32310000000001 37.90989999999999 1
83.97409999999999 45.1476 0
83.5 45.02037579926539 1
83.5 86.63990809557717 0
81.56739999999999 87.77979999999999 1
83.8065 91.6883 0
83.5 91.15328358715556 1
83.5 100 0
80.5 100 1
80.5 44.2153291799787 0
79.37299999999999 43.91289999999999 1
81.92089999999999 36.5408 0
80.5 40.65203548412418 1
80.5 0 0
77.5 0 1
77.5 22.17496298342542 0
78.1848 24.3487 1
76.24809999999999 18.2011 1
74.68340000000001 18.51677836862073 1
74.68340000000001 14.7888 1
74.62809999999999 13.1888 0
74.5 13.16357987094639 1
74.5 0 0
71.5 0 1
71.5 12.57294453011251 0
68.5 11.98230918927862 1
68.5 0 0
65.5 0 1
65.5 26.73189317659592 0
65.56209999999999 26.67601283050186 1
74.6139 18.5308 1
74.68340000000001 18.51677836862073 0
69.59419006447101 15.88770523876243 1
65.56209999999999 19.51595947845712 0
66.6437 16.5248 1
74.68340000000001 14.7888 0
74.68340000000001 15.343982694657 1
65.56209999999999 23.55173472086799 0
62.5 29.43142680432803 1
62.5 0 0
60.7333 2.333609516890854 1
46.7064 4.88506109901418 0
46.7064 7.934287033004727 1
60.7333 5.3828354508814 0
60.7333 6.907448417876674 1
60.7333 0 1
46.7064 0 1
46.7064 9.4589 1
48.4385 20.1447 0
50.5 19.90025024481895 1
50.5 29.97587208137941 0
47.5 31.10964309357189 1
47.5 14.35483607759367 0
39.88509999999999 11.618 1
40.015 15.796 0
38.5 15.90817002397224 1
38.5 65.83676192487221 0
43.89100000000001 60.261 0
47.5 61.86996204958389 1
47.5 46.05598041231049 0
45.0729 46.6876 0