45.0729 46.6876 0
35.5 63.65561055790175 1
35.5 16.1302888833232 0
31.6303 16.4168 0
23.5 0 1
23.5 61.58973663732772 0
20.5 59.84097531321112 1
20.5 0 0
17.5 0 1
17.5 58.0922139890945 0
14.6881 56.45310000000001 1
10.8807 62.9401 0
11.5 63.35829294247696 1
11.5 100 0
14.5 100 1
14.5 65.38409437543501 0
17.5 67.40989580839303 1
17.5 100 0
20.5 100 1
20.5 69.43569724135108 0
23.0932 71.18680000000001 1
25.8926 67.31360000000001 0
26.5 67.65848452376542 1
26.5 77.25241631092857 0
25.626 77.33240000000001 1
25.626 100 1
35.7637 100 1
35.7637 98.1848 1
34.0498 76.5615 0
32.5 71.06531221983477 1
32.5 76.70332920059832 0
29.5 76.97787275576343 1
29.5 69.36189837180009 0
23.5 70.623958762592 1
23.5 100 0
25.626 95.67446495800857 1
25.94365881769733 99.54580000000001 0
25.626 99.54580000000001 1
35.7637 99.54580000000001 0
27.4487 99.54580000000001 1
35.7637 98.1848 0
38.5 100 1
38.5 70.32626404062586 0
35.5 94.85784731314547 1
35.5 72.76872606786944 0
36.68980000000001 73.4443 1
40.33280000000001 67.16929999999999 0
44.5 64.29167065385391 1
44.5 100 0
41.5 100 1
41.5 0 0
38.5 0 1
38.5 11.67734027629307 0
35.5 11.80586589096291 1
35.5 0 0
32.5 0 1
32.5 11.93439150563276 0
31.3724 11.9827 1
31.6303 16.4168 0
32.5 16.35240774267416 1
32.5 61.47445919093131 0
29.5 59.29330782396087 1
29.5 0 0
26.5 0 1
26.5 62.98451338081912 0
26.3336 63.2415 1
29.0853 58.9918 0
14.5 48.9167781292585 1
14.5 56.7735824026895 0
11.5 61.88494448705153 1
11.5 49.5429477969366 0
9.057759999999998 50.0527 1
8.280059999999999 44.4153 0
8.5 44.3977380807585 1
8.5 0 0
0 0 1
0 100 0
2.5 100 1
2.5 0 0
5.5 0 1
5.5 100 0
8.5 100 1
8.5 46.00960340234023 0
8.280059999999999 44.4153 0
11.5 44.15819203308872 1
11.5 0 0
14.5 0 1
14.5 43.91864598541893 0
14.9627 43.8817 1
15.6622 48.6742 0
46.1808 31.6082 1
45.0729 46.6876 0
45.0729 46.6876 0