48.3477 50.04859999999999 0
32.16914365117711 60.11606080200086 1
34.22878720692184 0 0
37.23054742701191 0 1
35.02644169080713 64.33256574039314 0
52.28159751069091 58.30774823424427 1
55.34324496183015 59.69485330806737 0
50.4639984551348 51.81821514465169 1
48.81323655627308 100 0
51.81499677636316 100 1
52.95519857298761 66.72024130522834 0
52.22709999999999 59.8984 1
52.44827053779299 53.44296190726037 0
52.3927128620923 55.06455734958833 1
61.01928844388057 58.97289981885741 0
61.059 59.3215 1
52.22709999999999 59.8984 1
53.8633 75.2286 0
55.65690085417386 75.4782136490125 1
54.81675699645322 100 0
57.8185172165433 100 1
58.64441634350418 75.89398321169855 0
24.9814 77.93680000000001 1
26.1963 83.1003 0
25.48214840609937 80.06505285611496 1
25.69427416226429 73.87361025445102 0
26.3539 74.8212 1
17.829 62.57470000000001 0
20.12848592786972 61.0972559068246 1
21.93091631846742 8.488631152156131 0
1.5 0 1
1.5 100 0
4.5 100 1
4.5 0 0
10.21470544620124 0 1
7.105054231448676 90.76326871106897 0
25.37611787390254 83.15983005804108 1
24.79915479555248 100 0
27.80091501564255 100 1
28.71661653217164 73.27286661295986 0
31.78732008969292 71.26057577100974 1
30.80267523573263 100 0
33.8044354558227 100 1
34.85802364721418 69.24828492905965 0
37.2814 67.6602 1
28.9801 55.41 0
29.31184561154707 55.89955586360858 1
31.22702698683177 0 0
27.96561808035145 7.578523077286286 1
28.22526676674169 0 0
25.22350654665162 0 1
25.03026571221627 5.640236981755056 0
26.0575 5.048970000000001 1
29.7402 9.931049999999999 0
27.84203244482766 11.18569168599042 1
26.26713731584442 57.1531072937351 0
23.19781162185707 59.12518160027986 1
24.81699533540058 11.8650883178793 0
25.538 12.7086 1
21.3211 7.7752 0
21.96811873545941 7.402781731447618 1
22.22174632656154 0 0
19.21998610647147 0 1
18.3494828786361 25.40790362824041 0
20.1828 25.6638 1
17.7482 35.23309999999999 0
18.05404755006444 34.03095305149445 1
16.95957426467246 65.97600606189206 0
17.5124 66.0677 1
15.7058 76.429 1
9.041789999999999 69.0538 1
10.2649 64.8656 0
10.98997719098229 64.9858642692349 1
11.93788720770547 37.31864192815786 0
10.6297 37.7882 1
13.6375 24.7502 0
15.36200936593019 24.99090886845734 1
16.21822588638139 0 0
13.21646566629132 0 1
12.14716198936248 31.21041244188177 0
7.5 27.14318323868352 1
7.5 0 0
8.429955852425469 0 1
5.2974 91.43180000000001 1
7.33206 95.2747 0
7.5 95.19913390286754 1
7.5 100 0
10.5 93.84925721239864 1
10.5 100 0
10.83512198111933 100 1
11.0544 93.59979999999999 1
9.499559999999999 89.8777 0
10.08882525796854 91.2883301720336 1
10.78452500068497 70.98252147206438 0
13.67662405031957 74.18326830630761 1
12.79211391519218 100 0
15.79387413528226 100 1
16.82047152469302 70.03608177305335 0
22.83332426622947 69.76369425522637 1
21.79739457546241 100 0
18.79563435537233 100 1
19.97237437019465 65.65377825600169 0
13.97477572782737 65.48093516556347 1
14.97702153795477 36.22778119524784 0
17.7482 35.23309999999999 0
42.52225442564549 20.7761289628693 1
39.80795589600285 100 0
36.80619567591278 100 1
39.55142248892443 19.87340647075319 0
37.75660000000001 17.9825 1
42.4425 12.3244 0
42.80146243547868 12.62671609542371 1
43.23406786719207 0 0
40.23230764710199 0 1
39.69645780284507 15.64017313978581 0
42.4425 12.3244 0
45.71903743616791 15.08388095485535 1
46.23582808728214 0 0
49.23758830737222 0 1
48.63661243685715 17.54104581428699 0
50.4872 19.0996 0
48.56938416290302 19.50327806237058 1
45.81147633618301 100 0
42.80971611609293 100 1
45.54581929427425 20.13970351261994 0
51.13035657614633 32.3688180842213 1
52.2393485274623 0 0
55.24110874755236 0 1
54.1555390716704 31.68517798048379 0
54.1904 31.6773 0
69.22500681342859 29.91446406868042 1
67.31651613577586 85.61873449829727 0
64.2093668756736 88.69478808027111 1
65.35924597041458 55.13257223880093 0
66.196 53.8103 1
63.3134 58.3655 1
62.76696735661243 74.31455965523324 1
63.0162 76.50239999999999 0
61.63193183283451 76.30975277438458 1
60.82027743663338 100 0
69.82555809690359 100 1
70.22401658455456 88.36995139091576 0
67.21410418843973 88.60789387771464 1
66.82379787681353 100 0
63.82203765672345 100 1
64.20419179232488 88.84583636451356 0
64.04400000000001 88.85849999999999 1
69.43979999999999 83.51669999999999 1
73.315 88.12559999999999 0
73.23392898066939 88.13200890411687 1
72.82731831699368 100 0
75.82907853708375 100 1
76.8788324627703 69.36019795867367 0
76.75700000000001 68.51249999999999 0
76.90931460160184 68.47049735671308 1
78.42160057367343 24.33049303727815 0
75.25380072804589 29.17679190123005 1
73.23731409080236 88.03320564954041 0
70.35308020515359 84.60289352227815 1
72.22742200409576 29.89534704674401 0
74.79480000000001 29.879 1
88.97669999999999 8.182639999999999 1
89.25704640923936 0 0
89.2056547295542 1.5 1
66.26736911448987 1.5 0
73.53313229980546 7.500000000000002 1
89.00008801081353 7.500000000000002 0
88.97669999999999 8.182639999999999 1
66.07310000000001 7.170249999999999 0
66.16458575511953 4.500000000000002 1
89.10287137018386 4.500000000000002 0
98.5 7.782347468263726 1
98.5 100 0
95.5 100 1
95.5 45.41318903562282 0
89.19473215762483 60.34534914195484 1
90.52189348716755 21.60868960767594 0
93.48669142459792 22.68753008255086 1
92.19980786584298 60.24857798689735 0
93.9288 60.19289999999999 1
94.8218 62.9545 1
94.79419999999999 66.0138 1
96.26539280280014 23.07320693669951 1
96.15010000000001 23.6567 0
96.26539280280014 23.07320693669951 1
96.71270000000001 20.8094 1
98.11539999999999 19.0079 1
98.76663193885844 0 0
97.26575182881342 0 1
96.63057495006345 18.53929130429132 0
93.66092484724859 17.60207391194556 1
94.26399160872333 0 0
91.26223138863327 0 1
90.69127474443374 16.66485651959979 0
87.92500011055603 9.791596445422442 1
85.76897865168243 72.72069733307467 0
86.831735784454 80.92247873127647 1
85.078 67.38810000000001 0
92.5 65.89494909791998 1
92.5 100 0
89.5 100 1
89.5 65.73953426650155 0
88.4145 65.6833 1
87.53489999999999 60.39879999999999 1
86.831735784454 80.92247873127647 1
87.49780000000001 86.06280000000001 1
87.02029592126127 100 0
84.83435919735396 100 1
85.29477128785061 86.56167415518482 0
82.26954010150229 87.2467354274257 1
81.8325989772639 100 0
78.83083875717384 100 1
79.30276301198205 86.22566166030964 0
79.5384 87.86519999999999 1
76.75700000000001 68.51249999999999 0
79.93970574299843 67.63482935907311 1
81.58940041930094 19.48419417332624 0
84.75720026492849 14.63789530937434 1
82.97009688439505 66.79916136143314 0
63.116033694607 64.12614958186143 1
62.41334369669457 57.95772193770975 0
63.3134 58.3655 0
66.196 53.8103 0
65.42285883726296 53.27586506217219 1
66.2225916227614 29.93358109061683 0
65.29300000000001 29.9395 1
66.07310000000001 7.170249999999999 1
66.31876079417503 0 0
64.24638940782259 0 1
62.49054475282291 51.24889874484214 0
59.55823066838286 49.22193242751209 1
61.24462918773251 0 0
58.24286896764244 0 1
56.6259165839428 47.19496611018204 0
53.69360249950275 45.16799979285199 1
54.06842906941993 34.22771024396451 0
51.0423406306525 34.93779266047447 1
50.7114251090571 44.5964239129887 0
51.2084 43.45010000000001 1
48.3477 50.04859999999999 0
48.3477 50.04859999999999 0