51.7761 53.73690000000001 0
53.5 52.44511759063813 1
53.5 100 0
56.5 100 1
56.5 50.19710597274523 0
57.69799999999999 49.29940000000001 1
52.4885 41.315 0
53.5 40.389477228864 1
53.5 42.86528709089164 0
56.5 47.46327154237451 1
56.5 35.29772238588303 0
86.5 13.22989706359972 1
86.5 62.18602472470737 0
89.5 59.95440206215093 1
89.5 17.13377150717383 0
90.48220000000001 18.4119 1
80.0136 4.789199999999999 1
80.0136 0 0
80.0136 1.5 1
95.00899999999999 1.5 0
95.00899999999999 1.80423 1
83.0547 1.80423 1
80.0136 1.80423 0
80.0136 2.687365234654035 1
80.91334189425902 1.80423 0
85.5819379542319 1.80423 1
95.00899999999999 8.75652913772414 0
95.00899999999999 5.028938470615387 1
90.63641386269569 1.80423 0
95.00899999999999 12.9365 1
91.423 7.975709999999999 1
95.00899999999999 10.62032447127851 1
95.00899999999999 12.9365 1
90.48220000000001 18.4119 0
92.5 15.97126597154723 1
92.5 57.7227793995945 0
95.13159999999999 55.76519999999999 0
95.5 56.48834325754493 1
95.5 0 0
98.5 0 1
98.5 62.3771319997674 0
98.571 62.51649999999999 0
95.5 64.52777143622515 1
95.5 100 0
98.5 100 1
98.5 62.56299960012113 0
98.571 62.51649999999999 1
95.13159999999999 55.76519999999999 0
81.8639 65.63470000000001 0
71.45949999999999 75.37989999999999 1
67.18940000000001 88.0607 0
68.5 84.16864677408023 1
68.5 0 0
71.5 0 1
71.5 75.38967212303285 0
74.5 76.11353308842988 1
74.5 0 0
77.5 0 1
77.5 76.83739405382687 0
83.5 67.90687116399351 1
83.5 100 0
86.5 100 1
86.5 70.4220869445372 0
89.5 68.45731510843316 1
89.5 100 0
92.5 100 1
92.5 66.49254327232916 0
85.69210000000001 70.9512 1
81.8639 65.63470000000001 0
83.5 64.4176473872638 1
83.5 9.326022620025601 0
80.5 5.422148176451483 1
80.5 100 0
77.5 100 1
77.5 77.99061032173577 0
77.88380000000001 76.93000000000001 1
74.5239 86.2149 0
74.5 86.22091467312018 1
74.5 100 0
71.5 100 1
71.5 86.97589456268321 0
68.5 87.73087445224624 1
68.5 100 0
65.5 100 1
65.5 0 0
62.5 0 1
62.5 100 0
59.5 100 1
59.5 0 0
56.5 0 1
56.5 34.8050296990711 0
56.68680000000001 35.1228 1
54.3507 31.1488 0
53.5 31.95552338240329 1
53.5 0 0
50.5 0 1
50.5 34.80043950701814 0
48.8008 36.4118 1
45.9318 42.48950000000001 0
47.5 39.16741943534332 1
47.5 0 0
44.5 0 1
44.5 100 0
47.5 100 1
47.5 55.5885267637365 0
51.7761 53.73690000000001 0