51.7761 53.73690000000001 0
50.5 54.28947382035129 1
50.5 100 0
35.5 100 1
35.5 17.00755010691835 0
38.5 18.09582226943425 1
38.5 100 0
41.5 100 1
41.5 18.34641428348606 0
41.2351 19.088 1
43.7996 11.9087 0
41.5 10.84782769478539 1
41.5 0 0
38.5 0 1
38.5 9.463840516300525 0
37.4041 8.958269999999999 0
35.5 10.63871746993617 1
35.5 0 0
32.5 0 1
32.5 13.28634228470877 0
28.217 7.34599 1
27.8761 23.6005 0
26.5 23.52260421444463 1
26.5 100 0
23.5 100 1
23.5 69.2497422187802 0
24.5499 67.86000000000001 0
16.3417 63.172 0
12.6221 63.1142 1
10.2865 66.67840000000001 0
11.5 67.37744763906403 1
11.5 75.18896504385867 0
8.5 67.89038791350035 1
8.5 0 0
11.5 0 1
11.5 64.82656034423704 0
12.6221 63.1142 0
14.5 63.14338126142596 1
14.5 21.56805332838865 0
16.315 25.1087 1
12.0006 16.6923 0
0 0 1
0 100 0
2.5 100 1
2.5 0 0
5.5 0 1
5.5 62.21173525754021 0
6.05757 61.9483 1
18.9182 93.2364 0
14.5 100 1
14.5 90.4875482635014 0
11.5 100 1
11.5 83.44039621137827 0
8.5 76.39324415925512 1
8.5 100 0
5.5 100 1
5.5 69.34609210713199 0
2.97145 63.4064 1
16.2784 94.6651 0
17.5 94.00395145844382 1
17.5 100 0
20.5 100 1
20.5 73.22081246960462 0
17.5 89.78611930457529 1
17.5 74.91458227022622 0
15.1108 72.874 1
16.7098 70.37860000000001 0
14.5 69.10562474429031 1
14.5 82.48754217421697 0
18.5457 75.80770000000001 1
24.5499 67.86000000000001 0
23.5 67.2603641236812 1
23.5 23.352785628102 0
20.8645 23.2036 0
17.5 18.77387403002535 1
17.5 0 0
14.5 0 1
14.5 15.45973913936702 0
15.6026 14.916 1
19.7058 23.2588 0
17.5 24.46220610475404 1
17.5 63.83354703832752 0
20.5 65.54695558100437 1
20.5 0 0
23.5 0 1
23.5 7.034109138340378 0
26.5 7.232464572934159 1
26.5 0 0
29.5 0 1
29.5 100 0
32.5 100 1
32.5 15.91927794440246 0
45.69280000000001 51.50020000000001 1
46.9823 55.81270000000001 0
51.7761 53.73690000000001 0