49.1516 42.851 0
48.23038880688321 40.5 1
0 40.5 0
0 37.5 1
47.73383714066888 37.5 0
47.166 37.78360000000001 1
55.00879999999999 33.86660000000001 0
55.22284259714495 34.5 1
100 34.5 0
100 37.5 1
56.23662187001337 37.5 0
56.5759 38.504 1
49.1516 42.851 0
49.1516 42.851 0
53.16690464688291 40.5 1
61.14777281317109 40.5 0
59.4081 41.9748 1
64.3518 37.7838 0
63.51581894235224 22.5 1
68.67676363126927 22.5 0
67.5676 20.61 1
57.85039999999999 25.1427 0
56.57925455582327 22.5 1
0 22.5 0
0 25.5 1
72.74743276364097 25.5 0
72.863 25.6348 1
77.57599999999999 24.487 0
76.52968657886242 22.5 1
100 22.5 0
100 25.5 1
73.4165044432828 25.5 0
77.57599999999999 24.487 0
100 13.5 1
68.31692783683457 13.5 0
72.22264790770268 16.5 1
100 16.5 0
100 19.5 1
74.94994814735128 19.5 0
74.14959999999999 17.9801 1
67.977 13.2389 1
61.6504 11.1238 0
55.36879999999999 11.616 0
53.32510000000001 12.3111 0
53.56042760636012 13.5 1
38.11966786258537 13.5 0
38.1427 13.3852 1
29.7363 12.1293 0
29.63204304667266 13.5 1
0 13.5 0
0 10.5 1
100 10.5 0
100 7.5 1
42.03295545810816 7.5 0
41.7717 8.55153 1
38.5624 8.196950000000001 0
38.7355591029533 7.5 1
0 7.5 0
0 4.5 1
100 4.5 0
100 1.5 1
0 1.5 0
0 28.5 1
100 28.5 0
100 31.5 1
0 31.5 0
0 34.5 1
53.74057699259637 34.5 0
37.51778273850958 16.5 1
54.15423938117748 16.5 0
54.4766 18.1286 0
55.13624689981609 19.5 1
0 19.5 0
0 16.5 1
29.40385973888684 16.5 0
29.3046 17.805 1
37.0763 18.7005 0
22.09246475734657 58.5 1
100 58.5 0
100 61.5 1
22.69323459019147 61.5 0
19.2985 63.5185 1
23.3039 61.1369 0
38.2893 95.0592 0
44.78768782630841 97.5 1
0 97.5 0
0 100 1
100 100 0
100 97.5 1
52.61975207695671 97.5 0
50.834 99.77099999999999 1
38.2893 95.0592 0
38.7168485283144 94.5 1
0 94.5 0
0 91.5 1
41.01056380897106 91.5 0
43.30427908962773 88.5 1
0 88.5 0
0 85.5 1
10.18311349787234 85.5 0
10.0935 86.37309999999999 1
18.8217 87.70189999999999 0
19.40118303347379 85.5 1
45.59799437028438 85.5 0
45.6665 85.41040000000001 1
56.229 92.91 0
54.97873764757324 94.5 1
100 94.5 0
100 91.5 1
68.28272963678515 91.5 0
70.63570000000001 90.03229999999999 1
66.9016 92.36150000000001 1
63.63590000000001 90.56649999999999 0
65.33424593314763 91.5 1
54.24314408768468 91.5 0
50.01791874233292 88.5 1
62.55179928186233 88.5 0
60.97797776992765 85.5 1
45.79269339698118 85.5 0
47.31803361761513 79.5 1
0 79.5 0
0 82.5 1
15.57635205222264 82.5 0
10.2744 84.61060000000001 1
18.9714 81.14850000000001 0
19.52959294178259 82.5 1
49.09330545928825 82.5 0
48.9624 80.80179999999999 1
47.3579 80.62270000000001 0
49.252 84.55869999999999 1
56.7358 83.04259999999999 0
56.70751490753652 82.5 1
59.40415625799297 82.5 0
56.55112847666584 79.5 1
57.8303347460583 79.5 0
57.76990000000001 79.38480000000001 1
63.57980000000001 76.23509999999999 0
63.7152700888586 76.5 1
85.79836930617998 76.5 0
86.87180000000001 77.63059999999999 0
100 88.5 1
69.85208045617952 88.5 0
68.3178778643493 85.5 1
100 85.5 0
100 82.5 1
66.78367527251905 82.5 0
65.24947268068883 79.5 1
100 79.5 0
100 76.5 1
88.21753770836796 76.5 0
86.87180000000001 77.63059999999999 1
91.1704 74.01920000000001 0
90.66762746869361 73.5 1
100 73.5 0
100 70.5 1
87.76254735713894 70.5 0
84.8574672455843 67.5 1
100 67.5 0
100 64.5 1
15.93382303262956 64.5 0
13.92998426103647 67.5 1
78.96113909991743 67.5 0
77.9812 68.26650000000001 1
82.31620000000001 64.87569999999999 0
87.54737520759656 52.5 1
100 52.5 0
100 55.5 1
69.60294270334694 55.5 0
63.09116853986094 76.5 1
56.39474204579516 76.5 0
56.33580000000001 75.36930000000001 1
47.19759999999999 76.10839999999999 0
47.21150547371685 76.5 1
0 76.5 0
0 73.5 1
82.95006567849552 73.5 0
80.10176205081109 70.5 1
0 70.5 0
0 67.5 1
5.958163476133484 67.5 0
9.369869999999999 69.8271 1
5.20504 66.9863 0
5.48254475350171 64.5 1
0 64.5 0
0 61.5 1
17.90320483777113 61.5 0
15.82944437867448 58.5 1
10.50465255486641 58.5 0
9.824249999999999 59.5038 1
5.89048 57.1328 1
8.152032496152106 53.0917 1
8.141021509165615 53.0917 1
4.34112 57.8897 1
5.291033261298988 57.8897 1
5.89048 57.1328 0
8.158826834247154 58.5 1
0 58.5 0
2.1541 55.6229 0
2.251434352876106 55.5 1
0 55.5 0
0 52.5 1
11.91765252747723 52.5 0
12.01796081127315 52.7148 1
12.4085 53.55110000000001 1
14.31278557033036 56.30592960721492 1
8.362960000000001 52.7148 1
12.01796081127315 52.7148 0
12.31318139364664 53.34698488737024 1
11.26577007201266 52.7148 0
12.97751196303427 55.5 1
12.53813299379771 55.5 0
12.6657 55.31180000000001 0
10.2246 48.8745 1
15.8263 44.86060000000001 0
13.53839372929071 46.5 1
0 46.5 0
0 49.5 1
10.51669884317667 49.5 0
6.34577 55.35850000000001 1
4.158759999999999 53.0917 0
0 43.5 1
59.08999835702733 43.5 0
58.9181 44.3242 1
75.64169999999999 46.0711 0
76.1817992288486 40.5 1
100 40.5 0
100 43.5 1
75.89095941506932 43.5 0
89.26320000000001 47.6152 1
58.04810000000001 53.2317 0
62.11470530045402 52.5 1
19.33596604449414 52.5 0
20.71421540092036 55.5 1
58.37383354300761 55.5 0
58.6371 57.33329999999999 1
89.2509 52.2152 0
89.25816020869564 49.5 1
100 49.5 0
100 46.5 1
16.57946733164171 46.5 0
17.95771668806793 49.5 1
78.78795376480014 49.5 0
49.1516 42.851 0