57.9034 49.7008 0
59.19825666287016 46.5 1
20.18703495525485 46.5 0
12.4973 48.29349999999999 1
32.33240000000001 43.6673 0
32.30056810780849 43.5 1
60.41188137813212 43.5 0
60.7449 42.6768 1
75.55840000000001 46.8687 0
74.25547353467402 46.5 1
100 46.5 0
100 43.5 1
63.65395632290847 43.5 0
30.4101 33.5642 1
14.3797 37.0475 0
14.30395875866975 37.5 1
0 37.5 0
0 34.5 1
26.10348032325668 34.5 0
0 13.5 1
100 13.5 0
100 10.5 1
0 10.5 0
0 7.5 1
100 7.5 0
100 4.5 1
0 4.5 0
0 1.5 1
100 1.5 0
100 16.5 1
0 16.5 0
0 19.5 1
100 19.5 0
100 22.5 1
0 22.5 0
0 25.5 1
100 25.5 0
100 28.5 1
0 28.5 0
0 31.5 1
100 31.5 0
100 34.5 1
30.58815310647227 34.5 0
31.15895810691768 37.5 1
100 37.5 0
100 40.5 1
31.72976310736308 40.5 0
57.9034 49.7008 0