47.1574 53.67270000000001 0
47.1574 53.67270000000001 1
61.0749 59.98480000000001 0
61.70292795105617 61.5 1
100 61.5 0
97.12366482336361 60.3083 1
87.97852922243712 37.8982 0
91.21870989429945 37.8982 1
100 59.4166987938094 0
100 60.3083 1
100 37.8982 0
100 37.5 1
0 37.5 0
0 34.5 1
100 34.5 0
97.69907123802409 37.8982 1
100 43.5366121459645 0
100 51.47665546988695 1
94.45889056616178 37.8982 0
100 31.5 1
0 31.5 0
0 28.5 1
100 28.5 0
100 25.5 1
0 25.5 0
0 22.5 1
100 22.5 0
100 19.5 1
0 19.5 0
0 100 1
100 100 0
100 97.5 1
0 97.5 0
0 94.5 1
100 94.5 0
100 91.5 1
0 91.5 0
0 88.5 1
100 88.5 0
100 85.5 1
0 85.5 0
0 82.5 1
100 82.5 0
100 79.5 1
0 79.5 0
0 76.5 1
100 76.5 0
100 73.5 1
0 73.5 0
0 70.5 1
100 70.5 0
100 67.5 1
55.89064605811618 67.5 0
54.4229 68.06780000000001 0
53.12387981002192 67.5 1
0 67.5 0
0 64.5 1
46.26044097604122 64.5 0
42.5249 62.8672 1
54.4229 68.06780000000001 1
63.04300000000001 64.73310000000001 0
62.94638350356969 64.5 1
100 64.5 0
85.0404746800881 58.5 1
94.76564164879471 58.5 0
91.73274036623769 55.5 1
93.54139870464098 55.5 0
93.26169999999999 54.8146 1
81.00659999999999 60.3083 0
80.17294170493844 58.5 1
57.80107607452354 58.5 0
51.18639950095847 55.5 1
78.78988862459516 55.5 0
77.40683554425192 52.5 1
17.45931556571739 52.5 0
17.1918 53.84180000000001 1
8.825559999999999 52.64 0
9.066585701728002 52.5 1
0 52.5 0
0 55.5 1
46.23674447223884 55.5 0
44.72524303115993 58.5 1
0 58.5 0
0 61.5 1
43.21374159008103 61.5 0
19.09134278502314 49.5 1
18.05742757730792 49.5 0
18.0725 49.42440000000001 1
30.8862 50.37520000000001 0
31.00970465235036 49.5 1
76.02378246390867 49.5 0
74.6407293835654 46.5 1
31.43305240949284 46.5 0
31.85640016663531 43.5 1
74.38461080775497 43.5 0
73.4478 43.91240000000001 1
87.1097 37.8982 0
91.25815096311629 10.5 1
100 10.5 0
100 7.5 1
90.57560550195322 7.5 0
91.9693 10.3315 1
75.2516 14.2926 0
74.95910843463906 13.5 1
0 13.5 0
0 16.5 1
100 16.5 0
100 13.5 1
78.59674377824342 13.5 0
75.2516 14.2926 0
73.85202453849618 10.5 1
0 10.5 0
0 1.5 1
100 1.5 0
100 4.5 1
89.09897350684801 4.5 0
88.83189999999999 3.9574 1
82.83680000000001 5.19355 0
86.20038985964487 4.5 1
0 4.5 0
0 7.5 1
78.74023734868905 7.5 0
82.83680000000001 5.19355 1
73.77629999999999 10.2948 0
81.19943239666122 40.5 1
0 40.5 0
0 43.5 1
24.56109509852814 43.5 0
19.3962586329281 46.5 1
0 46.5 0
0 49.5 1
14.23142216732805 49.5 0
8.825559999999999 52.64 1
26.5697 42.33329999999999 1
31.9363 42.93380000000001 0
47.1574 53.67270000000001 0