49.78919999999999 49.4611 0
49.78919999999999 49.4611 1
57.8541 41.4012 0
55.75399799873448 43.5 1
74.98123485824215 43.5 0
74.8535 43.9311 1
81.54220000000001 44.1073 0
81.65966190814169 43.5 1
100 43.5 0
100 40.5 1
82.23991174253177 40.5 0
100 46.5 1
52.75213693346072 46.5 0
54.52272842993395 58.5 1
100 58.5 0
100 55.5 1
18.61846993809451 55.5 0
21.67522022389508 58.5 1
52.58202703324444 58.5 0
52.79040000000001 57.9105 1
64.8065 61.9995 0
64.2068980203486 64.5 1
78.61258992775407 64.5 0
79.8972 64.24719999999999 1
70.2611 66.14349999999999 0
70.2592484675518 67.5 1
63.48751952046692 67.5 0
62.9823 69.6069 1
52.1546 66.7587 0
51.9400827671555 67.5 1
54.97272162418368 67.5 0
62.9823 69.6069 0
64.8065 61.9995 0
63.33864919295669 61.5 1
100 61.5 0
100 64.5 1
79.90889487904494 64.5 0
80.04767904492618 67.5 1
100 67.5 0
100 70.5 1
73.68602085626341 70.5 0
73.72559999999999 71.35550000000001 1
70.2534 71.78479999999999 0
70.25515366670803 70.5 1
51.07194341934286 70.5 0
50.7516 71.607 1
37.9375 67.4118 0
33.90222136709734 70.5 1
47.37030502002287 70.5 0
40.01572193869846 76.5 1
66.76964701844912 76.5 0
66.8365 76.42789999999999 1
70.91229999999999 79.7585 0
70.59596231309672 79.5 1
100 79.5 0
100 82.5 1
46.1292225102996 82.5 0
49.18597279610016 85.5 1
100 85.5 0
100 100 1
0 100 0
0 97.5 1
100 97.5 0
100 94.5 1
45.87524354382516 94.5 0
50.02224498071543 91.5 1
100 91.5 0
100 88.5 1
52.24272308190072 88.5 0
43.07247222449904 79.5 1
66.45498085510687 79.5 0
69.34229999999999 81.42920000000001 1
64.93170000000001 78.48220000000001 0
66.8365 76.42789999999999 0
66.9247319041614 76.5 1
100 76.5 0
100 73.5 1
36.9589716528979 73.5 0
38.20690399027458 67.5 1
30.84547108129677 67.5 0
38.58371683562487 64.5 1
27.78872079549621 64.5 0
24.73197050969564 61.5 1
39.24950792940693 61.5 0
39.55970000000001 60.1023 1
51.05410000000001 62.82259999999999 0
51.52160481056983 61.5 1
45.46556438260484 61.5 0
47.1056 46.7329 0
47.13689022367056 46.5 1
30.49183454583684 46.5 0
30.5166 46.7235 1
21.6027 48.1022 0
21.45165469301871 46.5 1
0 46.5 0
0 49.5 1
100 49.5 0
100 52.5 1
15.56171965229395 52.5 0
15.2698 52.2135 1
53.06019999999999 89.3023 1
43.9209 95.91380000000001 1
0 95.91380000000001 1
0 52.2135 0
0 53.16625702132049 1
41.82240871420784 95.91380000000001 0
37.62542614262352 95.91380000000001 1
0 57.45607911371997 0
0 91.7746558529158 1
4.049565569949026 95.91380000000001 0
8.246548141533339 95.91380000000001 1
0 87.48483376051632 0
0 83.19501166811685 1
12.44353071311765 95.91380000000001 0
16.64051328470197 95.91380000000001 1
0 78.90518957571737 0
0 74.61536748331787 1
20.83749585628628 95.91380000000001 0
25.03447842787059 95.91380000000001 1
0 70.32554539091839 0
0 66.03572329851892 1
29.2314609994549 95.91380000000001 0
33.42844357103922 95.91380000000001 1
0 61.74590120611944 0
4.381727838988372 55.5 1
11.95843038990665 55.5 0
8.935728783249086 58.5 1
7.316802404682141 58.5 0
8.114360000000001 59.3152 1
15.2698 52.2135 0
14.98113199656421 52.5 1
1.446653273294602 52.5 0
31.7378618873048 34.5 1
20.76859894347596 34.5 0
21.0396 33.1088 1
32.3669 34.5818 0
33.17351790073231 28.5 1
100 28.5 0
100 31.5 1
32.77563344182262 31.5 0
32.37774898291293 34.5 1
100 34.5 0
100 37.5 1
81.45218334477431 37.5 0
82.76849999999999 37.7671 1
77.02520000000001 36.60169999999999 0
76.75903385952466 37.5 1
55.81625883151057 37.5 0
57.17347342657342 40.5 1
75.8701343588834 40.5 0
77.02520000000001 36.60169999999999 0
100 1.5 1
0 1.5 0
0 4.5 1
100 4.5 0
100 7.5 1
0 7.5 0
0 10.5 1
100 10.5 0
100 13.5 1
0 13.5 0
0 16.5 1
100 16.5 0
100 19.5 1
0 19.5 0
0 22.5 1
100 22.5 0
100 25.5 1
26.48583039600427 25.5 0
33.4101 26.7162 1
20.6433 24.4738 0
20.3934207396043 25.5 1
0 25.5 0
1.624656512972896 27.6526 1
0 35.9928441991117 0
2.585689561472463 38.4092 1
4.681045504324299 27.6526 0
6.209239999999999 27.6526 0
12.29359134177488 28.5 1
19.66292202474646 28.5 0
19.4212 29.4927 1
6.209239999999999 27.6526 1
0 27.6526 1
0 38.4092 1
4.113884057148164 38.4092 0
4.290993703620181 37.5 1
15.69422675636204 37.5 0
4.7408 35.1909 1
20.0071 38.4092 0
20.18420908610671 37.5 1
51.61155333295133 37.5 0
49.31811991557797 40.5 1
0 40.5 0
0 43.5 1
21.16883362140227 43.5 0
21.1009 42.7794 1
29.9369 41.4919 0
30.15941234230446 43.5 1
47.53994162346319 43.5 0
47.1056 46.7329 0
49.78919999999999 49.4611 0