40.6932 39.953 0
41.78197166115277 40.5 1
100 40.5 0
100 43.5 1
47.75329704224657 43.5 0
53.72462242334036 46.5 1
100 46.5 0
100 49.5 1
59.69594780443416 49.5 0
40.6932 39.953 0
32.6306 55.99299999999999 1
59.9091 70.404 0
61.51524234363767 67.5 1
100 67.5 0
100 64.5 1
63.17448030194105 64.5 0
64.83371826024444 61.5 1
100 61.5 0
100 58.5 1
66.49295621854782 58.5 0
83.85574481138067 82.5 1
0 82.5 0
0 85.5 1
80.81053462612238 85.5 0
80.37180000000001 84.38999999999999 1
86.17689999999999 81.24080000000001 1
94.62299999999999 74.2353 0
96.29761191389363 74.2353 1
97.61070000000001 76.88077013311243 0
97.61070000000001 80.25460000000001 1
97.61070000000001 74.2353 0
98.5 74.2353 1
98.5 92.34180000000001 0
97.61070000000001 90.13441488513595 1
95.03648265929147 92.34180000000001 0
90.4278095955749 92.34180000000001 1
97.61070000000001 86.18248893108156 0
97.61070000000001 82.2305629770272 1
85.81913653185831 92.34180000000001 0
83.51480000000001 92.34180000000001 1
100 92.34180000000001 0
100 94.5 1
0 94.5 0
0 97.5 1
100 97.5 0
100 100 1
0 100 0
0 91.5 1
83.18207314570287 91.5 0
81.99630388591262 88.5 1
0 88.5 0
0 79.5 1
88.27567537363501 79.5 0
91.89259065448576 76.5 1
0 76.5 0
0 73.5 1
100 73.5 0
100 70.5 1
0 70.5 0
0 67.5 1
54.41213490389286 67.5 0
48.73345195336896 64.5 1
0 64.5 0
0 61.5 1
43.05476900284505 61.5 0
37.37608605232114 58.5 1
0 58.5 0
0 55.5 1
32.87840933915211 55.5 0
40.6932 39.953 0