58.0393 53.3147 0
54.50009682892775 52.5 1
27.55960711968766 52.5 0
27.568 52.70099999999999 0
2.713 52.70099999999999 1
2.713 29.5741 0
5.713000000000001 29.5741 1
5.713000000000001 52.70099999999999 0
14.9322068646784 52.70099999999999 1
10.213 51.77163108175309 0
8.713000000000001 52.70099999999999 1
8.713000000000001 29.5741 0
10.213 29.5741 1
10.213 47.18519999999999 0
10.213 48.71401036058437 1
22.53908997363953 51.14142777064869 0
22.518 51.271 0
27.568 52.70099999999999 1
0 52.70099999999999 1
0 29.5741 0
0 28.5 1
68.01470218392711 28.5 0
69.05510000000001 27.6128 1
54.2136 40.2689 0
57.46062154297137 37.5 1
24.86032080328835 37.5 0
24.7185 37.0949 0
22.18083834207341 34.5 1
60.97864842328995 34.5 0
64.49667530360853 31.5 1
18.91554726173198 31.5 0
19.385 31.6411 1
12.5079 29.5741 0
10.99521811508589 29.5741 1
10.213 35.57685456298273 0
0 13.5 1
68.64138860984002 13.5 0
68.982042020677 16.5 1
0 16.5 0
0 19.5 1
100 19.5 0
100 22.5 1
0 22.5 0
0 25.5 1
100 25.5 0
100 28.5 1
69.79098558721606 28.5 0
69.01830000000001 16.8679 1
77.0077 15.9601 0
76.59280800069774 13.5 1
100 13.5 0
100 10.5 1
75.77537554057471 10.5 0
75.5599 9.832519999999999 1
67.9522 10.9439 0
70.99081688171464 10.5 1
0 10.5 0
0 7.5 1
100 7.5 0
100 4.5 1
0 4.5 0
0 1.5 1
100 1.5 0
100 16.5 1
72.25612800176251 16.5 0
72.27932729331181 31.5 1
100 31.5 0
100 34.5 1
74.76766899940756 34.5 0
77.25601070550329 37.5 1
100 37.5 0
100 40.5 1
73.60252714285716 40.5 0
59.90369665400186 46.5 1
100 46.5 0
100 43.5 1
52.62791306065859 43.5 0
54.39037897145131 40.5 1
25.91058594736399 40.5 0
26.96085109143964 43.5 1
41.14822162178785 43.5 0
41.8146 40.9597 1
60.2355 45.2872 0
55.7516 42.2795 1
79.27529999999999 39.9345 0
100 55.5 1
0 55.5 0
0 58.5 1
100 58.5 0
100 61.5 1
0 61.5 0
0 64.5 1
100 64.5 0
100 67.5 1
0 67.5 0
0 70.5 1
100 70.5 0
100 73.5 1
0 73.5 0
0 76.5 1
100 76.5 0
65.45331498620902 85.5 1
100 85.5 0
100 88.5 1
16.88409330183323 88.5 0
19.1372 90.95740000000001 0
18.6410802821233 91.5 1
29.86508246926777 91.5 0
29.7133 92.3398 1
42.2979 94.05699999999999 0
42.9144 90.59870000000001 0
30.3558 88.78489999999999 1
42.9144 90.59870000000001 0
42.75372815256051 91.5 1
100 91.5 0
100 100 1
0 100 0
0 97.5 1
100 97.5 0
100 94.5 1
15.89806672954299 94.5 0
14.6777 95.8347 0
13.50789225702627 94.5 1
0 94.5 0
0 91.5 1
10.87851994195833 91.5 0
8.249147626890394 88.5 1
0 88.5 0
0 85.5 1
8.9351442780968 85.5 0
9.724853055783431 82.5 1
0 82.5 0
0 79.5 1
100 79.5 0
100 82.5 1
63.12812359803399 82.5 0
60.414 79.99639999999999 1
65.90610000000001 85.0625 1
64.55529999999999 86.36770000000001 1
58.717 88.203 0
56.1362 85.99539999999999 1
58.6022 83.8364 0
56.70204363131079 85.5 1
14.13349507016548 85.5 0
11.38289683849773 82.5 1
57.89289738109899 82.5 0
57.634 82.75710000000001 1
60.414 79.99639999999999 0
41.4675578413044 49.5 1
27.4343402493542 49.5 0
27.30907337902075 46.5 1
40.36125349415079 46.5 0
39.68210000000001 49.089 1
58.0393 53.3147 0
58.26218933540953 52.5 1
100 52.5 0
100 49.5 1
59.0829429947057 49.5 0
58.0393 53.3147 0