50.5 61.5 0
48.5 65.5 1
48.5 66.5 0
48.5 68 1
24.5 68 0
24.5 69 1
48.5 69 0
48.5 72 1
24.5 72 0
24.5 73 1
48.5 73 0
48.5 74 1
24.5 74 0
24.5 75 1
48.5 75 0
48.5 78 1
24.5 78 0
18 78.5 1
18 39.5 0
19 39.5 1
19 78.5 0
20 78.5 1
20 39.5 0
21 39.5 1
21 78.5 0
22 78.5 1
22 39.5 0
23 39.5 1
23 78.5 0
24 78.5 1
24 39.5 0
24.5 40 1
50.5 40 0
50.5 39.5 0
55 39.5 1
55 78.5 0
57 78.5 1
57 39.5 0
58 39.5 1
58 78.5 0
59 78.5 1
59 39.5 0
60 39.5 1
60 78.5 0
63 78.5 1
63 39.5 0
62.5 37.5 1
62.5 25.5 1
77.5 25.5 1
81.348612181134 25.5 0
80.447224362268 25.5 1
77.5 27.464816241512 0
77.5 26.26296581635734 1
78.64444872453601 25.5 0
77.5 25.5 1
77.49999999999999 28.06574145408934 1
82.848612181134 24.5 1
83.5 24.5 1
83.5 22.5 1
86.5 22.5 1
86.5 17.5 1
71.5 17.5 1
71.5 16.5 1
58.5 16.5 1
58.5 10.5 1
45.5 10.5 1
45.5 16.5 0
45.5 16 1
58.5 16 0
58.5 15 1
45.5 15 0
45.5 12 1
58.5 12 0
58.5 11 1
45.5 11 0
45.5 13 1
58.5 13 0
58.5 14 1
45.5 14 0
45.5 16.5 1
29.5 16.5 1
29.5 11.5 1
19.5 11.5 1
19.5 14.5 1
15.5 14.5 1
15.5 79.5 1
17.5 79.5 1
17.5 101.5 1
25.5 101.5 1
25.5 103.5 1
25.79289321881344 103.5 1
30.5 98.79289321881346 1
30.5 100.5 1
50.5 100.5 1
50.5 91.5 1
52.16023252670426 91.5 1
58.5 96.02840533806838 1
58.5 95.5 1
57.76023252670427 95.5 0
58.5 95.5 1
65.5 95.5 1
65.5 99.5 1
90.5 99.5 1
90.5 78.5 1
81.5 78.5 1
81.5 61.5 0
83 61.5 1
83 39.5 0
82 39.5 1
82 61.5 0
81.5 61.5 1
83.5 61.5 1
83.5 37.5 1
62.5 37.5 0
62.5 37 1
15.5 37 0
15.5 36 1
62.5 36 0
62.5 35 1
15.5 35 0
15.5 34 1
62.5 34 0
62.5 33 1
15.5 33 0
15.5 32 1
62.5 32 0
62.5 31 1
15.5 31 0
15.5 30 1
62.5 30 0
62.5 29 1
15.5 29 0
15.5 28 1
62.5 28 0
62.5 27 1
15.5 27 0
15.5 24 1
83.5 24 0
82.098612181134 25 1
15.5 25 0
15.5 26 1
62.5 26 0
62.5 25.5 0
71.5 17 1
15.5 17 0
15.5 18 1
86.5 18 0
86.5 19 1
15.5 19 0
15.5 20 1
86.5 20 0
86.5 21 1
15.5 21 0
15.5 22 1
86.5 22 0
83.5 22.5 0
83.5 23 1
15.5 23 0
19.5 14.5 0
19.5 12 1
29.5 12 0
29.5 13 1
19.5 13 0
19.5 14 1
29.5 14 0
29.5 15 1
15.5 15 0
15.5 16 1
29.5 16 0
29.5 16.5 0
56 39.5 1
56 78.5 0
54.5 78.5 1
54.5 77.5 1
54.5 39.5 1
53.5 39.5 1
50.5 39.5 1
50.5 40.5 1
24.5 40.5 1
24.5 41.5 1
24.5 54.5 1
25.5 54.5 1
29.5 54.5 1
29.5 57.5 1
30.5 57.5 1
44.5 57.5 1
44.5 61.5 0
44.5 61 1
24.5 61 0
29.5 56 1
24.5 56 0
24.5 55 1
29.5 55 0
29.5 57 1
24.5 57 0
24.5 58 1
44.5 58 0
44.5 59 1
24.5 59 0
24.5 60 1
44.5 60 0
44.5 61.5 1
45.5 61.5 1
50.5 61.5 0
50.5 61.5 0