50.5 61.5 0
50.5 64 1
24.5 64 0
24.5 65 1
50.5 65 0
48.5 65.5 0
48.5 66 1
24.5 66 0
24.5 67 1
48.5 67 0
48.5 70 1
24.5 70 0
24.5 71 1
48.5 71 0
48.5 76 1
24.5 76 0
24.5 77 1
48.5 77 0
48.5 78.5 1
49.5 78.5 1
54.5 78.5 0
61 78.5 1
61 39.5 0
62 39.5 1
62 78.5 0
64 78.5 1
64 39.5 0
65 39.5 1
65 78.5 0
66 78.5 1
66 39.5 0
67 39.5 1
67 78.5 0
68 78.5 1
68 39.5 0
69 39.5 1
69 78.5 0
70 78.5 1
70 39.5 0
71 39.5 1
71 78.5 0
72 78.5 1
72 39.5 0
73 39.5 1
73 78.5 0
74 78.5 1
74 39.5 0
75 39.5 1
75 78.5 0
76 78.5 1
76 39.5 0
77 39.5 1
77 78.5 0
78 78.5 1
78 39.5 0
79 39.5 1
79 78.5 0
80 78.5 1
80 39.5 0
81 39.5 1
81 78.5 0
90.5 79 1
15.5 79 0
16 78.5 1
16 39.5 0
15.5 39 1
83.5 39 0
83.5 38 1
15.5 38 0
17 39.5 1
17 78.5 0
17.5 79.5 0
17.5 80 1
90.5 80 0
90.5 81 1
17.5 81 0
17.5 82 1
90.5 82 0
90.5 83 1
17.5 83 0
17.5 84 1
90.5 84 0
90.5 85 1
17.5 85 0
17.5 86 1
90.5 86 0
90.5 87 1
17.5 87 0
17.5 88 1
90.5 88 0
90.5 89 1
17.5 89 0
17.5 90 1
90.5 90 0
90.5 91 1
17.5 91 0
27.08578643762691 101.5 1
25.5 103.0857864376269 0
25.5 101.6715728752538 1
25.67157287525382 101.5 0
25.5 101.5 1
27.79289321881346 101.5 0
28.29289321881346 101 1
17.5 101 0
17.5 100 1
29.29289321881346 100 0
30.29289321881346 99 1
17.5 99 0
17.5 98 1
50.5 98 0
50.5 99 1
30.5 99 0
30.5 100 1
50.5 100 0
50.5 97 1
17.5 97 0
17.5 96 1
50.5 96 0
50.5 95 1
17.5 95 0
17.5 94 1
50.5 94 0
50.5 93 1
17.5 93 0
17.5 92 1
50.5 92 0
50.5 91.5 0
52.16023252670426 91.5 0
52.86023252670425 92 1
90.5 92 0
90.5 93 1
54.26023252670426 93 0
55.66023252670426 94 1
90.5 94 0
90.5 95 1
57.06023252670427 95 0
65.5 95.5 0
65.5 98 1
90.5 98 0
90.5 99 1
65.5 99 0
65.5 97 1
90.5 97 0
90.5 96 1
65.5 96 0
65.5 95.5 0
48.5 78.5 1
48.5 66.5 0
48.5 65.5 1
50.5 65.5 1
50.5 61.5 0
50.5 61.5 0