39.5 95.5 0
39.5 95.5 1
20.5 95.5 1
20.5 117.5 0
19 117.5 1
19 123.5 0
18 123.5 1
18 117.5 0
16 117.5 1
16 123.5 0
17 123.5 1
17 117.5 0
20 117.5 1
20 123.5 0
21 123.5 1
21 95.5 0
22 95.5 1
22 123.5 0
23 123.5 1
23 95.5 0
24 95.5 1
24 123.5 0
25 123.5 1
25 95.5 0
26 95.5 1
26 123.5 0
27 123.5 1
27 95.5 0
28 95.5 1
28 123.5 0
20.5 117.5 1
15.5 117.5 1
15.5 123.5 1
28.38102496759066 123.5 1
20.5 130.0675208063255 1
20.5 128.5 1
16.5 128.5 1
16.5 134.5 0
14 134.5 1
14 150.5 0
13 150.5 1
13 134.5 0
15 134.5 1
15 150.5 0
16 150.5 1
16 134.5 0
16.5 134.5 1
12.5 134.5 1
12.5 150.5 1
17.5 150.5 1
17.5 156.5 1
53.5 156.5 1
53.5 153.5 1
62.5 153.5 1
62.5 151.5 1
64.5 151.5 1
64.5 146.5 1
76.5 146.5 0
76 146.5 1
76 106.5 0
90 106.5 1
90 153.5 0
91 153.5 1
91 106.5 0
93 106.5 1
93 153.5 0
92 153.5 1
92 106.5 0
89 106.5 1
89 153.5 0
88 153.5 1
88 106.5 0
87 106.5 1
87 153.5 0
86 153.5 1
86 106.5 0
85 106.5 1
85 153.5 0
84 153.5 1
84 106.5 0
83 106.5 1
83 153.5 0
82 153.5 1
82 106.5 0
81 106.5 1
81 153.5 0
80 153.5 1
80 106.5 0
79 106.5 1
79 153.5 0
78 153.5 1
78 106.5 0
77 106.5 1
77 153.5 0
76.5 146.5 1
76.5 153.5 1
93.5 153.5 1
93.5 106.5 1
66.5 106.5 0
61 130.5 1
61 43.5 0
60 43.5 1
60 116.5 0
59 116.5 1
59 43.5 0
58 43.5 1
58 116.5 0
57 116.5 1
57 43.5 0
56 43.5 1
56 116.5 0
55.5 101.5 0
55 101.5 1
55 97.5 0
53 97.5 1
53 119.9166666666667 0
47 97.5 1
47 124.5 0
48 124.0833333333333 1
48 97.5 0
46 97.5 1
46 124.5 0
45 124.5 1
45 97.5 0
44 97.5 1
44 124.5 0
43 124.5 1
43 97.5 0
42 97.5 1
42 124.5 0
41 124.5 1
41 97.5 0
40 97.5 1
40 124.5 0
39 124.5 1
39 95.5 0
39.5 95.5 0