39.5 95.5 0
39.5 97.5 1
55.5 97.5 1
55.5 52.5 0
54 52.5 1
54 43.5 0
53 43.5 1
53 52.5 0
51 52.5 1
51 43.5 0
52 43.5 1
52 52.5 0
55 43.5 1
55 52.5 0
55.5 52.5 1
34.5 52.5 1
34.5 47.5 0
28 47.5 1
28 11.5 0
27 11.5 1
27 47.5 0
25 47.5 1
25 11.5 0
26 11.5 1
26 47.5 0
29 47.5 1
29 11.5 0
30 11.5 1
30 47.5 0
31 47.5 1
31 10.5 0
32 10.5 1
32 47.5 0
33 47.5 1
33 10.5 0
34 10.5 1
34 47.5 0
34.5 47.5 1
23.5 47.5 0
24 47.5 1
24 11.5 0
23 11.5 1
23 52.5 0
22 52.5 1
22 11.5 0
21 11.5 1
21 52.5 0
20 52.5 1
20 34.5 0
19 34.5 1
19 52.5 0
18 52.5 1
18 34.5 0
17 34.5 1
17 52.5 0
16 52.5 1
16 34.5 0
15 34.5 1
15 52.5 0
23.5 47.5 1
23.5 52.5 1
14.5 52.5 1
14.5 34.5 1
20.5 34.5 1
20.5 11.5 1
30.5 11.5 1
30.5 10.5 1
52.5 10.5 1
52.5 16.5 1
49.5 16.5 0
51 16.5 1
51 10.5 0
52 10.5 1
52 16.5 0
50 16.5 1
50 10.5 0
49 10.5 1
49 52.5 0
48 52.5 1
48 10.5 0
47 10.5 1
47 52.5 0
46 52.5 1
46 10.5 0
45 10.5 1
45 52.5 0
44 52.5 1
44 10.5 0
43 10.5 1
43 52.5 0
42 52.5 1
42 10.5 0
41 10.5 1
41 52.5 0
40 52.5 1
40 10.5 0
39 10.5 1
39 52.5 0
36 52.5 1
36 10.5 0
35 10.5 1
35 52.5 0
37 52.5 1
37 10.5 0
38 10.5 1
38 52.5 0
50 52.5 1
50 43.5 0
49.5 43.5 0
49.5 16.5 1
49.5 43.5 1
63.5 43.5 1
63.5 58.5 1
66.5 58.5 1
66.5 51.5 1
92.5 51.5 1
92.5 82.5 1
71.5 82.5 1
71.5 59.5 0
72 82.5 1
72 51.5 0
73 51.5 1
73 82.5 0
74 82.5 1
74 51.5 0
75 51.5 1
75 82.5 0
76 82.5 1
76 51.5 0
77 51.5 1
77 82.5 0
78 82.5 1
78 51.5 0
79 51.5 1
79 82.5 0
80 82.5 1
80 51.5 0
81 51.5 1
81 82.5 0
82 82.5 1
82 51.5 0
83 51.5 1
83 82.5 0
84 82.5 1
84 51.5 0
85 51.5 1
85 82.5 0
86 82.5 1
86 51.5 0
87 51.5 1
87 82.5 0
88 82.5 1
88 51.5 0
89 51.5 1
89 82.5 0
90 82.5 1
90 51.5 0
91 51.5 1
91 82.5 0
92 82.5 1
92 51.5 0
71.5 59.5 1
62.5 59.5 1
62.5 96.5 1
66.5 96.5 1
66.5 106.5 0
72 106.5 1
72 146.5 0
73 146.5 1
73 106.5 0
75 106.5 1
75 146.5 0
74 146.5 1
74 106.5 0
71 106.5 1
71 146.5 0
70 146.5 1
70 106.5 0
69 106.5 1
69 146.5 0
68 146.5 1
68 106.5 0
67 106.5 1
67 146.5 0
66 146.5 1
66 96.5 0
65 96.5 1
65 146.5 0
63.5 146 1
32.5 146 0
32.5 147 1
63.5 147 0
63.5 148 1
32.5 148 0
32.5 149 1
63.5 149 0
63.5 150 1
32.5 150 0
32.5 153 1
62.5 153 0
62.5 152 1
32.5 152 0
32.5 151 1
63.5 151 0
64 151.5 1
64 96.5 0
63 96.5 1
63 130.5 0
62 130.5 1
62 43.5 0
63 43.5 1
63 59.5 0
64 59.5 1
64 58.5 0
68 59.5 1
68 51.5 0
69 51.5 1
69 59.5 0
71 59.5 1
71 51.5 0
70 51.5 1
70 59.5 0
67 51.5 1
67 59.5 0
66 59.5 1
66 58.5 0
65 58.5 1
65 59.5 0
62.5 59.5 0
55.5 97.5 0
54 97.5 1
54 101.5 0
52 97.5 1
52 120.75 0
51 121.5833333333333 1
51 97.5 0
50 97.5 1
50 122.4166666666667 0
49 123.25 1
49 97.5 0
39.5 97.5 1
39.5 95.5 0
39.5 95.5 0