44.0825 48.28700000000001 0
44.6898325555598 46.5 1
41.16639103877577 46.5 0
42.61056170405914 49.5 1
47.48662756133371 49.5 0
52.98869999999999 74.3817 1
46.5504 77.75649999999999 0
47.56705579022807 79.5 1
0 79.5 0
0 82.5 1
49.31639182159269 82.5 0
50.82899606856608 85.5 1
0 85.5 0
0 88.5 1
52.24835163550983 88.5 0
53.44006027279408 91.5 1
0 91.5 0
0 100 1
100 100 0
100 97.5 1
0 97.5 0
0 94.5 1
100 94.5 0
100 91.5 1
57.45860831284429 91.5 0
54.1185 93.2079 1
60.4023 89.9948 0
59.8339775374376 88.5 1
100 88.5 0
100 85.5 1
58.6933785357737 85.5 0
58.4829 84.94640000000001 0
57.36701861696301 82.5 1
100 82.5 0
100 79.5 1
55.99862254554748 79.5 0
55.9843 79.46860000000001 0
54.23613546757358 76.5 1
100 76.5 0
100 73.5 1
0 73.5 0
0 76.5 1
48.9474972946545 76.5 0
39.63149029905524 52.5 1
55.90573941953741 52.5 0
57.27160000000001 52.9867 0
57.44513684820394 52.5 1
100 52.5 0
100 49.5 1
58.51481127723993 49.5 0
57.27160000000001 52.9867 1
44.0825 48.28700000000001 0
44.0825 48.28700000000001 0