56.5 46.5 0
77.5 58.5 0
77.5 60 1
95.5 60 0
95.5 61 1
77.5 61 0
77.5 63 1
95.5 63 0
95.5 62 1
77.5 62 0
77.5 59 1
95.5 59 0
87.5 58.5 1
95.5 58.5 1
95.5 64.5 0
95.5 64 1
77.5 64 0
77.5 70 1
101.5 70 0
101.5 71 1
77.5 71 0
77.5 73 1
101.5 73 0
101.5 72 1
77.5 72 0
77.5 69 1
101.5 69 0
101.5 68 1
77.5 68 0
77.5 67 1
101.5 67 0
101.5 66 1
77.5 66 0
77.5 65 1
101.5 65 0
95.5 64.5 1
101.5 64.5 1
101.5 73.5 1
77.5 73.5 1
77.5 58.5 1
57.5 58.5 0
57.5 59 1
46.5 59 0
46.5 58 1
87.5 58 0
87.5 58.5 1
87.5 49.5 1
97.5 49.5 0
97.5 51 1
113.5 51 0
113.5 50 1
97.5 50 0
97.5 49.5 1
97.5 51.5 1
113.5 51.5 1
113.5 41.5 1
106.7228761792465 41.5 1
101.0978761792465 32.5 1
103.5 32.5 1
103.5 26.5 1
98.5 26.5 1
98.5 13.5 1
90.5 13.5 1
90.5 15.5 0
90.5 14 1
98.5 14 0
98.5 15 1
90.5 15 0
90.5 15.5 1
59.5 15.5 1
59.5 20.5 0
56.5 23 1
75.5 23 0
75.5 24 1
56.5 24 0
56.5 25 1
75.5 25 0
75.5 26 1
56.5 26 0
56.5 26.5 0
46.5 27 1
75.5 27 0
75.5 28 1
46.5 28 0
46.5 29 1
75.5 29 0
75.5 30 1
46.5 30 0
46.5 31 1
75.5 31 0
75.5 32 1
46.5 32 0
46.5 33 1
75.5 33 0
75.5 34 1
46.5 34 0
46.5 35 1
75.5 35 0
75.5 36 1
46.5 36 0
46.5 37 1
75.5 37 0
55.5 37.5 0
55.5 38 1
46.5 38 0
46.5 39 1
55.5 39 0
55.5 40 1
46.5 40 0
46.5 41 1
55.5 41 0
55.5 42 1
46.5 42 0
46.5 43 1
55.5 43 0
55.5 44 1
46.5 44 0
46.5 45 1
55.5 45 0
55.5 46.5 0
56.5 46.5 0