54.8676 43.92740000000001 0
54.8676 43.92740000000001 1
46.5262 36.154 0
47.97055181516454 37.5 1
28.68849222179204 37.5 0
28.52715855443455 34.5 1
48.0922858644019 34.5 0
49.15730000000001 33.37520000000001 1
53.2248 33.77509999999999 1
58.5992 37.589 1
60.8282 35.87520000000001 0
58.71495504726339 37.5 1
58.47378465088231 37.5 0
60.08369999999999 33.1317 1
53.1365 27.5221 0
56.5818 23.5427 0
66.8727142115213 25.5 1
59.04975314100163 25.5 0
56.5818 23.5427 1
63.649 29.1476 0
62.83244328712377 28.5 1
69.15332995408937 28.5 0
71.43394569665745 31.50000000000001 1
61.54387921487914 31.50000000000001 0
60.73528994500828 37.5 1
74.10959037610621 37.5 0
71.81501371980389 34.5 1
54.24630097275755 34.5 0
58.06292378779236 31.50000000000001 1
28.36582488707706 31.50000000000001 0
28.20449121971957 28.5 1
54.34757866514546 28.5 0
53.1365 27.5221 0
54.88720139468261 25.5 1
50.93133546450782 25.5 0
50.7359 26.4509 1
44.06780000000001 25.1183 0
45.97776080594329 25.5 1
23.1942010695446 25.5 0
22.7577687993031 22.5 1
44.45769426409646 22.5 0
44.90442794331176 19.5 1
22.32133652906161 19.5 0
21.88490425882011 16.5 1
45.35116162252704 16.5 0
45.79789530174234 13.5 1
0 13.5 0
0 14.0886 1
0 38.3378 1
9.594899999999999 38.3378 1
12.9586 39.96680000000001 0
12.60941461695608 40.616 1
21.7647 40.616 0
21.55037563388992 39.116 1
11.20179462246777 39.116 0
11.56614531203385 38.3378 1
9.672324772604536 14.0886 0
12.68145987364028 14.0886 1
14.57528041306959 38.3378 0
16.89348130223743 38.3378 1
15.52263226271168 28.74358728116947 0
18.57501075423723 28.89692909372315 1
19.92394986924715 38.3378 0
21.7647 40.616 1
28.8175 39.8989 0
22.90557965416255 40.5 1
51.18976091285667 40.5 0
45.01227505801695 49.5 1
0 49.5 0
0 52.5 1
28.68239642948358 52.5 0
28.566 51.8853 1
60.9504 47.1884 0
61.3922 48.55029999999999 0
55.56852052638536 49.5 1
100 49.5 0
100 52.5 1
37.17214438566323 52.5 0
37.92523787898466 55.5 1
100 55.5 0
100 58.5 1
42.09217593278923 58.5 0
46.25911398659382 61.50000000000001 1
100 61.50000000000001 0
100 64.5 1
47.7131704408669 64.5 0
45.03746111061697 67.5 1
72.39014076200363 67.5 0
70.91354566006424 71.72281999864353 1
70.48885427313417 71.9717 0
70.29211844173372 73.5 1
0 73.5 0
0 70.5 1
65.85675094265954 70.5 0
65.49340000000001 70.1789 1
67.52209999999999 71.9717 1
70.82651969374513 71.9717 1
71.67816247212545 69.53614122595204 1
70.84960000000001 70.02170000000001 1
68.90299999999999 67.72640000000001 0
43.11347203595112 79.5 1
77.23371649145261 79.5 0
84.49114404424537 82.5 1
41.49809352985558 82.5 0
39.88271502376004 85.5 1
100 85.5 0
100 88.5 1
38.26733651766449 88.5 0
36.65195801156895 91.5 1
100 91.5 0
100 100 1
0 100 0
0 97.5 1
100 97.5 0
100 94.5 1
0 94.5 0
0 93.2319 1
0 78.1225 1
43.8552 78.1225 0
48.774 63.31059999999999 1
34.8699 53.30029999999999 1
29.6867 58.1232 1
37.37439999999999 63.919 0
37.88398435167987 64.5 1
12.73491067129897 64.5 0
10.91316631485354 61.50000000000001 1
17.43309983325071 61.50000000000001 0
17.4046 61.5994 1
21.8619 63.88979999999999 0
17.63243686785552 78.1225 1
9.117883860594425 78.61035004734114 0
7.628219785751767 78.1225 1
7.296936268652187 93.2319 0
4.296215253664426 93.2319 1
4.627498770764005 78.1225 0
1.295494238676666 93.2319 1
1.626777755776244 78.1225 0
0 76.5 1
69.97628893865988 76.5 0
69.3357 76.23519999999999 1
90.5061 84.9864 0
92.0862903746617 84.9864 1
93.93790000000001 79.39795748692626 0
98.5 84.9864 1
98.5 66.6027 0
100 66.6027 1
72.7039 66.6027 0
76.94640082588214 66.6027 1
93.93790000000001 73.02512499630168 0
93.93790000000001 69.81797498890506 1
85.43140247764637 66.6027 0
93.91640412941061 66.6027 1
93.93790000000001 66.61082498150844 0
93.93790000000001 66.6027 1
93.93790000000001 84.9864 0
95.5 84.9864 1
95.5 66.6027 0
100 46.5 1
0 46.5 0
10.5306 60.87 1
5.64683 63.54170000000001 0
9.378983014560003 61.50000000000001 1
0 61.50000000000001 0
0 64.5 1
6.218953209628742 64.5 0
8.010009902612371 67.5 1
0 67.5 0
9.662199999999999 70.26740000000001 1
14.2186 66.94329999999999 0
13.45552190968983 67.5 1
40.5152288526086 67.5 0
34.16577542703338 61.50000000000001 1
22.94882363590199 61.50000000000001 0
23.6532 59.9513 1
19.2024 58.0003 0
18.78184390668019 58.5 1
0 58.5 0
0 55.5 1
32.50586901449334 55.5 0
29.6867 58.1232 0
30.18649732910039 58.5 1
20.34236143516147 58.5 0
28.9367 53.843 1
61.3922 48.55029999999999 0
60.5637425761166 40.5 1
76.40416703240851 40.5 0
60.44450000000001 42.5853 0
57.9689 41.4072 1
54.8676 43.92740000000001 0
55.39354858344575 43.5 1
100 43.5 0
100 40.5 1
77.25467158108793 40.5 0
76.71600000000001 40.90770000000001 1
81.39400000000001 37.36709999999999 0
81.21840654126419 37.5 1
100 37.5 0
100 34.5 1
83.78580815036008 34.5 0
82.65459999999999 34.8776 0
81.4555 31.9427 1
78.34309999999999 32.6354 1
76.4016 28.8803 0
77.64539697547914 28.08628318739085 1
74.15048992584022 23.1922 0
75.99369096236197 23.1922 1
77.5703 25.4 1
82.08500000000001 23.1922 0
71.27158155285102 23.1922 1
78.01505218616182 32.6354 1
78.34309999999999 32.6354 0
79.34657914131171 34.5 1
82.50032552386793 34.5 0
82.65459999999999 34.8776 1
86.06559999999999 33.739 0
85.24853523368765 31.50000000000001 1
100 31.50000000000001 0
100 28.5 1
85.88838938521684 28.5 0
84.89332150668889 25.5 1
100 25.5 0
100 22.5 1
51.54791596037855 22.5 0
52.16449645624927 19.5 1
100 19.5 0
100 16.5 1
52.78107695211997 16.5 0
53.3976574479907 13.5 1
100 13.5 0
100 10.5 1
54.01423794386142 10.5 0
54.42010000000001 8.525259999999999 1
46.7517 7.094810000000001 1
44.27244348451516 7.094810000000001 0
44.67958656893393 4.5 1
100 4.5 0
100 7.500000000000002 1
48.92385491348877 7.500000000000002 0
45.2488 0.8722810000000001 1
40.90009999999999 0.485549 0
40.74386959782304 1.5 1
0 1.5 0
0 0 1
100 0 0
100 1.5 1
45.15030668071718 1.5 0
45.7907959982317 7.094810000000001 1
45.21705251371652 10.7514 0
46.20719269863939 10.7514 1
43.6987 10.7514 1
39.3926 10.2742 0
39.81984033168615 7.500000000000002 1
0 7.500000000000002 0
0 4.5 1
40.28185496475459 4.5 0
39.3926 10.2742 0
41.43014689857503 10.5 1
0 10.5 0
0.6449194694973062 14.0886 1
2.538740008926617 38.3378 0
5.547875109962362 38.3378 1
3.65405457053305 14.0886 0
6.663189671568794 14.0886 1
8.557010210998104 38.3378 0
8.431950018386107 40.5 1
0 40.5 0
0 43.5 1
10.06187557274403 43.5 0
7.488659999999999 42.2538 1
10.8523 43.8828 0
11.05819674157303 43.5 1
54.4089700105488 43.5 0
54.8676 43.92740000000001 0