47.364 44.3789 0
15.9951 67.42429999999999 1
12.5002 76.94730000000001 0
10.5 76.17697476669554 1
10.5 100 0
7.5 100 1
7.5 75.0216024539701 0
6.24014 74.53639999999999 1
9.700880000000002 63.9076 0
7.5 70.66705414680098 1
7.5 62.58147259817871 0
5.733370000000001 61.517 1
7.092000000000001 57.5163 1
15.9951 67.42429999999999 0
13.5 74.22301735958109 1
13.5 100 0
16.5 100 1
16.5 0 0
13.5 0 1
13.5 64.64757607237928 0
10.5 61.30896367894329 1
10.5 0 0
1.5 0 1
1.5 100 0
4.5 100 1
4.5 0 0
7.5 0 1
7.5 57.97035128550729 0
34.5 45.17887447971984 1
34.5 100 0
31.5 100 1
31.5 45.49651090076642 0
30.7483 45.5761 1
30.2669 41.09739999999999 0
31.5 40.94906380221801 1
31.5 0 0
28.5 0 1
28.5 100 0
25.5 100 1
25.5 0 0
22.5 0 1
22.5 100 0
19.5 100 1
19.5 0 0
46.5 0 1
46.5 100 0
43.5 100 1
43.5 0 0
40.5 0 1
40.5 100 0
37.5 100 1
37.5 44.86123805867325 0
37.7157 44.83839999999999 1
37.2281 40.26000000000001 0
34.5 40.58817774808941 1
34.5 0 0
37.5 0 1
37.5 42.81304954881054 0
46.8847 39.72969999999999 0
49.5 39.50797867319966 1
49.5 0 0
52.5 0 1
52.5 39.25364304042293 0
46.8847 39.72969999999999 0
47.364 44.3789 0