45.69289999999999 45.1044 0
44.5 20.87895237717728 1
44.5 100 0
41.5 100 1
41.5 22.00430062968584 0
40.5363 22.3658 1
37.3169 12.0792 0
38.5 11.69675364824981 1
38.5 0 0
41.5 0 1
41.5 10.72698012508984 0
43.8562 9.965319999999998 1
44.9512 20.7097 0
44.5 16.28242670684931 1
44.5 0 0
37.3169 12.0792 0
38.5 15.85943124184631 1
38.5 100 0
35.5 100 1
35.5 0 0
32.5 0 1
32.5 100 0
29.5 100 1
29.5 0 0
26.5 0 1
26.5 100 0
23.5 100 1
23.5 0 0
17.5 8.940156187929947 1
17.5 0 0
20.5 0 1
20.5 15.01641561296524 0
22.3208 18.7043 1
15.663 5.21946 0
14.5 5.777454617771181 1
14.5 0 0
11.5 0 1
11.5 7.216821645555823 0
9.148969999999998 8.344819999999999 1
14.2849 17.5749 1
15.4465 22.8757 0
17.5 21.62961386759379 1
17.5 33.74684556962025 0
20.5 19.80918124172643 1
20.5 38.32738568665377 0
20.7054 38.64100000000001 0
17.5 40.6389691944899 1
17.5 100 0
20.5 100 1
20.5 38.76902859940982 0
20.7054 38.64100000000001 1
16.6211 32.4049 0
14.5 33.56356413203481 1
14.5 18.55647892561984 0
11.5 12.56999343156935 1
11.5 35.20233288226083 0
8.5 36.84110163248687 1
8.5 0 0
5.5 0 1
5.5 38.47987038271289 0
1.68928 40.5615 0
2.5 42.00378648318176 1
2.5 100 0
0 100 1
0 0 0
2.5 0 1
2.5 40.11863913293892 0
1.68928 40.5615 1
5.36951 47.1087 0
5.5 47.04616269346678 1
5.5 100 0
8.5 100 1
8.5 45.60841329044999 0
11.5 44.17066388743319 1
11.5 100 0
14.5 100 1
14.5 42.50890978957 0
47.5 100 1
47.5 54.25252598527989 0
45.69289999999999 45.1044 0