45.69289999999999 45.1044 0
45.69289999999999 45.1044 1
50.1358 67.5958 0
50.5 67.52009222175397 1
50.5 100 0
53.5 100 1
53.5 66.89646966618548 0
56.5 66.27284711061696 1
56.5 100 0
59.5 100 1
59.5 65.64922455504848 0
62.5 65.02560199947996 1
62.5 100 0
65.5 100 1
65.5 64.40197944391144 0
68.5 63.77835688834294 1
68.5 100 0
71.5 100 1
71.5 63.15473433277444 0
72.44159999999999 62.959 1
70.13159999999999 53.74209999999999 0
71.5 59.202016 1
71.5 0 0
74.5 0 1
74.5 100 0
77.5 100 1
77.5 96.96178180252844 0
78.93960000000001 97.02459999999999 1
83.18790000000001 66.3169 0
80.5 66.30253517841729 1
80.5 50.52405401496304 0
83.5 50.0557947388602 1
83.5 100 0
80.5 100 1
80.5 85.74566605465716 0
98.5 100 1
98.5 47.71449835834603 0
95.5 48.18275763444888 1
95.5 100 0
92.5 100 1
92.5 48.6510169105517 0
89.5 49.11927618665455 1
89.5 100 0
86.5 100 1
86.5 49.58753546275737 0
77.74279999999999 66.2878 1
76.73269999999999 96.92830000000001 0
77.5 73.65292563112564 1
77.5 50.99231329106587 0
76.78829999999999 51.10339999999999 1
74.66040000000001 40.4015 0
77.5 40.04688884621645 1
77.5 0 0
80.5 0 1
80.5 39.67224683278123 0
83.5 39.29760481934601 1
83.5 0 0
86.5 0 1
86.5 38.9229628059108 0
89.5 38.54832079247558 1
89.5 0 0
92.5 0 1
92.5 38.17367877904036 0
95.5 37.79903676560514 1
95.5 0 0
98.5 0 1
98.5 43.65917866535175 0
99.21690000000001 47.6026 1
97.39169999999999 37.5628 0
74.66040000000001 40.4015 0
68.5 53.16542156293093 1
68.5 0 0
65.5 0 1
65.5 52.10509102161735 0
62.5 51.04476048030378 1
62.5 0 0
59.5 0 1
59.5 49.9844299389902 0
56.5 48.92409939767664 1
56.5 0 0
53.5 0 1
53.5 47.86376885636307 0
50.5 46.80343831504949 1
50.5 0 0
47.5 0 1
47.5 45.74310777373591 0
45.69289999999999 45.1044 0