16.0187 64.513
5.86771 58.529
3.77823 62.0919
13.6677 68.2537

15.1475 49.4432
8.69223 46.2975
5.59092 50.4233
12.1438 53.6388

17.8126 89.5024
17.2576 83.0462
9.50684 83.9533
10.54 90.3684

38.3048 72.1145
19.8615 68.8878
17.9309 86.8036
35.5074 90.1387

61.4658 63.6322
28.3716 56.7493
31.9266 61.3419
37.5586 62.8287
41.1315 65.2954
39.8053 69.734
41.7617 72.0083
50.1596 73.4902

62.9031 44.6264
55.2674 44.1832
47.5772 41.7685
46.6327 47.4145
53.858 50.258
61.9888 50.6317

75.3587 34.7387
62.7683 29.8408
57.93 42.1695
70.4775 47.4979

81.9716 14.6486
75.1313 26.4956
75.4622 29.0423
81.747 28.237

29.6142 42.5742
23.5034 32.0145
18.0811 34.6315
24.0904 45.019

26.6569 25.1931
21.3648 22.5637
19.6916 26.7527
24.7988 29.5352

80.558 88.4291
80.1687 86.363
42.112 95.1068
42.6003 97.159

74.6868 76.6125
69.1514 72.8004
69.4587 75.5952
63.4085 78.208
60.9547 81.4765
61.9634 85.168
72.938 82.0756
72.3945 78.1165

89.8966 31.6572
86.4216 26.9003
77.9182 33.203
81.5637 39.5609
84.8754 37.2112
84.5789 35.9476

94.9504 85.527
92.7035 87.2173
87.3696 83.3469
83.3066 82.904
80.6463 85.655
88.9052 93.5159
92.0329 91.0286
94.496 92.2327

98.7393 53.8376
90.7559 51.6944
88.3268 60.2053
96.0026 61.9088