15.5974 25.3436
13.8543 14.7068
9.25061 15.7266
8.82596 26.5182

20.3123 85.0309
18.5666 78.8858
16.3608 78.8423
13.2799 80.1393
14.5965 86.5305
17.6774 85.2335

35.5622 6.36302
27.2808 4.77828
25.8792 8.69544

37.2063 55.233
33.7454 49.4715
29.3353 52.1531
33.0481 57.6308

48.2543 62.9835
45.614 56.2583
36.0329 60.7049
30.6612 61.4756
34.3184 68.6366

66.2445 19.2764
62.9708 15.7433
59.05 12.8437
52.4759 11.2593
46.4155 11.3046
40.2768 14.3321
43.3143 18.0501
42.8521 18.9198
47.8176 24.9385
48.3827 26.1471
50.91 29.3755
61.6086 20.4925
62.5162 21.814

87.792 45.8983
85.4816 27.4443
54.3282 32.6056
57.2589 50.3171

89.8263 7.97603
81.4041 4.76409
73.7018 21.0378
82.7518 25.2966

81.6403 79.0115
71.2963 62.8603
56.1103 72.6636
65.9132 88.4615