58.7627 49.2081 0
58.7627 49.2081 1
70.05590000000001 41.8417 0
71.38595841423117 43.5 1
100 43.5 0
100 40.5 1
0 40.5 0
2.075699257143953 44.0325 1
1.774186412167204 52.1643 0
0 59.78260634626487 1
0.963611332804756 63.0389 0
0 63.0389 1
0 54.18380000000001 1
3.03608456529396 54.18380000000001 0
4.75905230821763 55.5 1
3.42557807266938 55.5 0
3.55608 55.941 1
8.349419999999999 54.18380000000001 0
8.833954668412421 55.5 1
58.74303175341932 55.5 0
54.68971903853949 58.5 1
17.20050030974504 58.5 0
13.685 57.61109999999999 1
13.87693839567966 61.221 1
13.9272 62.16630000000001 1
14.2239003864226 63.1203 1
17.7461 63.1203 1
13.9272 62.16630000000001 0
13.87693839567966 61.221 1
13.4588 61.221 1
14.04949501460423 63.1203 1
14.2239003864226 63.1203 0
13.4588 61.221 0
12.65002711675864 61.52409799704017 1
11.20952932995243 57.61109999999999 0
9.611117058995514 57.61109999999999 1
13.685 57.61109999999999 1
18.6646 58.8702 0
17.7461 63.1203 0
18.09626718430155 61.5 1
53.82936689464493 61.5 0
56.15304753104384 64.5 1
14.47859095081729 64.5 0
15.1731 66.73310000000001 1
9.872019999999999 68.9409 0
13.33172023190507 67.5 1
71.66975437394535 67.5 0
75.49379999999999 70.21690000000001 1
64.40000000000001 62.33499999999999 0
63.71735442157046 62.20153311433413 1
74.21448894990976 59.2064 0
67.62702858433056 58.5 1
100 58.5 0
98.55629999999999 57.8266 1
100 57.8266 1
100 45.8506 1
82.54830000000001 45.8506 0
82.26338270703383 46.5 1
73.79214260448234 46.5 0
74.7405 47.6824 1
65.42359999999999 54.943 0
65.7686406863852 55.5 1
92.26081016906949 55.5 0
100 70.5 1
83.93747880779131 70.5 0
86.2007549649235 67.5 1
100 67.5 0
100 64.5 1
88.46403112205573 64.5 0
89.3793 63.2868 1
84.98500000000001 60.6658 1
82.163453832568 60.6658 0
81.58092143031817 61.5 1
78.67588085974958 61.5 0
80.63380000000001 62.8563 1
75.36490000000001 59.2064 1
68.74758337914722 59.2064 0
68.16720000000001 59.372 1
63.50745865182728 62.33499999999999 1
57.4564 66.18270000000001 0
60.10268645513678 64.5 1
67.44724457300904 64.5 0
54.62385144492013 73.5 1
100 73.5 0
100 76.5 1
52.59886379466491 76.5 0
55.27070000000001 72.54169999999999 1
49.12350000000001 68.3835 0
52.25238961569909 70.5 1
82.93489176059074 70.5 0
83.6044 70.94149999999999 1
79.70259999999999 68.36850000000001 0
77.32333305913988 70.21690000000001 1
83.99298689170786 60.6658 0
84.98500000000001 60.6658 0
86.38359788630294 61.5 1
100 61.5 0
96.92689999999999 57.8266 1
80.81800000000001 49.7944 0
86.24418956699284 52.5 1
68.55849060132772 52.5 0
72.40813112690412 49.5 1
80.94716484608753 49.5 0
82.54830000000001 45.8506 0
85.74775194110566 45.8506 1
98.55629999999999 52.64910014317888 0
98.55629999999999 54.3473 1
96.92689999999999 57.8266 1
98.55629999999999 57.8266 1
98.55629999999999 45.8506 0
98.55629999999999 45.85630071589443 1
98.54555970552823 45.8506 0
98.55629999999999 49.25270042953666 1
92.14665582331693 45.8506 0
77.6361326565787 34.5 1
0 34.5 0
0 31.5 1
64.09480500088713 31.5 0
62.2419 31.0895 1
80.05009999999999 35.0348 0
83.08107098082311 22.5 1
100 22.5 0
100 25.5 1
82.35565749656575 25.5 0
82.23315933952415 26.0066 1
81.08509577888896 30.7545 0
81.72966397026468 30.7545 1
83.94416397026467 26.0066 0
85.5993 26.0066 1
90.68600000000001 28.5611 0
90.56433338422391 28.5 1
100 28.5 0
100 31.5 1
89.73387510742481 31.5 0
89.065 33.5646 1
83.38480000000001 30.7545 0
84.89171758300415 31.5 1
80.90483052805098 31.5 0
80.17941704379362 34.5 1
100 34.5 0
100 37.5 1
0 37.5 0
9.171620186000975 25.5 1
0 25.5 0
0 28.5 1
13.28887422418012 28.5 0
14.0459 29.0516 1
6.755890000000001 23.7398 0
7.777376672806147 22.5 1
0 22.5 0
0 19.5 1
35.15678172273958 19.5 0
36.0793 20.1933 0
42.24136078961784 10.5 1
100 10.5 0
100 13.5 1
40.33425151116226 13.5 0
38.42714223270667 16.5 1
65.99153706354244 16.5 0
66.6951 13.7625 1
84.45070000000001 16.8358 0
82.51065819477435 16.5 1
100 16.5 0
100 19.5 1
83.8064844650805 19.5 0
100 1.5 1
0 1.5 0
0 4.5 1
33.99683682255436 4.5 0
35.286 2.5402 1
43.5641 8.419250000000002 0
42.26973383114618 7.5 1
100 7.5 0
100 4.5 1
38.04553094122349 4.5 0
35.286 2.5402 0
32.02342650908517 7.5 1
0 7.5 0
0 10.5 1
30.05001619561599 10.5 0
28.0766058821468 13.5 1
0 13.5 0
0 16.5 1
31.16492418375034 16.5 0
27.7777 13.9544 1
36.0793 20.1933 0
36.52003295425109 19.5 1
65.22050918797254 19.5 0
64.44948131240261 22.5 1
14.04498449685239 22.5 0
10.1556 19.6135 1
17.326 24.935 0
16.8758089442744 25.5 1
63.67845343683268 25.5 0
62.90742556126277 28.5 1
14.48541395812078 28.5 0
3.57673 44.0325 0
1.471785009562212 54.18380000000001 1
4.092210444268252 63.0389 0
5.656510000000001 63.0389 1
6.62195 62.9764 0
7.145399520249219 64.5 1
0 64.5 0
0 67.5 1
9.713716744467288 67.5 0
9.445966821461685 65.06290000000001 1
7.338789999999999 65.06290000000001 1
9.32694 63.9795 1
9.445966821461685 65.06290000000001 0
0 76.5 1
50.72763154439325 76.5 0
51.9913 77.40010000000001 1
46.11069999999999 73.2114 0
47.80272053066551 70.5 1
0 70.5 0
0 73.5 1
46.5158713323943 73.5 0
43.71920440757496 79.5 1
100 79.5 0
100 82.5 1
46.6152237302954 82.5 0
47.0286 80.02610000000001 1
35.7681 78.23599999999999 0
35.38279907128843 79.5 1
3.473994840954263 79.5 0
3.18209 79.37010000000001 1
0 79.37010000000001 0
0.2923499999999998 79.37010000000001 1
0.2923499999999998 88.65369999999999 0
0 88.65369999999999 1
14.3998 88.65369999999999 0
10.6512635173753 88.65369999999999 1
1.79235 84.78555592472711 0
3.154190552125899 88.65369999999999 1
1.79235 88.0590677741813 0
0 91.5 1
100 91.5 0
100 94.5 1
0 94.5 0
0 97.5 1
100 97.5 0
100 100 1
0 100 0
1.79235 79.37010000000001 1
1.79235 83.14879999999999 1
3.18209 79.37010000000001 1
16.0677 85.10429999999999 0
15.88175645179467 85.5 1
24.46659660113563 85.5 0
27.0924 87.77289999999999 1
22.7791 84.0393 1
24.8614 82.04249999999999 1
28.9606 85.88460000000001 0
28.55026390255328 85.5 1
33.69234656956024 85.5 0
35.3203 88.24440000000001 1
36.2123 85.5779 1
42.8004 85.74029999999999 1
46.39790000000001 83.8006 0
43.24607677991443 85.5 1
100 85.5 0
100 88.5 1
14.47202522961627 88.5 0
16.0677 85.10429999999999 0
10.21544613320078 82.5 1
24.38431053185096 82.5 0
24.8614 82.04249999999999 0
25.34951431248535 82.5 1
31.91277351486005 82.5 0
31.8913 82.46379999999999 1
34.60290000000001 82.05850000000001 0
35.7681 78.23599999999999 0
52.66589999999999 59.9979 1
61.6652 53.3372 0
61.07670056913129 52.5 1
0 52.5 0
0 52.1643 1
0 44.0325 0
0 43.5 1
67.51361156059949 43.5 0
62.91440434947872 46.5 1
21.20376938538693 46.5 0
21.09145044815536 49.5 1
58.96788751059553 49.5 0
58.7627 49.2081 0