62.0654 52.6294 0
61.50000000000001 54.04449599110399 1
61.50000000000001 0 0
58.50000000000001 0 1
58.50000000000001 100 0
55.50000000000001 100 1
55.50000000000001 0 0
52.50000000000001 0 1
52.50000000000001 23.29224692796536 0
53.2007 23.9368 1
39.8092 37.7088 0
40.5 36.99837192248813 1
40.5 66.84237889225039 0
43.5 63.87170167558762 1
43.5 33.91313128477019 0
46.5 30.82789064705223 1
46.5 65.38883136125577 0
49.50000000000001 67.9185915785076 1
49.50000000000001 27.74265000933427 0
52.50000000000001 24.65740937161632 1
52.50000000000001 100 0
49.50000000000001 100 1
49.50000000000001 70.10515926007366 0
50.7542 68.97620000000001 0
58.5582 61.40730000000001 1
62.0654 52.6294 0
76.5 42.20540233595514 1
76.5 73.94220635790094 0
79.5 70.36169729072458 1
79.5 50.95624955314223 0
80.2688 53.19880000000001 0
87.95050000000001 60.276 1
75.07990000000001 75.6371 1
76.24118177598424 76.59833241913836 0
88.5 88.10732497764656 1
88.5 69.14970834851502 0
85.5 72.86165395796669 1
85.5 90.66745214379992 0
82.5 93.22757930995328 1
82.5 76.57359956741837 0
79.11410000000001 83.72220771583306 1
78.05082997600422 78.09623977725587 0
76.40799999999999 77.48099999999999 1
76.24118177598424 76.59833241913836 1
79.11410000000001 78.97634453606565 1
79.11410000000001 91.79949999999999 0
76.5 92.53499154469714 1
76.5 100 0
77.5453 99.85130000000001 1
95.08340000000001 99.85130000000001 0
95.08340000000001 100 1
95.08340000000001 88.6951 0
95.08340000000001 90.43427038059158 1
81.59119487583655 98.35130000000001 0
87.51898462750967 98.35130000000001 1
95.08340000000001 93.91261114177473 0
93.44677437918278 98.35130000000001 1
95.08340000000001 97.39095190295785 0
95.08340000000001 98.35130000000001 1
78.62729999999999 98.35130000000001 1
77.5453 98.35130000000001 1
77.5453 97.45580000000001 1
78.62729999999999 98.35130000000001 0
77.5453 97.45580000000001 0
79.5 95.78770647610665 1
79.5 79.29576708984774 0
79.97929999999999 79.6925 1
92.87860000000001 63.732 0
91.5 65.43776273906334 1
91.5 85.54719781149319 0
91.6371 85.43020000000001 1
92.89449999999999 87.33590000000001 0
94.50000000000003 88.3328370916899 1
94.50000000000003 48.32520272910068 0
97.50000000000003 47.29782683580299 1
97.50000000000003 100 0
100 100 1
100 0 0
97.50000000000003 0 1
97.50000000000003 42.11189767091386 0
94.50000000000003 33.52085780243873 1
94.50000000000003 0 0
91.5 0 1
91.5 28.31268182657767 0
92.54839999999999 27.9321 1
99.11750000000001 46.7439 0
91.5 49.35257862239835 1
91.5 62.76520922870884 0
88.5 60.66135581664334 1
88.5 50.37995451569604 0
85.5 51.40733040899372 1
85.5 63.20067915637188 0
82.5 66.78118822354821 1
82.5 52.4347063022914 0
80.2688 53.19880000000001 1
73.92449999999999 34.69280000000001 0
88.5 29.40171795757065 1
88.5 0 0
85.5 0 1
85.5 30.49075408856361 0
82.5 31.57979021955659 1
82.5 0 0
79.5 0 1
79.5 32.66882635054955 0
76.5 33.75786248154253 1
76.5 0 0
73.5 0 1
73.5 78.31955672805483 0
70.45679999999999 79.19710000000001 1
72.89670000000001 93.5488 0
73.5 93.37905819635216 1
73.5 100 0
70.5 100 1
70.5 79.45120608631507 0
70.45679999999999 79.19710000000001 0
70.5 79.1846427611238 1
70.5 57.89516921241048 0
70.76740000000001 57.47620000000001 0
70.5 57.32726477591359 1
70.5 0 0
67.5 0 1
67.5 55.65633855205701 0
62.0654 52.6294 0