75.5 28.5 0
69 30.06752080632555 1
69 15.5 0
68 15.5 1
68 30.06752080632555 0
67.5 37 1
124.5 37 0
124.5 38 1
67.5 38 0
67.5 39 1
93.5 39 0
93.5 38.5 0
98 38.5 1
98 52.5 0
99 52.5 1
99 38.5 0
100 38.5 1
100 52.5 0
101 52.5 1
101 38.5 0
102 38.5 1
102 52.5 0
103 52.5 1
103 38.5 0
104 38.5 1
104 52.5 0
104.5 52 1
126.5 52 0
126.5 53 1
9.5 53 0
9.5 54 1
126.5 54 0
126.5 59 1
19.5 59 0
19.5 58 1
126.5 58 0
126.5 57 1
19.5 57 0
19.5 56 1
126.5 56 0
126.5 55 1
19.5 55 0
19.5 54.5 0
9.5 52 1
38.5 52 0
38.5 51 1
9.5 51 0
9.5 50 1
38.5 50 0
38.5 49 1
9.5 49 0
9.5 48 1
35.5 48 0
35.5 47 1
9.5 47 0
9.5 46 1
35.5 46 0
35.5 43 1
29.5 43 0
29.5 42 1
35.5 42 0
35.5 44 1
29.5 44 0
29.5 45 1
35.5 45 0
35.5 48.5 0
38.5 52.5 1
38.5 48.5 1
35.5 48.5 1
35.5 40.5 0
35.5 41 1
29.5 41 0
29.5 40 1
44.50000000000001 40 0
45.83333333333334 39 1
29.5 39 0
29.5 38 1
47.16666666666667 38 0
48.50000000000001 37 1
29.5 37 0
29.5 36 1
49.83333333333334 36 0
51.16666666666667 35 1
29.5 35 0
29.5 34 1
52.5 34 0
53.83333333333334 33 1
29.5 33 0
29.5 32 1
55.16666666666667 32 0
56.5 31 1
56.5 32.5 1
57.5 32.5 1
57.5 15.5 1
54.5 15.5 1
54.5 9.5 1
45.5 9.5 1
45.5 12.5 1
48.5 12.5 0
47 12.5 1
47 9.5 0
46 9.5 1
46 12.5 0
48 9.5 1
48 12.5 0
48.5 12.5 0
54.5 15.5 0
55 15.5 1
55 23.5 0
56 23.5 1
56 15.5 0
57 15.5 1
57 23.5 0
57.5 24 1
29.5 24 0
29.5 25 1
57.5 25 0
57.5 26 1
29.5 26 0
29.5 27 1
57.5 27 0
57.5 28 1
29.5 28 0
29.5 29 1
57.5 29 0
57.5 30 1
29.5 30 0
29.5 31 1
56.5 31 0
57 31 1
57 32.5 0
57.5 31 1
56.5 31 1
43.83333333333334 40.50000000000001 1
35.5 40.5 0
49 23.5 1
49 9.5 0
50 9.5 1
50 23.5 0
51 23.5 1
51 9.5 0
52 9.5 1
52 23.5 0
53 23.5 1
53 9.5 0
54 9.5 1
54 23.5 0
48.5 12.5 1
48.5 23.5 1
29.5 23.5 1
29.5 45.5 1
9.5 45.5 1
9.5 54.5 1
19.5 54.5 1
19.5 63.5 1
9.5 63.5 1
9.5 68.5 1
14.5 68.5 0
9.5 64 1
59.5 64 0
59.5 63 1
19.5 63 0
19.5 62 1
51.5 62 0
51.5 62.5 0
59.5 65 1
9.5 65 0
9.5 66 1
59.5 66 0
59.5 67 1
9.5 67 0
9.5 68 1
59.5 68 0
59.5 69 1
14.5 69 0
14.5 68.5 1
14.5 69.5 1
59.5 69.5 1
59.5 62.5 1
51.5 62.5 1
51.5 59.5 0
51.5 61 1
19.5 61 0
19.5 60 1
51.5 60 0
51.5 59.5 1
126.5 59.5 1
126.5 51.5 1
104.5 51.5 1
104.5 38.5 1
121.5 38.5 1
121.5 41.5 1
124.5 41.5 1
124.5 30.5 1
119.5 30.5 1
119.5 35.5 0
120 35.5 1
120 30.5 0
119.5 35.5 1
107.5 35.5 1
107.5 28.5 1
119.5 28.5 1
119.5 18.5 1
106.5 18.5 1
106.5 14.5 1
97.5 14.5 1
97.5 18.5 1
100.5 18.5 0
97.5 15 1
106.5 15 0
106.5 16 1
97.5 16 0
97.5 17 1
106.5 17 0
106.5 18 1
97.5 18 0
100.5 18.5 0
100.5 19 1
119.5 19 0
119.5 20 1
100.5 20 0
100.5 21 1
119.5 21 0
119.5 22 1
100.5 22 0
100.5 23 1
119.5 23 0
119.5 24 1
100.5 24 0
100.5 24.5 0
100.5 18.5 1
100.5 24.5 1
87.18102496759067 24.5 1
80.5 30.06752080632555 0
80.5 29 1
75.5 29 0
75.5 28.5 0