75.5 28.5 0
75.5 28.5 1
75.5 15.5 1
67.5 15.5 1
67.5 48.5 1
72.5 48.5 1
72.5 52.5 1
38.5 52.5 0
72.5 52.5 0
72.5 52 1
78.5 52 0
78.5 51 1
72.5 51 0
72.5 50 1
78.5 50 0
78.5 49 1
72.5 49 0
78.5 48 1
67.5 48 0
67.5 47 1
78.5 47 0
78.5 46 1
67.5 46 0
67.5 45 1
78.5 45 0
78.5 44 1
67.5 44 0
67.5 43 1
93.5 43 0
93.5 42 1
67.5 42 0
67.5 41 1
93.5 41 0
93.5 40 1
67.5 40 0
67.5 36 1
124.5 36 0
124 35.5 1
124 30.5 0
123 30.5 1
123 35.5 0
122 35.5 1
122 30.5 0
121 30.5 1
121 35.5 0
123 38.5 1
123 41.5 0
124 41.5 1
124 38.5 0
122 41.5 1
122 38.5 0
107.5 35.5 0
107.5 35 1
67.5 35 0
67.5 34 1
107.5 34 0
107.5 33 1
67.5 33 0
67.5 32 1
107.5 32 0
107.5 31 1
67.5 31 0
67.5 30.06752080632555 1
75.5 30.06752080632555 0
78.5 43.5 1
93.5 43.5 1
93.5 39.5 1
93.5 38.5 1
96.5 38.5 1
97.5 38.5 1
97.5 51.5 1
97.5 52.5 1
79.5 52.5 1
78.5 52.5 1
78.5 44.5 1
78.5 43.5 0
70 30.06752080632555 1
70 15.5 0
71 15.5 1
71 30.06752080632555 0
72 30.06752080632555 1
72 15.5 0
73 15.5 1
73 30.06752080632555 0
74 30.06752080632555 1
74 15.5 0
75 15.5 1
75 30.06752080632555 0
75.5 30 1
80.5 30 0
80.5 30.06752080632555 0
82.98102496759066 28 1
119.5 28 0
119.5 27 1
84.18102496759067 27 0
86.58102496759068 25 1
119.5 25 0
119.5 26 1
85.38102496759066 26 0
81.78102496759067 29 1
107.5 29 0
107.5 30 1
80.58102496759068 30 0
80.5 30.06752080632555 1
80.5 28.5 1
75.5 28.5 0
75.5 28.5 0