56.34950000000001 61.8997 0
58.5 60.99857905067621 1
58.5 0 0
61.5 0 1
61.5 59.74149332736937 0
56.34950000000001 61.8997 0
55.5 62.68249814991091 1
55.5 0 0
82.5 0 1
82.5 100 0
79.5 100 1
79.5 0 0
76.5 0 1
76.5 85.41804266759851 0
77.38310000000001 85.41640000000001 1
77.39279999999999 94.11699999999999 1
77.39279999999999 100 0
77.39279999999999 98.61735779916032 1
58.6943 98.85315779916033 0
58.5 100 1
58.5 67.09226154960322 0
64.5 62.34151107415049 1
64.5 85.44036404816944 0
73.5 85.42362301274125 1
73.5 0 0
70.5 0 1
70.5 85.42920335788398 0
67.5 85.43478370302671 1
67.5 60.65411371005095 0
67.83000000000001 60.46850000000001 1
65.851 57.9183 0
64.5 58.48440760406251 1
64.5 0 0
67.5 0 1
67.5 60.04325189489641 0
89.04320000000001 68.6369 1
93.08330000000001 62.4577 0
91.5 64.87930524739485 1
91.5 0 0
94.5 0 1
94.5 63.32301603218096 0
97.5 65.15540686760335 1
97.5 0 0
100 0 1
100 100 0
94.51759999999999 72.2045 1
98.22919999999999 65.60079999999999 0
97.5 66.89819682077811 1
97.5 100 0
94.5 100 1
94.5 72.19303029373083 0
91.5 70.23796672512057 1
91.5 100 0
88.5 100 1
88.5 0 0
85.5 0 1
85.5 100 0
77.39279999999999 95.61711926638677 1
58.6943 95.85291926638678 0
58.6943 94.3528 0
58.7821 85.45099999999999 0
61.5 85.44594439331217 1
61.5 64.02890843825003 0
60.70529999999999 64.4759 1
55.8034 70.29150000000001 1
52.25239999999999 65.67509999999999 0
56.34950000000001 61.8997 0