56.34950000000001 61.8997 0
52.5 65.4469412926216 1
52.5 0 0
49.5 0 1
49.5 100 0
46.5 100 1
46.5 0 0
43.5 0 1
43.5 100 0
40.5 100 1
40.5 0 0
37.5 0 1
37.5 64.6732666833818 0
37.4965 64.64259999999999 1
38.4936 73.37909999999999 0
37.5 73.51676854973448 1
37.5 100 0
34.5 100 1
34.5 73.93243446076855 0
31.5 74.34810037180262 1
31.5 100 0
28.5 100 1
28.5 74.76376628283668 0
25.7449 75.1455 1
27.6235 65.73060000000001 0
28.5 65.63401010837637 1
28.5 42.71533573400123 0
31.5 47.65980005622572 1
31.5 65.30341150612782 0
34.5 64.97281290387926 1
34.5 49.82019231323132 0
37.0604 44.8137 0
34.5 40.10967567808805 1
34.5 0 0
31.5 0 1
31.5 34.77410960680203 0
31.5707 34.72790000000001 1
37.0604 44.8137 1
33.7274 51.3309 1
25.9018 38.4331 0
28.5 36.73491329005627 1
28.5 0 0
25.5 0 1
25.5 100 0
22.5 100 1
22.5 0 0
19.5 0 1
19.5 55.31839732429761 0
21.2319 57.1301 0
19.5 58.89842544880943 1
19.5 100 0
16.5 100 1
16.5 57.37578423473535 0
13.8951 54.2628 1
18.5693 59.84869999999999 1
21.2319 57.1301 1
16.3771 52.05159999999999 0
16.5 52.18016299950564 1
16.5 0 0
13.5 0 1
13.5 100 0
10.5 100 1
10.5 0 0
7.5 0 1
7.5 100 0
4.5 100 1
4.5 0 0
1.5 0 1
1.5 100 0
55.5 69.89707145592791 1
55.5 100 0
52.5 100 1
52.5 65.99698697268374 0
52.25239999999999 65.67509999999999 0
56.34950000000001 61.8997 0