37.1657 55.3947 0
35.5 56.12790428268794 1
35.5 100 0
32.5 100 1
32.5 57.44843790102487 0
31.926 57.7011 0
30.3352 54.0371 1
31.926 57.7011 0
37.1657 55.3947 1
33.8027 46.94289999999999 0
32.5 47.48889235693191 1
32.5 0 0
29.5 0 1
29.5 48.74626325644505 0
27.5382 49.5685 1
28.9938 54.06140000000001 0
29.5 54.05222998359922 1
29.5 100 0
26.5 100 1
26.5 0 0
23.5 0 1
23.5 100 0
20.5 100 1
20.5 0 0
17.5 0 1
17.5 100 0
14.5 100 1
14.5 0 0
11.5 0 1
11.5 100 0
8.5 100 1
8.5 0 0
5.5 0 1
5.5 100 0
2.5 100 1
2.5 0 0
0 0 1
0 100 0
38.5 100 1
38.5 0 0
41.5 0 1
41.5 100 0
44.5 100 1
44.5 0 0
47.5 0 1
47.5 100 0
50.5 100 1
50.5 0 0
53.5 0 1
53.5 100 0
56.5 100 1
56.5 0 0
59.5 0 1
59.5 100 0
62.5 100 1
62.5 0 0
65.5 0 1
65.5 100 0
68.5 100 1
68.5 0 0
71.5 0 1
71.5 100 0
74.5 100 1
74.5 0 0
77.5 0 1
77.5 100 0
80.5 100 1
80.5 12.34977510058113 0
79.32640000000001 10.8029 0
86.5 0 1
86.5 11.28514832786885 0
90.4562 12.2411 1
94.0085 16.7912 0
92.5 14.85897979055823 1
92.5 0 0
89.5 0 1
89.5 13.07957742516318 0
88.679 13.7995 1
83.18899999999999 7.46458 0
83.5 7.823443409836065 1
83.5 0 0
80.5 0 1
80.5 9.788595554289856 0
79.32640000000001 10.8029 1
83.8004 16.6999 0
83.5 16.30395480554314 1
83.5 100 0
86.5 100 1
86.5 17.52154339111593 0
86.08959999999999 17.9985 1
87.56639999999999 16.2822 1
89.83019999999999 20.7305 0
92.5 18.21341335232032 1
92.5 100 0
95.5 100 1
95.5 0 0
98.5 0 1
98.5 100 0
89.5 100 1
89.5 20.0816667726831 0
35.5 0 1
35.5 51.20850812964615 0
37.1657 55.3947 0