8.8732 33.963
4.71224 32.1764
3.10795 35.945
7.5061 37.695

9.98331 26.3
7.22039 25.8371
7.18125 31.1414
9.43973 31.5354

22.9252 61.5806
19.7086 60.2473
17.9459 66.4331
20.7657 67.1901

29.7474 78.0794
22.9382 74.0416
18.6017 81.0121
25.4109 85.0499

36.2238 65.4989
30.0383 55.0974
24.69 58.0462
31.1108 68.0674

44.0904 56.3624
32.2833 51.6168
30.918 55.1758
42.7211 59.6978

45.9092 34.1252
40.0446 27.9343
25.4266 41.4504
30.7011 47.3593

47.8608 10.6887
47.7927 9.83137
40.077 10.4442
40.7281 12.5794

57.0511 66.1475
46.3107 65.4449
45.6096 70.7111
32.3517 70.5154
32.3155 77.9756
47.4644 79.4949
47.7894 74.1787
53.1583 74.3959

55.5792 48.2766
51.3345 47.3334
50.1955 51.253
54.0372 52.4833

76.8634 52.7763
72.7761 40.0616
58.4186 44.7415
62.6741 58.0408

71.6531 15.8976
65.8279 13.342
62.6357 22.4946
69.6008 25.7876
71.4608 20.7252
70.0611 19.9208

76.5161 9.86724
75.4429 3.19955
68.9638 4.01898
69.7534 10.9093

72.7916 77.2452
66.4611 66.9314
61.1546 69.9548
67.7151 79.885