53.3275 51.3907 0
52.3852 54.4781 0
53.80880500632102 55.3694162624754 1
54.85734244517117 93.60408727099201 0
56.69929349273849 99.38890000000001 1
56.62536291189483 99.21656885732921 0
55.13477285526336 95.88732324477868 1
44.08126912179466 98.7253 0
36.49814688016463 98.7253 0
36.17080813506627 97.48490781653123 1
36.49814688016463 98.7253 0
36.20482432008677 98.7253 1
55.21260077426842 98.7253 0
55.24755780771602 100 1
55.0926 94.34950000000001 1
52.524 86.21090000000001 0
51.66021940232604 86.45716976206856 1
51.06108254815976 64.60978533939436 0
48.0718525588081 65.04363911317859 1
48.68237438231996 87.30617376439133 0
45.70452936231388 88.1551777667141 1
45.08262256945645 65.47749288696278 0
42.0933925801048 65.911346660747 1
42.72668434230779 89.00418176903688 0
39.74883932230171 89.85318577135968 1
39.10416259075315 66.34520043453122 0
22.6475 74.32239999999999 1
23.8397 80.1558 0
18.50503691348804 81.25088338179876 1
19.01920769620963 100 0
22.02033557595239 100 1
21.48936463818472 80.63826968077242 0
23.8397 80.1558 1
22.32218043725061 24.81980618528307 1
21.5715 24.1912 1
22.7692 22.1498 0
23.45864972940446 21.66981481581598 1
22.86438249686383 0 0
19.86325461712107 0 1
21.90491786703721 74.44877004709292 0
30.13647262269819 67.64676175588386 1
31.02371921518065 100 0
34.0248470949234 100 1
33.12570261204985 67.21290798209964 0
36.11493260140149 66.77905420831542 1
36.77099430229562 90.70218977368245 0
35.9909 90.9246 1
36.23978135353437 100 1
55.24755780771602 100 1
56.64684751898531 100 1
65.68721080023437 100 1
65.67045215652226 99.38890000000001 1
56.6300888752732 99.38890000000001 0
56.69929349273849 99.38890000000001 0
56.64684751898531 100 1
56.51390000000001 95.15209999999999 0
57.88533326982265 94.58363823679372 1
56.86236229730716 57.28124240791009 0
51.39790000000001 64.5609 1
46.7914 26.3972 0
47.07688466724684 28.76236904274578 1
46.80483193679015 18.84203023501847 0
49.89130019072491 21.95394690110604 1
50.96032555180783 60.9357051734567 0
52.3852 54.4781 1
53.3275 51.3907 0
53.3275 51.3907 0