53.3275 51.3907 0
68.28790000000001 55.5522 1
66.56389999999999 61.1153 0
65.96737535829521 60.98713536108185 1
67.03725377209369 100 0
62.43707072421525 99.38890000000001 1
65.63602002964578 98.13334059461548 0
65.59229999999999 96.53909999999999 1
63.5433 92.23840000000001 0
63.84037350914899 92.86193540302443 1
62.94845987798962 60.33851469161213 0
61.1169 59.94499999999999 0
59.91591958829329 59.19306855334477 1
60.85273018180061 93.35364643344917 0
71.98681626909729 61.61378786053073 1
72.3756752910902 75.79344060702388 0
72.58940000000001 72.4496 1
72.3321 76.4752 0
72.39455265372678 76.48179919411393 1
73.0395095315792 100 0
76.04063741132197 100 1
75.40440243967532 76.7998414518234 0
76.7876 76.946 1
76.66839999999999 72.5994 0
75.28782023093581 72.54869863951805 1
74.98847727390594 61.63322814062543 0
76.00319999999999 61.63979999999999 1
76.25720000000001 49.0154 1
74.262 45.86799999999999 0
74.56943569318784 46.35297549154944 1
74.21195825475917 33.31764480628827 0
77.10874161054227 29.51274629020591 1
79.04176529106471 100 0
82.04289317080747 100 1
80.00552496632534 25.70784777412355 0
82.90230832210844 21.90294925804118 1
85.04402105055021 100 0
86.54458499042161 100 1
84.35069999999999 20.0005 1
72.29069999999999 35.8412 0
71.2590308699254 35.07526451256653 1
71.55904787703895 46.01531408917012 0
68.195530031722 32.80084925736502 1
70.03838165183646 100 0
92.5 100 1
92.5 0 0
95.5 0 1
95.5 100 0
98.5 100 1
98.5 0 0
89.5 0 1
89.5 100 0
86.5 98.3742188142017 1
86.5 0 0
83.5 0 1
83.5 19.32897107608171 0
80.5 16.96081923435741 1
80.5 0 0
76.88460000000001 5.23822 1
71.05590000000001 11.124 0
71.5 10.67555096367972 1
71.5 23.28184636679564 0
74.5 19.57850749099678 1
74.5 7.646172199975981 0
68.5 26.9851852425945 1
68.5 8.941184002713111 0
62.22109492745119 11.47296144992162 1
50.10461312702914 0 0
45.74136456524688 0 1
62.33741695647072 15.71461686995297 0
62.45373898549023 19.95627228998433 1
41.37811600346463 0 0
40.91579532320769 1.627989399538427 1
41.16634136926379 10.76409202067633 0
44.08044712308794 7.590850673558776 1
43.99693177440255 4.545483133179475 0
54.4678616888114 0 1
62.10477289843168 7.231306029890273 0
64.16371701337667 3.93512 1
76.84886413251309 3.93512 1
76.88460000000001 5.23822 1
75.64279999999999 3.93512 1
64.2003 5.26911 1
64.0558013301098 0 1
61.90646348699633 0 1
62.5119 22.0771 0
61.91454319146808 22.63698597679807 1
62.80427456257081 55.08083108868549 0
59.7861648587631 54.46159286962835 1
58.98862174941046 25.37937103246836 0
56.0347 28.148 0
52.97776844465965 25.0658635671936 1
53.70461094813925 51.57000444558186 0
53.3275 51.3907 0