47.7226 50.61879999999999 0
64.5 77.33619434106407 1
64.5 0 0
61.5 0 1
61.5 74.32465011176399 0
57.6409 70.45070000000001 0
55.5 72.03318234742719 1
55.5 0 0
58.5 0 1
58.5 71.3131058824639 0
57.6409 70.45070000000001 1
68.24359999999999 81.0942 0
67.5 80.34773857036416 1
67.5 0 0
70.5 0 1
70.5 100 0
73.5 100 1
73.5 0 0
76.5 0 1
76.5 100 0
79.5 100 1
79.5 0 0
82.5 0 1
82.5 100 0
85.5 100 1
85.5 0 0
88.5 0 1
88.5 100 0
91.5 100 1
91.5 0 0
94.5 0 1
94.5 100 0
97.5 100 1
97.5 0 0
100 0 1
100 100 0
67.5 100 1
67.5 81.3882947657878 0
64.5 82.57479866218827 1
64.5 100 0
61.5 100 1
61.5 83.76130255858874 0
57.73390000000001 85.2508 0
55.5 82.68345877325211 1
55.5 100 0
58.5 100 1
58.5 84.94780645498921 0
57.73390000000001 85.2508 1
51.29900000000001 77.8554 0
52.5 79.23566626676404 1
52.5 100 0
49.5 100 1
49.5 0 0
52.5 0 1
52.5 74.25068295104319 0
42.753 52.2769 1
41.1086 46.8275 0
43.5 45.68655988624394 1
43.5 38.36976333817894 0
40.5 40.52586218844985 1
40.5 100 0
43.5 100 1
43.5 52.02766450820991 0
47.7226 50.61879999999999 0