21.8328 34.4441
17.0149 29.8337
11.9378 34.5397
10.9108 33.6764
6.27242 38.611
6.9214 39.507
5.96943 40.3894
10.7873 44.9997

37.8533 13.5239
36.8538 0.90645
23.7865 3.02294
20.5499 15.4619

15.5406 90.1074
14.5923 85.8638
9.54371 86.8087
11.6735 90.8426

40.0541 70.1906
22.2807 64.4608
16.1984 82.0938
34.1121 87.4711

65.1205 11.9429
56.2318 5.90319
53.6227 9.44731
43.8731 4.10238
40.237 9.8971
50.594 16.5749
53.0851 13.009
61.7641 17.5454

76.0502 55.9814
53.7404 42.4897
46.3389 55.1738
68.0398 67.604

87.9018 44.6881
75.7068 30.9297
68.7006 36.3867
81.2382 50.7672

60.8063 84.8876
57.0203 78.4126
51.2828 81.6454
55.0905 88.0228

98.9846 80.9231
94.9006 79.4893
98.0795 67.0902
88.7587 71.2343
86.6067 78.6579
90.6907 80.0917
88.4232 91.0195
94.8921 93.3435