32 9
32 10
18 10
18 22
34 22
34 17
38 17
38 19
28 28
28 31
22 36
22 35
19 35
19 47
23 47
23 53
41 53
41 62
43 62
43 73
42 73
42 98
50 98
50 110
49 110
49 121
45 121
45 138
63 138
63 156
53 156
53 155
40 155
40 148
39 148
39 147
44 142
9 142
9 175
14 175
14 173
25 173
25 178
15 178
15 183
28 183
33 179
33 182
47 182
47 185
65 185
65 176
56 176
56 173
44 173
44 164
87 164
87 161
103 161
103 167
109 167
109 170
104 170
104 174
101 174
101 169
91 169
91 188
110 188
110 184
141 184
141 183
147 183
147 152
95 152
95 150
114 150
114 145
122 145
122 148
129 148
129 117
105 117
105 119
99 124
99 123
98 123
98 121
103 116
84 116
84 140
89 140
89 147
87 147
87 153
72 153
72 128
67 128
67 127
70 127
70 120
67 120
63 114
64 114
64 108
66 108
66 115
70 115
70 112
79 112
79 114
85 114
85 109
70 109
70 108
86 108
86 85
87 85
87 64
83 64
83 54
56 54
56 47
80 47
80 50
86 50
86 55
110 55
110 50
99 50
99 44
108 44
108 31
82 31
82 36
77 36
77 25
82 25
82 23
109 23
109 14
62 14
62 22
65 22
65 33
62 33
62 37
55 37
55 26
51 26
51 9
