40.2141 37.5565 0
40.2141 37.5565 1
26.5125 25.2375 0
26.8044611981492 25.5 1
0 25.5 0
0 22.5 1
28.94782520686894 22.5 0
0 1.5 1
100 1.5 0
100 4.5 1
0 4.5 0
0 7.5 1
100 7.5 0
100 10.5 1
0 10.5 0
0 13.5 1
100 13.5 0
100 16.5 1
57.6625442230881 16.5 0
57.3727275647681 19.5 1
100 19.5 0
100 22.5 1
57.08291090644811 22.5 0
56.92100000000001 24.176 1
51.7136 23.6492 0
55.65056663413188 16.5 1
0 16.5 0
0 19.5 1
53.99850767615118 19.5 0
52.34644871817048 22.5 1
34.86550418899172 22.5 0
31.5117 19.618 1
42.02370000000001 28.6512 0
41.84774746933535 28.5 1
100 28.5 0
100 25.5 1
38.35662582916353 25.5 0
42.02370000000001 28.6512 0
42.56309107716652 31.5 1
100 31.5 0
100 34.5 1
43.13111032439328 34.5 0
43.19629999999999 34.8443 1
40.2141 37.5565 0
40.2141 37.5565 0