40.2141 37.5565 0
40.27622458520759 37.5 1
100 37.5 0
100 64.5 1
18.23472592905885 64.5 0
18.2493 64.5333 1
9.12753 66.01320000000001 0
7.495187568663845 66.01320000000001 1
0.06036020678119874 48.69199999999999 0
0 46.5 1
22.70654988437397 46.5 0
22.11140617773373 49.5 1
11.66982910872214 49.5 0
12.98280847278948 52.5 1
21.51626247109349 52.5 0
21.4798 52.68380000000001 1
29.967 54.19589999999999 0
30.3484653165959 52.5 1
100 52.5 0
100 55.5 1
14.29578783685682 55.5 0
15.60876720092417 58.5 1
100 58.5 0
100 61.5 1
16.92174656499151 61.5 0
30.35224351869893 79.5 1
0 79.5 0
0 76.5 1
28.71282619034075 76.5 0
27.9644 74.84549999999999 0
29.01216092623831 73.5 1
0 73.5 0
0 70.5 1
66.34138529147637 70.5 0
66.11211706137425 67.5 1
0 67.5 0
0 66.01320000000001 1
0 48.69199999999999 1
1.692702638117355 48.69199999999999 0
2.03952274921827 49.5 1
9.197569123941786 49.5 0
11.3162 48.69199999999999 1
3.04646 51.8459 0
0 56.15723698911641 1
4.230502705991531 66.01320000000001 0
0.9658178433192199 66.01320000000001 1
0 63.76309744705185 0
0 82.5 1
32.45317489315823 82.5 0
34.55410626761753 85.5 1
0 85.5 0
0 100 1
100 100 0
100 97.5 1
0 97.5 0
0 94.5 1
100 94.5 0
100 91.5 1
0 91.5 0
0 88.5 1
100 88.5 0
100 85.5 1
35.76378151255504 85.5 0
34.946 86.05959999999999 1
44.76990000000001 79.3372 0
44.90050612460401 79.5 1
44.53198929548971 79.5 0
40.14788540402238 82.5 1
47.30725289249122 82.5 0
47.5809 82.84110000000001 1
49.0018 82.3605 0
49.13498256906864 82.5 1
48.58936647940075 82.5 0
50.3426 83.76490000000001 1
54.6807 80.79830000000001 0
52.19228067484663 82.5 1
100 82.5 0
100 79.5 1
77.00798796051197 79.5 0
76.9667 79.10810000000001 1
73.81809999999999 79.01820000000001 0
73.86885922269627 79.5 1
53.46570149286225 79.5 0
50.65818741952539 76.5 1
100 76.5 0
100 73.5 1
69.92160276033644 73.5 0
70.56700000000001 75.07769999999999 1
66.66460000000001 74.72929999999999 0
66.57065352157849 73.5 1
46.40130792634343 73.5 0
48.6627 74.36770000000001 1
39.83110000000001 70.97900000000001 0
33.7281 71.0378 1
29.9956 72.2371 0
31.0232668672697 49.5 1
100 49.5 0
100 40.5 1
92.56609207339301 40.5 0
92.535 39.73390000000001 1
87.01740000000001 39.44450000000001 0
87.06023646894428 40.5 1
0 40.5 0
0 43.5 1
67.4653884533214 43.5 0
67.483 42.8892 1
79.446 41.9422 0
79.46507662769068 46.5 1
100 46.5 0
100 43.5 1
92.68784670095994 43.5 0
92.7354 44.6717 1
87.21780000000001 44.3824 0
87.18198863079448 43.5 1
79.4525201567898 43.5 0
79.47120000000001 47.96299999999999 0
68.69437849780832 70.5 1
100 70.5 0
100 67.5 1
67.46715423528019 67.5 0
67.30889999999999 48.9273 0
67.37888773289612 46.5 1
31.69806841794351 46.5 0
31.7947 46.07040000000001 1
23.1612 44.20820000000001 0
30.14116060556864 28.5 1
0 28.5 0
0 31.5 1
33.47786001298806 31.5 0
36.81455942040751 34.5 1
0 34.5 0
0 37.5 1
40.15125882782694 37.5 0
40.2141 37.5565 0