40.1563 42.1366 0
40.1563 42.1366 1
36.27079999999999 39.4652 1
28.0887 46.5146 1
33.5659 50.6657 0
34.46663152853174 49.5 1
100 49.5 0
100 52.5 1
69.6968969074162 52.5 0
68.3595989713987 55.5 1
100 55.5 0
100 58.5 1
67.02230103538116 58.5 0
65.68500309936366 61.5 1
77.02651321604 61.5 0
77.14850000000001 61.3771 0
80.89283888366205 64.5 1
100 64.5 0
100 61.5 1
77.2958563831061 61.5 0
77.14850000000001 61.3771 1
84.15770000000001 67.22300000000001 0
83.91505195484353 67.5 1
100 67.5 0
100 70.5 1
81.28709478708393 70.5 0
78.88120000000001 73.2465 1
71.5916 66.97559999999999 0
74.04880490131285 64.5 1
0 64.5 0
0 61.5 1
65.14326368587976 61.5 0
65.60900000000001 61.6705 1
61.64709999999999 60.2201 0
72.2011881356743 67.5 1
0 67.5 0
0 70.5 1
75.68853444960052 70.5 0
56.74896613062548 88.5 1
100 88.5 0
100 85.5 1
0 85.5 0
0 88.5 1
45.79050618976652 88.5 0
45.8948 87.53960000000001 1
54.0342 87.56399999999999 1
61.37479999999999 90.0949 0
61.20133269616643 91.5 1
100 91.5 0
100 94.5 1
60.83096623719506 94.5 0
60.6734 95.77629999999999 1
52.8867 93.69370000000001 0
55.90140095553635 94.5 1
0 94.5 0
0 97.5 1
100 97.5 0
100 100 1
0 100 0
0 91.5 1
45.46472377545952 91.5 0
19.992 79.99979999999999 1
15.1818 84.4222 0
13.41981276689574 82.5 1
0 82.5 0
0 79.5 1
10.66985870420051 79.5 0
10.1932 78.97999999999999 1
14.5109 74.77080000000001 1
19.992 79.99979999999999 0
17.27255760672938 82.5 1
100 82.5 0
100 79.5 1
19.46810369477912 79.5 0
16.32346800917958 76.5 1
100 76.5 0
100 73.5 1
0 73.5 0
0 76.5 1
12.73712663689062 76.5 0
21.09336557411057 55.5 1
63.75506949402093 55.5 0
62.41528676016725 58.5 1
0 58.5 0
0 55.5 1
15.37069773597007 55.5 0
18.8884 57.7231 1
11.487 53.04559999999999 0
11.72845543270176 52.5 1
0 52.5 0
0 49.5 1
13.05610627233751 49.5 0
14.38375711197327 46.5 1
0 46.5 0
0 43.5 1
15.71140795160903 43.5 0
17.03905879124478 40.5 1
0 40.5 0
0 37.5 1
100 37.5 0
100 40.5 1
37.77589672830726 40.5 0
40.1563 42.1366 0