40.1563 42.1366 0
39.10280650596194 43.5 1
100 43.5 0
100 46.5 1
36.78471901724684 46.5 0
40.1563 42.1366 0
36.27079999999999 39.4652 0
35.06972798252333 40.5 1
18.67172744445249 40.5 0
21.45141912860969 43.5 1
31.58768695775527 43.5 0
28.1056459329872 46.5 1
24.23111081276688 46.5 0
32.02780840018309 49.5 1
24.24801758116378 49.5 0
22.67069157763717 52.5 1
65.09485222787461 52.5 0
55.32515970298266 28.5 1
0 28.5 0
0 31.5 1
17.49567351173784 31.5 0
17.5552 33.7966 1
23.845 34.5335 0
23.84698374626603 34.5 1
68.14632530887309 34.5 0
61.73574250592787 31.5 1
24.02463266561237 31.5 0
23.845 34.5335 0
23.5590612023341 34.5 1
0 34.5 0
0 7.5 1
23.04768537901246 7.5 0
22.2011298017061 10.5 1
22.315157890242 10.5 0
22.3092 10.5244 1
11.7018 8.129470000000001 0
11.3946863668282 10.5 1
0 10.5 0
0 13.5 1
11.00602184897128 13.5 0
10.7295 15.6344 1
22.4736 19.5485 0
22.48321012600092 19.5 1
80.28761051730802 19.5 0
79.69730000000001 19.1252 1
82.55009999999999 20.9365 0
83.28567282052092 19.5 1
100 19.5 0
100 22.5 1
60.71397041423604 22.5 0
56.05840000000001 20.639 1
64.54949999999999 24.0332 0
71.95869999999999 27.9923 1
64.54949999999999 24.0332 0
67.29452148468087 25.5 1
100 25.5 0
100 28.5 1
71.72856621836945 28.5 0
70.36870538541376 31.5 1
100 31.5 0
100 34.5 1
69.00884455245807 34.5 0
68.8579 34.833 1
53.44750000000001 27.6213 0
54.24072030992653 25.5 1
0 25.5 0
0 22.5 1
55.36251398822738 22.5 0
43.2837 8.142050000000001 1
38.4862 4.11407 0
38.16677218786907 4.5 1
0 4.5 0
0 1.5 1
100 1.5 0
100 4.5 1
38.94585947571736 4.5 0
42.51899042472903 7.5 1
100 7.5 0
100 10.5 1
41.42270994104194 10.5 0
41.4029 10.5251 1
36.40479999999999 6.6288 1
33.13124600548458 5.653320000000001 1
23.4986 5.653320000000001 0
27.87874876907789 5.653320000000001 1
39.65497628647815 9.162495177168289 0
38.9911 10.2699 1
39.84751015643614 10.5251 0
39.76327859324435 10.5 1
38.94646991863496 10.5 0
38.36459141322379 13.5 1
82.8491686607444 13.5 0
83.18530000000001 12.9001 1
85.78999999999999 14.6093 0
84.82184996048804 16.5 1
100 16.5 0
100 13.5 1
84.09950520126375 13.5 0
83.18530000000001 12.9001 0
81.16823180832435 16.5 1
37.78271290781262 16.5 0
37.5179 17.8653 1
23.4659 14.5406 0
23.07765090956289 16.5 1
31.747395713899 16.5 0
22.4736 19.5485 0
22.32807769602207 19.5 1
0 19.5 0
0 16.5 1
13.3266980685215 16.5 0
40.1563 42.1366 0