41.3216 41.8604 0
38.4428031582561 40.5 1
0 40.5 0
0 37.5 1
32.09438318969411 37.5 0
52.93974237375032 73.5 1
19.52495365149786 73.5 0
19.1321 74.07140000000001 1
17.3162 73.01840000000001 0
17.0061462594395 73.5 1
18.14671988603989 73.5 0
17.20171503075457 85.5 1
0 85.5 0
0 88.5 1
13.57094313436715 88.5 0
12.7942 89.14179999999999 1
18.3822 84.52459999999999 0
19.27872654531966 85.5 1
34.97757921501154 85.5 0
35.64060000000001 88.0693 1
47.70010000000001 86.34440000000001 0
47.58311551399801 85.5 1
100 85.5 0
100 88.5 1
21.58702692324658 88.5 0
17.64461404278782 91.5 1
100 91.5 0
100 94.5 1
0 94.5 0
0 97.5 1
100 97.5 0
100 100 1
0 100 0
0 91.5 1
14.77398655685297 91.5 0
15.893 92.8329 1
21.8513 88.2989 0
0 58.5 1
100 58.5 0
100 55.5 1
0 55.5 0
0 52.5 1
100 52.5 0
100 49.5 1
0 49.5 0
0 46.5 1
100 46.5 0
100 43.5 1
0 43.5 0
19.30386894062657 67.5 1
51.59414578082288 67.5 0
52.29170000000001 68.5728 1
55.9743 69.61359999999999 0
55.96939999999999 79.9434 1
47.0741 81.82589999999999 0
47.1674908597986 82.5 1
100 82.5 0
100 79.5 1
55.86066723315309 79.5 0
55.12499222065706 76.5 1
100 76.5 0
100 73.5 1
54.38931720816105 73.5 0
54.35039999999999 73.34129999999999 1
43.9478 74.51159999999999 0
42.15781265658185 79.5 1
0 79.5 0
0 82.5 1
34.20341412920398 82.5 0
33.8858 81.26920000000001 1
44.6728 78.96209999999999 0
44.27171641388608 76.5 1
0 76.5 0
0 73.5 1
12.85282915963066 73.5 0
13.5545 71.6695 1
11.5756 70.56950000000001 0
11.62463983703663 70.5 1
0 70.5 0
0 67.5 1
13.74146733502044 67.5 0
14.1129 66.9736 1
16.1858 67.74760000000001 0
16.30859491704906 67.5 1
15.52268625322997 67.5 0
17.0288 66.0478 1
22.3245 69.4281 0
21.58753845110159 70.5 1
100 70.5 0
100 67.5 1
56.30317273672131 67.5 0
56.69289999999999 64.99529999999999 1
50.8823 63.7637 0
50.72625850818191 64.5 1
0 64.5 0
0 61.5 1
100 61.5 0
100 64.5 1
54.35611031178954 64.5 0
41.3216 41.8604 0