41.3216 41.8604 0
41.3216 41.8604 1
29.6094 36.3257 0
30.58407885576985 34.5 1
0 34.5 0
0 31.5 1
32.18567636210143 31.5 0
27.90324338052698 25.5 1
0 25.5 0
0 28.5 1
55.09950083486052 28.5 0
54.77560695232278 31.5 1
46.67317402698495 31.5 0
46.89570000000001 31.0692 1
33.7199 28.6262 0
37.6365 27.912 1
25.1241 24.8113 0
25.45609034687965 22.5 1
0 22.5 0
0 1.5 1
100 1.5 0
100 4.5 1
0 4.5 0
0 7.5 1
100 7.5 0
100 10.5 1
85.29214530172422 10.5 0
84.2097 9.004110000000001 1
79.35929999999999 11.1498 0
80.82819341890021 10.5 1
0 10.5 0
0 13.5 1
75.39076540463796 13.5 0
79.35929999999999 11.1498 1
74.00729999999999 14.3193 1
69.72309999999999 18.0804 0
71.52330464225892 16.5 1
0 16.5 0
0 19.5 1
25.88700413593298 19.5 0
26.0413 18.4258 1
30.1955 17.7957 1
37.0224 19.2427 0
37.06048304528937 19.5 1
70.70647998764051 19.5 0
73.8706 24.0677 1
78.20079999999999 20.173 1
83.32919999999999 17.0013 1
88.31540000000001 14.678 0
87.46298400321473 13.5 1
100 13.5 0
100 16.5 1
84.40507571988121 16.5 0
79.28899030803669 19.5 1
100 19.5 0
100 22.5 1
75.61359805890055 22.5 0
73.8706 24.0677 0
72.78462873582416 22.5 1
37.50451388815031 22.5 0
37.94854473101125 25.5 1
100 25.5 0
100 28.5 1
61.48743076962924 28.5 0
61.46377078957252 31.5 1
100 31.5 0
100 34.5 1
45.12355025947068 34.5 0
43.57392649195641 37.5 1
100 37.5 0
100 40.5 1
42.02430272444214 40.5 0
41.3216 41.8604 0