54.8139 48.8861 0
55.9331 52.5299 1
68.01410000000001 48.8139 0
65.78353646393973 49.5 1
100 49.5 0
100 52.5 1
79.04615875476043 52.5 0
80.0414647506864 55.5 1
100 55.5 0
100 58.5 1
80.90898561900792 58.5 0
81.02350000000001 58.45999999999999 1
74.84229999999999 60.6191 0
74.17407301457726 58.5 1
0 58.5 0
0 61.5 1
9.094891002249586 61.5 0
11.1046 60.3322 1
5.29059 63.7106 0
5.727389030196937 64.5 1
0 64.5 0
0 67.5 1
7.387380277461707 67.5 0
8.45149 69.42310000000001 1
14.2147 66.15350000000001 0
11.84127136499878 67.5 1
23.6932622407973 67.5 0
24.1712 68.58600000000001 1
31.1125 65.20240000000001 0
30.74838814138696 64.5 1
36.27028967639181 64.5 0
38.1647 62.70269999999999 1
42.31480000000001 59.24630000000001 1
47.3964 64.14400000000001 1
42.8408 68.0539 0
43.48617375380445 67.5 1
66.17870426760715 67.5 0
64.33965672745779 70.5 1
40.45626591362287 70.5 0
37.68151702536973 73.5 1
62.50060918730843 73.5 0
60.66156164715908 76.5 1
0 76.5 0
0 79.5 1
58.82251410700971 79.5 0
40.18057037318702 85.5 1
55.14441902671101 85.5 0
56.98346656686036 82.5 1
0 82.5 0
0 85.5 1
21.25047000750751 85.5 0
21.7706 84.67959999999999 1
28.765 89.20089999999999 0
27.68071562161325 88.5 1
33.12846676818091 88.5 0
33.63265423117052 85.5 1
23.03974952779068 85.5 0
28.765 89.20089999999999 0
27.42127384855162 91.5 1
34.36008624008461 91.5 0
32.69499999999999 91.07919999999999 1
47.6602 94.8612 0
46.23094821787414 94.5 1
25.66790146181545 94.5 0
24.415 96.6437 1
17.0415 92.1388 0
20.90624909542942 94.5 1
0 94.5 0
0 97.5 1
100 97.5 0
100 100 1
0 100 0
0 91.5 1
17.44649639103389 91.5 0
19.3484831992707 88.5 1
0 88.5 0
21.7747 62.0992 0
23.39653533338897 61.5 1
11.72851128785667 61.5 0
13.33129760706371 64.5 1
22.50539990225987 64.5 0
21.7747 62.0992 1
28.2615 59.7026 0
29.19324068147932 61.5 1
39.60878207094086 61.5 0
38.1647 62.70269999999999 1
33.79689999999999 66.8466 0
33.23821380240256 67.5 1
26.39907912282776 67.5 0
30.67307974548129 70.5 1
0 70.5 0
0 73.5 1
32.25434372983911 73.5 0
29.9604 71.33349999999999 1
35.24509999999999 76.3246 0
33.887 83.98660000000001 1
49.19799999999999 87.66839999999999 0
47.73742352352352 94.5 1
64.21118117260482 94.5 0
59.79810817673257 91.5 1
48.37881491491491 91.5 0
49.02020630630631 88.5 1
55.38503518086031 88.5 0
53.9171 87.50210000000001 1
64.7509 94.86689999999999 0
64.97823559393413 94.5 1
100 94.5 0
100 91.5 1
66.8370711943767 91.5 0
68.69590679481928 88.5 1
100 88.5 0
100 85.5 1
70.55474239526185 85.5 0
72.41357799570443 82.5 1
100 82.5 0
100 79.5 1
74.272413596147 79.5 0
76.13124919658958 76.5 1
100 76.5 0
100 73.5 1
77.99008479703215 73.5 0
79.84892039747473 70.5 1
100 70.5 0
100 67.5 1
78.76436687898089 67.5 0
80.93510000000001 68.74700000000001 1
69.45650000000001 62.15300000000001 0
73.54207388535031 64.5 1
100 64.5 0
100 61.5 1
44.6531224615636 61.5 0
47.3964 64.14400000000001 0
46.98160841965267 64.5 1
68.0177518077565 64.5 0
56.03030718514532 52.5 1
76.38092807542074 52.5 0
78.77590000000001 51.6854 1
72.67910000000001 53.7591 0
73.22806718367346 55.5 1
0 55.5 0
0 52.5 1
55.92391615895494 52.5 0
54.8139 48.8861 0