54.8139 48.8861 0
55.00246053570449 49.5 1
0 49.5 0
1.78857 45.7598 1
22.3851 46.694 0
22.38259612254405 46.5 1
63.04633229922371 46.5 0
69.13338305231801 13.5 1
24.25179235079462 13.5 0
27.50363529254292 16.5 1
47.78299042134562 16.5 0
48.7372 14.0832 1
50.7187 15.9781 1
54.4538 14.5573 0
55.51940111035532 16.5 1
100 16.5 0
100 13.5 1
71.27352580559463 13.5 0
71.97829689372546 10.5 1
100 10.5 0
100 7.5 1
72.68306798185628 7.5 0
73.0694 5.855499999999999 1
68.54069999999999 7.380190000000001 0
68.54105844185673 7.5 1
17.74810646729801 7.5 0
20.99994940904631 10.5 1
68.5500336990992 10.5 0
57.16494768525928 19.5 1
100 19.5 0
100 22.5 1
58.81049426016325 22.5 0
59.9372 24.5541 1
56.5675 26.3678 1
52.8306 24.7128 0
48.65450882067852 19.5 1
48.99204523715304 19.5 0
48.9229 19.4061 1
46.26900000000001 20.3346 0
46.59851974277761 19.5 1
30.75547823429122 19.5 0
34.00732117603953 22.5 1
51.20115824523715 22.5 0
50.03433292030782 25.5 1
54.60805479154078 25.5 0
56.5675 26.3678 0
58.17979842862657 25.5 1
100 25.5 0
93.96770000000001 29.6114 0
92.0222 31.2131 0
92.25229675449168 31.5 1
51.46801853209531 31.5 0
48.62475884912082 34.5 1
94.65832764844436 34.5 0
97.06435854239703 37.5 1
45.78149916614635 37.5 0
39.9114 43.69370000000001 0
22.3851 46.694 0
18.10793577392421 46.5 1
0 46.5 0
0.2865566432071968 45.7598 1
0.1332766432071967 42.80240000000001 0
1.18837 42.80240000000001 1
1.18837 29.2721 0
0.5527503311155415 29.2721 1
5.8880019318787 15.5492 0
9.106756487237657 15.5492 1
3.771504886474499 29.2721 0
4.6159 29.2721 1
5.380882164153979 29.2721 1
5.24403 29.6241 1
4.6159 29.2721 0
2.979601625367404 29.2721 1
2.68837 29.94025276218774 0
2.68837 29.2721 1
2.68837 33.6943 0
2.68837 35.31955440876905 1
14.92632876474362 40.4240980996681 0
14.5766 40.2178 1
18.95816709543417 42.80240000000001 1
1.63529 42.80240000000001 1
22.338 43.04470000000001 0
5.042266992382938 42.80240000000001 1
2.68837 41.82057204384523 0
2.68837 38.57006322630714 1
12.83524424603837 42.80240000000001 0
18.95816709543417 42.80240000000001 1
19.2289 42.96210000000001 0
20.21519793521171 40.5 1
36.61962535055434 40.5 0
35.3467 39.265 1
39.9114 43.69370000000001 0
39.71175170817621 43.5 1
22.34387636807059 43.5 0
22.338 43.04470000000001 0
21.3216542651574 37.5 1
37.07974374278821 37.5 0
40.02542715829225 34.5 1
21.55242776421411 34.5 0
21.7149 32.3879 0
21.46469866303296 31.5 1
42.97111057379628 31.5 0
45.91679398930033 28.5 1
20.61932867665936 28.5 0
21.56292275690496 27.5057 1
19.02229947905691 25.24339088186025 0
21.66900305208397 15.5492 1
35.09641753670071 27.5057 0
37.352 27.5057 1
20.3391448841756 27.5057 0
20.288 27.3242 1
17.4956 22.7335 1
11.9436 17.4218 1
9.829049999999999 15.5492 1
7.46566 21.2402 1
9.678232915341738 15.5492 0
12.6466731988868 15.5492 1
26.07408768350354 27.5057 0
30.58525261010212 27.5057 1
17.15783812548538 15.5492 0
14.88515552587319 7.5 1
0 7.5 0
0 10.5 1
18.25422201304337 10.5 0
21.62328850021355 13.5 1
0 13.5 0
2.669247376519742 15.5492 1
0 22.41482088618336 0
0 29.2721 1
0 15.5492 1
23.92458551538326 15.5492 1
12.7931 5.637119999999999 0
14.0798 4.115790000000001 0
14.4962635255497 4.5 1
100 4.5 0
100 1.5 1
0 1.5 0
0 4.5 1
13.75484551477983 4.5 0
14.0798 4.115790000000001 1
38.13120000000001 26.3045 0
37.25916411778783 25.5 1
48.86247740480437 25.5 0
49.3873 24.9655 1
54.0279 28.799 0
53.66594893700274 28.5 1
100 28.5 0
99.61709999999999 29.4376 1
98.3323 29.4376 1
99.61709999999999 38.1724 1
97.87880000000001 38.5155 1
100 38.5155 1
100 29.4376 1
99.61709999999999 29.4376 1
99.61709999999999 38.5155 0
100 40.5 1
42.93823948317187 40.5 0
40.09497980019738 43.5 1
100 43.5 0
100 46.5 1
67.3619966659943 46.5 0
67.0361 45.3436 1
54.8139 48.8861 0
54.8139 48.8861 0