59.4791 69.77369999999999 0
59.5 69.89350612878201 1
59.5 82.08474387903459 0
62.5 82.30457522535622 1
62.5 76.88905293086751 0
60.7681 77.1627 1
59.4791 69.77369999999999 0
59.4791 69.77369999999999 0
80.5 60.67296811533002 1
80.5 25.65782675526427 0
80.87719999999999 25.3441 1
80.87719999999999 0 1
54.3353 0 1
54.3353 0.9122429999999999 1
80.87719999999999 0.9122429999999999 0
79.24351274766295 0.9122429999999999 1
80.87719999999999 3.058042329703874 0
80.87719999999999 8.01049958976968 1
75.47299880373785 0.9122429999999999 0
71.70248485981276 0.9122429999999999 1
80.87719999999999 12.96295684983549 0
80.87719999999999 17.91541410990129 1
67.93197091588766 0.9122429999999999 0
64.16145697196254 0.9122429999999999 1
80.87719999999999 22.8678713699671 0
86.5 22.57633019933909 1
86.5 0 0
83.5 0 1
83.5 33.24843338663256 0
82.02850000000001 38.48309999999999 0
89.5 58.19320274090811 1
89.5 40.78832596422582 0
86.5 39.80478790449537 1
86.5 58.18131487516038 0
85.68870000000001 58.1781 0
83.5 59.23048650221112 1
83.5 38.91804660661185 0
82.02850000000001 38.48309999999999 1
87.65710000000001 18.4601 0
89.5 19.05259655260274 1
89.5 0 0
92.5 0 1
92.5 20.01710339388998 0
95.50649999999999 20.9837 0
95.5 21.01350712624139 1
95.5 100 0
98.5 100 1
98.5 0 0
95.5 0 1
95.5 20.98161023517721 0
95.50649999999999 20.9837 1
91.03569999999999 41.4855 0
92.5 34.77064231457457 1
92.5 58.20509060665584 0
94.49600000000001 58.21299999999999 1
93.6772 63.40430000000001 0
92.5 63.41133312731768 1
92.5 100 0
89.5 100 1
89.5 64.65008919558713 0
84.7816 76.1788 1
86.63239999999999 64.41980000000001 0
86.5 65.26099926518262 1
86.5 100 0
83.5 100 1
83.5 75.99126088134719 0
80.5 75.55226481708496 1
80.5 100 0
77.5 100 1
77.5 75.11326875282276 0
75.48220000000001 74.81800000000001 0
74.5 74.480038999123 1
74.5 100 0
66.78059999999999 91.82991640480677 1
56.09366734750317 91.87989789355322 0
55.84500204250949 94.88109368065969 1
66.78059999999999 94.82994921442031 0
66.78059999999999 97.82998202403385 1
53.32210000000001 97.89292579734723 0
55.79470000000001 95.48820000000001 1
53.32210000000001 95.5652 1
58.5373 82.01419999999999 0
56.5 87.30785169121032 1
56.5 10.09699316045983 0
54.3353 7.1325 1
72.6377 32.19710000000001 0
71.5 30.63905321815718 1
71.5 69.93852454997631 0
73.01859999999999 66.75700000000001 0
74.5 65.15594433775632 1
74.5 30.64817811153589 0
77.5 28.15300243340008 1
77.5 62.11544972844894 0
77.1636 62.27719999999999 1
73.01859999999999 66.75700000000001 1
71.32980000000001 70.29509999999999 1
71.83340000000001 73.5625 0
71.5 71.39937220015887 1
71.5 100 0
68.5 100 1
68.5 26.53064120661771 0
65.5 22.42222919507824 1
65.5 68.89256991706068 0
65.92959999999999 68.8297 1
67.273 76.13489999999999 0
65.5 76.41504103214501 1
65.5 82.52440657167782 0
66.79089999999999 82.619 1
66.78059999999999 90.32990000000001 1
66.78059999999999 100 1
53.32210000000001 100 1
53.32210000000001 95.5652 0
53.5 95.10295063276575 1
53.5 0 0
54.3353 1.416280366803591 1
54.97876381926834 0.9122429999999999 0
59.84372127308944 0.9122429999999999 1
54.3353 5.227093455601198 0
50.5 0 1
50.5 100 0
47.5 100 1
47.5 0 0
44.5 0 1
44.5 100 0
41.5 100 1
41.5 0 0
38.5 0 1
38.5 25.10843761121486 0
35.5 21.23045387243829 1
35.5 0 0
32.5 0 1
32.5 17.35247013366171 0
29.5 13.47448639488514 1
29.5 0 0
26.5 0 1
26.5 11.25202073097663 0
27.2975 10.6274 1
39.5598 26.4784 0
38.5 27.45437725681505 1
38.5 100 0
35.5 100 1
35.5 30.21709830837681 0
35.13209999999999 30.5559 1
22.2905 14.549 0
23.5 13.60169119233074 1
23.5 0 0
20.5 0 1
20.5 45.50549676725298 0
18.9276 44.5882 1
16.8328 47.63979999999999 0
17.5 46.6678563681497 1
17.5 40.88171742930759 0
17.3549 40.9731 1
15.1149 37.03830000000001 0
17.5 35.87390873783215 1
17.5 0 0
14.5 0 1
14.5 87.04613899442842 0
11.9035 89.19579999999999 1
14.812 92.25210000000001 0
14.5 91.92424522949975 1
14.5 100 0
0 100 1
0 0 0
2.5 0 1
2.5 100 0
5.5 100 1
5.5 0 0
8.5 0 1
8.5 100 0
11.5 100 1
11.5 0 0
22.2905 14.549 0
23.5 16.05662720766883 1
23.5 38.06226697574893 0
22.7837 40.5624 1
24.6063 34.2009 0
26.5 34.84607431840512 1
26.5 19.79609113739721 0
29.5 23.53555506712559 1
29.5 81.75792516672843 0
28.8601 81.9863 1
29.5653 87.64349999999999 0
29.5 87.1196554736245 1
29.5 100 0
32.5 100 1
32.5 87.31740936933386 0
34.63930000000001 87.0797 1
33.1785 80.4451 0
32.5 80.68725084290477 1
32.5 27.27501899685397 0
29.4919 35.86539999999999 1
27.2901 42.21559999999999 0
26.5 41.92574705308006 1
26.5 56.29857424908799 0
23.5 40.82517897212853 1
23.5 57.31766708041015 0
25.8636 55.56789999999999 1
28.7967 58.9355 0
26.5 60.93577791519435 1
26.5 100 0
17.5 100 1
17.5 90.02357001907563 0
20.5 87.53637137965111 1
20.5 100 0
23.5 100 1
23.5 85.04917274022662 0
23.5142 85.03739999999999 1
20.8417 81.79580000000001 0
23.5 85.02017615715621 1
23.5 63.54858487543427 0
22.0613 64.80160000000001 0
20.5 62.90144519810028 1
20.5 82.07869588507754 0
17.5 84.56241743975298 1
17.5 48.07176555755645 0
20.4423 49.97669999999999 1
22.6458 46.7573 0
20.5 49.89239803494441 1
20.5 59.52731904839803 0
18.924 60.9834 1
22.0613 64.80160000000001 0
62.5 69.33160565072475 1
62.5 18.31381718353877 0
59.5 14.2054051719993 1
59.5 69.7706413843888 0
59.4791 69.77369999999999 0