66.3997 37.361 0
64.77217191208882 34.5 1
0 34.5 0
0 31.5 1
63.06557133056714 31.5 0
58.91442799708932 28.5 1
61.35897074904545 28.5 0
60.902 27.6967 1
56.82170000000001 29.3458 0
56.44210622985598 28.5 1
0 28.5 0
0 25.5 1
55.09571073395618 25.5 0
53.74931523805638 22.5 1
0 22.5 0
0 19.5 1
52.50123104066985 19.5 0
52.42149999999999 19.5414 1
58.2176 16.5318 0
59.98492492156304 19.5 1
100 19.5 0
100 16.5 1
0 16.5 0
0 13.5 1
100 13.5 0
100 10.5 1
0 10.5 0
0 7.5 1
100 7.5 0
100 4.5 1
0 4.5 0
0 1.5 1
100 1.5 0
100 22.5 1
61.7711841913862 22.5 0
63.2277 24.9462 1
67.21899999999999 23.2166 0
68.31076083002779 25.5 1
100 25.5 0
100 28.5 1
69.74514923770204 28.5 0
71.17953764537629 31.5 1
100 31.5 0
100 34.5 1
72.19883271880266 34.5 0
72.53469999999999 34.3343 1
66.3997 37.361 0
100 49.5 1
0 49.5 0
0 46.5 1
100 46.5 0
100 43.5 1
0 43.5 0
0 40.5 1
100 40.5 0
100 37.5 1
0 37.5 0
49.0258 76.1797 0
49.08384644219646 76.5 1
100 76.5 0
100 79.5 1
49.62752214181988 79.5 0
50.1711978414433 82.5 1
100 82.5 0
100 85.5 1
39.0964533881842 85.5 0
39.34853886412981 88.5 1
100 88.5 0
100 91.5 1
0 91.5 0
0 88.5 1
24.01726600774558 88.5 0
23.72574704116259 85.5 1
0 85.5 0
0 82.5 1
31.122798111409 82.5 0
23.5335 83.52160000000001 1
36.00279999999999 81.84309999999999 0
35.94965095243421 79.5 1
0 79.5 0
0 76.5 1
35.8816012991128 76.5 0
35.8811 76.47790000000001 1
49.0258 76.1797 0
27.18265486132335 73.5 1
100 73.5 0
100 70.5 1
29.72668374274144 70.5 0
30.7359 69.3099 0
29.507 67.90469999999999 1
10.5893 66.63849999999999 0
11.52983604459125 67.5 1
0 67.5 0
0 64.5 1
100 64.5 0
100 67.5 1
23.46056721686937 67.5 0
10.5893 66.63849999999999 1
14.5556 70.2715 1
17.9887 67.49459999999999 1
26.2964 74.54509999999999 0
25.06494446209489 73.5 1
0 73.5 0
0 70.5 1
21.53000367775335 70.5 0
17.99506289341181 67.5 1
17.98202394396629 67.5 0
0 100 1
100 100 0
100 97.5 1
0 97.5 0
0 94.5 1
100 94.5 0
82.36767632153888 58.5 1
0 58.5 0
0 61.5 1
100 61.5 0
100 58.5 1
86.00212662609837 58.5 0
85.21350000000001 60.12730000000001 1
78.24959999999999 56.1452 0
78.64493214596004 55.5 1
0 55.5 0
0 52.5 1
80.48311633362295 52.5 0
80.7885 52.0016 1
87.1328 56.1669 0
86.1170235445226 55.5 1
100 55.5 0
100 52.5 1
81.54762878304084 52.5 0
66.3997 37.361 0