27.7164 34.7654
25.7248 23.6261
2.48303 28.7592
3.42412 37.166

37.8103 14.3805
26.2224 3.39544
15.3105 13.2794
27.9535 24.8844

31.4032 62.5417
28.368 57.6316
26.4315 58.987
21.6646 52.0915
17.4612 54.9889
21.2659 61.3384
22.1852 61.037
23.3999 62.8787
25.0549 61.3336
26.8204 66.0021

34.0274 47.1526
33.9276 42.291
25.0035 44.1864
25.9511 48.6484

60.7675 79.2101
52.7714 61.3555
34.5856 69.4926
42.8332 87.6314

45.0699 47.7657
45.0373 39.8448
36.4266 41.4511
38.1297 48.8596

51.371 51.5962
49.5649 49.2402
47.3705 52.0225
49.4592 54.1252

70.7334 3.11142
70.3235 0.137133
63.2535 0.583695
63.8061 3.78524
63.2256 6.49416
69.9489 6.20189

71.8109 85.159
71.286 80.4592
64.5351 81.2194
65.1491 85.8387

90.3522 36.4884
75.3324 28.2847
86.9135 42.5313

86.8498 82.7998
80.0661 81.586
78.8341 89.2431
85.4762 90.9156

96.5992 74.7633
95.6632 72.0159
87.3206 70.2823
91.1327 80.9183
95.5255 79.6891

94.1351 90.36
92.1278 88.5433
88.7774 90.4538
90.6967 92.7719