45.8963 42.76519999999999 0
43.5 41.24612141717425 1
43.5 0 0
52.5 0 1
52.5 100 0
49.5 100 1
49.5 0 0
46.5 0 1
46.5 100 0
69.74299999999999 86.62668486744406 1
99.80119999999999 97.41786316377122 0
99.80119999999999 94.23038921679361 1
69.74299999999999 83.43921092046645 0
69.74299999999999 80.25173697348882 1
99.80119999999999 91.04291526981598 0
99.80119999999999 89.44917829632718 1
99.80119999999999 100 1
69.74299999999999 100 1
69.74299999999999 78.65799999999999 1
75.11670000000001 64.39490000000001 0
79.5 30.57763703539985 1
79.5 65.94235965484413 0
76.5 64.88325373817577 1
76.5 28.30380547064681 0
73.54349999999999 25.6335 1
78.2089 20.2315 0
79.5 21.27652080874081 1
79.5 0 0
82.5 0 1
82.5 23.7047311923071 0
84.69800000000001 25.4838 0
82.5 27.63775417541532 1
82.5 67.00146557151248 0
85.5 68.06057148818084 1
85.5 0 0
88.5 0 1
88.5 69.1196774048492 0
91.5 70.17878332151756 1
91.5 0 0
94.5 0 1
94.5 71.23788923818591 0
99.80119999999999 73.10939999999999 0
97.5 80.02057643475933 1
97.5 88.62302571581642 0
94.94149999999999 87.7045 1
99.80119999999999 73.10939999999999 0
97.5 72.29699515485427 1
97.5 0 0
100 0 1
100 100 1
99.80119999999999 100 0
98.1150686580219 100 1
69.74299999999999 89.81415881442169 0
69.74299999999999 93.00163276139932 1
89.23654522322218 100 0
80.35802178842246 100 1
69.74299999999999 96.18910670837693 0
71.47949835362272 100 1
69.74299999999999 99.37658065535456 0
67.5 100 1
67.5 0 0
70.5 0 1
70.5 76.6487388391611 0
73.5 68.68601297057893 1
73.5 0 0
76.5 0 1
76.5 22.21021089295665 0
61.5 20.12722460628488 1
61.5 100 0
64.5 100 1
64.5 19.69379560612462 0
66.2089 19.4469 1
64.96870000000001 12.7177 0
64.5 12.80733755898271 1
64.5 0 0
61.5 0 1
61.5 13.38107913557354 0
58.5 13.95482071216438 1
58.5 0 0
55.5 0 1
55.5 100 0
58.5 100 1
58.5 15.03845829205471 0
58.33540000000001 13.9863 1
59.34480000000001 20.4386 0
45.8963 42.76519999999999 0