62.5 44.5 0
64.5 44.5 0
64.5 48.5 0
50.5 54.5 0
43 82.5 1
43 86.5 0
44 86.5 1
44 82.5 0
45 86.5 1
45 82.5 0
50.5 81 1
12.5 81 0
12.5 82 1
50.5 82 0
50.5 80 1
12.5 80 0
12.5 79 1
50.5 79 0
50.5 78 1
12.5 78 0
12.5 77 1
50.5 77 0
50.5 76 1
12.5 76 0
12.5 75 1
50.5 75 0
50.5 74 1
12.5 74 0
12.5 73 1
50.5 73 0
50.5 72 1
12.5 72 0
12.5 71 1
50.5 71 0
50.5 70 1
12.5 70 0
12.5 69 1
50.5 69 0
50.5 68 1
12.5 68 0
12.5 67 1
50.5 67 0
50.5 66 1
12.5 66 0
12.5 65 1
50.5 65 0
50.5 64 1
12.5 64 0
12.5 63 1
50.5 63 0
50.5 62 1
12.5 62 0
12.5 61 1
50.5 61 0
50.5 60 1
43.5 60 0
43.5 59 1
50.5 59 0
50.5 58 1
43.5 58 0
43.5 57 1
50.5 57 0
50.5 56 1
43.5 56 0
43.5 55 1
50.5 55 0
50.5 54.5 0
62.5 54.5 0
62.5 55 1
87.5 55 0
87.5 54 1
18.5 54 0
18.5 53 1
87.5 53 0
87.5 52 1
18.5 52 0
18.5 51 1
87.5 51 0
87.5 50 1
18.5 50 0
18.5 49 1
87.5 49 0
87.5 48 1
64.5 48 0
64.5 44.5 0
62.5 44.5 0