48.20820000000001 47.0882 0
48.20820000000001 47.0882 1
56.5262 36.06950000000001 0
55.5 37.428888066843 1
55.5 100 0
52.5 100 1
52.5 77.28457737639422 0
49.5 81.0580499916764 1
49.5 100 0
46.5 100 1
46.5 81.30545414450441 0
48.1644 82.738 1
52.97 76.6934 0
52.5 76.338306427661 1
52.5 41.40293230824719 0
61.5 65.73904292743956 1
61.5 34.2746007477796 0
49.5 30.60156906793849 1
49.5 0 0
52.5 0 1
52.5 32.93622973745893 0
55.5 35.27089040697938 1
55.5 0 0
58.5 0 1
58.5 29.48058017958778 0
61.5 25.98440095462689 1
61.5 0 0
64.5 0 1
64.5 28.07269564894748 0
67.5 31.09814893511761 1
67.5 0 0
70.5 0 1
70.5 64.80921940095908 0
67.5 63.69992805038946 1
67.5 39.78317186782927 0
64.5 37.02888630780444 1
64.5 62.59063669981985 0
62.7715 61.9515 1
56.7765 79.80940000000001 0
58.5 74.67543992493748 1
58.5 31.52031518775477 0
57.521 30.6215 1
61.9311 25.482 1
70.01650000000001 33.636 0
90.68289999999999 35.88630000000001 0
94.5 36.81460460962396 1
94.5 14.50724412463501 0
97.5 8.807463131802518 1
97.5 100 0
100 100 1
100 0 0
97.5 0 1
97.5 5.308435165515748 0
98.9639 6.026160000000001 1
92.9367 17.4774 0
91.5 16.82459627391517 1
91.5 36.08501569949011 0
90.68289999999999 35.88630000000001 1
89.8903 42.6367 0
85.5 64.08738833123601 1
85.5 0 0
88.5 0 1
88.5 15.34447118496718 0
91.5 9.380244773724883 1
91.5 0 0
94.5 0 1
94.5 3.837587086102713 0
94.32990000000001 3.75419 1
88.4521 15.4397 0
88.5 15.46146466797484 1
88.5 62.6644364934874 0
89.43889999999999 62.2191 1
91.84350000000001 66.976 0
91.5 67.14663703546219 1
91.5 100 0
94.5 100 1
94.5 43.43657375291521 0
91.5 42.91601465823537 1
91.5 66.29647111785741 0
91.84350000000001 66.976 0
88.5 68.63691682115828 1
88.5 100 0
79.5 97.22692150720036 1
79.5 97.73405036551745 0
79.34229999999999 97.68960000000001 1
82.113 89.56059999999999 0
79.5 88.85386375938313 1
79.5 0 0
82.5 0 1
82.5 100 0
85.5 100 1
85.5 69.05867458396366 0
85.964 69.89670000000001 1
83.31999999999999 65.12139999999999 0
67.5 74.12392593405875 1
67.5 84.28659493113256 0
76.5 88.04245590563244 1
76.5 0 0
73.5 0 1
73.5 87.23104805188174 0
70.5 85.92034277031172 1
70.5 65.31850511601996 0
70.6541 64.86619999999999 1
64.55170000000001 82.77760000000001 0
64.5 82.75786340930136 1
64.5 84.33239174911333 0
65.14830000000001 83.0059 1
61.9341 89.58250000000001 0
61.9341 91.31211051519534 1
66.96689677609595 94.20138695796814 0
61.9341 97.45815317923044 1
70.95200657892238 100 0
72.88570000000001 95.86969999999999 1
61.9341 92.78280955611314 0
61.9341 94.34125743048557 1
82.01005871988951 100 0
82.113 100 1
61.9341 100 0
61.5 100 1
61.5 81.61260669564768 0
58.5 80.46734998199403 1
58.5 100 0
37.5 100 1
37.5 62.35805857884606 0
35.05329999999999 67.5829 1
38.4815 60.2621 0
37.5 59.73107585765041 1
37.5 39.22523171291648 0
36.75230000000001 38.67619999999999 1
45.4765 27.4704 0
46.5 28.26690839841805 1
46.5 0 0
43.5 0 1
43.5 30.00911572178538 0
40.5 33.86246617225649 1
40.5 0 0
37.5 0 1
37.5 37.71581662272759 0
11.9822 24.7355 1
7.812200000000001 20.2625 0
10.5 23.14560057553957 1
10.5 0 0
7.5 0 1
7.5 20.48840772114875 0
4.5 22.6592058103423 1
4.5 0 0
1.5 0 1
1.5 100 0
4.5 100 1
4.5 24.52501313898544 0
7.5 27.37319912146141 1
7.5 100 0
10.5 100 1
10.5 25.95424442334037 0
26.7516 36.7748 1
26.4501 43.3951 0
25.5 43.3036561722534 1
25.5 74.25948556044884 0
22.5 73.9704984706805 1
22.5 43.01491658353665 0
31.6139 56.54649999999999 1
27.9603 63.3113 0
28.5 63.63632220781052 1
28.5 74.54847265021718 0
31.49999999999999 74.83745973998552 1
31.49999999999999 65.44300485267163 0
34.5 67.24968749753279 1
34.5 100 0
31.49999999999999 100 1
31.49999999999999 82.82575259271692 0
32.32259999999999 74.91669999999999 1
31.1308 86.37549999999999 0
28.5 86.07414134809386 1
28.5 100 0
25.5 100 1
25.5 85.73049076434805 0
22.5 85.38684018060226 1
22.5 100 0
19.5 100 1
19.5 85.04318959685645 0
17.8973 84.8596 1
19.0618 73.63929999999999 0
19.5 73.68151138091216 1
19.5 42.72617699481989 0
18.1298 42.5943 1
18.0075 36.0612 0
19.5 36.1830019007102 1
19.5 14.45377066925944 0
22.5 15.16762039647815 1
22.5 36.42782984183621 0
25.5 36.67265778296222 1
25.5 15.88147012369686 0
27.8502 16.4407 0
29.8565 9.18572 0
29.8565 7.622846179626267 1
16.7424 3.786244524377594 0
25.16900976014647 0 1
29.8565 1.371350898131329 0
31.49999999999999 0 1
31.49999999999999 56.75739082548719 0
28.5 62.31202187431575 1
28.5 14.0909586831481 0
27.8502 16.4407 1
29.8565 9.18572 1
29.8565 0 1
16.7424 0 0
16.5 0 1
16.5 100 0
13.5 100 1
13.5 0 0
16.7424 0.6604968836301257 1
29.8565 4.497098538878797 0
34.5 0 1
34.5 58.10797608480401 0
46.5 45.83387878560391 1
46.5 74.52983438569564 0
43.5 77.61515040552595 1
43.5 43.63099642804144 0
40.5 41.42811407047897 1
40.5 100 0
43.5 100 1
43.5 78.23802280569197 0
45.5887 80.52109999999999 1
43.2064 77.9171 1
48.0273 72.95910000000001 0
49.5 74.07175171060351 1
49.5 45.37697654965136 0
48.20820000000001 47.0882 0