36.7483 49.38720000000001 0
36.57553829951904 49.5 1
100 49.5 0
100 52.5 1
31.9808122228979 52.5 0
27.38608614627675 55.5 1
100 55.5 0
100 58.5 1
22.79136006965559 58.5 0
0 100 1
100 100 0
100 97.5 1
0 97.5 0
0 94.5 1
100 94.5 0
100 91.5 1
0 91.5 0
0 88.5 1
100 88.5 0
100 85.5 1
0 85.5 0
0 82.5 1
100 82.5 0
100 79.5 1
0 79.5 0
0 76.5 1
100 76.5 0
100 73.5 1
0 73.5 0
0 70.5 1
100 70.5 0
100 67.5 1
0 67.5 0
0 64.5 1
100 64.5 0
100 61.5 1
0 61.5 0
0 58.5 1
19.22785523634541 58.5 0
17.68072534380045 55.5 1
0 55.5 0
0 52.5 1
16.13359545125549 52.5 0
20.1255 60.2406 1
36.7483 49.38720000000001 0
36.7483 49.38720000000001 0