56.943 54.1041 0
100 55.5 1
0 55.5 0
7.52961073037266 61.5 1
0 61.5 0
0 58.5 1
100 58.5 0
100 61.5 1
12.42499725028485 61.5 0
12.5121 61.35939999999999 1
9.242519999999999 59.4864 0
12.5121 61.35939999999999 0
10.56647485237972 64.5 1
100 64.5 0
100 67.5 1
0 67.5 0
0 64.5 1
7.1693787098757 64.5 0
5.88467 63.4337 1
9.412890000000001 66.3621 0
0 70.5 1
100 70.5 0
100 73.5 1
0 73.5 0
0 76.5 1
100 76.5 0
100 79.5 1
0 79.5 0
0 82.5 1
100 82.5 0
100 85.5 1
0 85.5 0
0 88.5 1
100 88.5 0
100 91.5 1
0 91.5 0
0 94.5 1
100 94.5 0
100 97.5 1
0 97.5 0
0 100 1
100 100 0
45.48285165258092 43.5 1
0 43.5 0
0 46.5 1
48.72503581175117 46.5 0
51.96721997092142 49.5 1
0 49.5 0
0 52.5 1
55.20940413009167 52.5 0
56.943 54.1041 0