56.943 54.1041 0
56.943 54.1041 1
43.04300000000001 41.2424 1
44.9628 39.64570000000001 1
64.34200000000001 38.1093 1
68.36330000000001 41.7629 0
66.97330115776219 40.5 1
100 40.5 0
100 37.5 1
0 37.5 0
0 40.5 1
43.93562824575687 40.5 0
28.35075371188279 13.5 1
0 13.5 0
0 16.5 1
35.6569212292719 16.5 0
39.60420000000001 18.1208 1
21.1873 10.5586 0
21.21053871998102 10.5 1
0 10.5 0
0 7.5 1
22.40023428214965 7.5 0
23.58992984431826 4.5 1
0 4.5 0
0 1.5 1
100 1.5 0
100 4.5 1
28.5175415867734 4.5 0
24.3309 2.63153 1
42.7407 10.8477 0
41.59690451389366 13.5 1
100 13.5 0
100 7.5 1
35.23957874033765 7.5 0
41.96161589390191 10.5 1
100 10.5 0
100 16.5 1
40.30316456806588 16.5 0
48.29117100951429 22.5 1
0 22.5 0
0 19.5 1
100 19.5 0
100 22.5 1
58.56882184107525 22.5 0
57.68940000000001 19.7653 1
41.18210000000001 24.5686 0
41.43329843890415 25.5 1
0 25.5 0
0 28.5 1
42.24239798444039 28.5 0
43.2829 32.358 0
46.55106176898458 31.5 1
100 31.5 0
100 34.5 1
0 34.5 0
0 31.5 1
43.05149752997663 31.5 0
43.2829 32.358 1
60.3021 27.8899 0
59.53355856657558 25.5 1
100 25.5 0
100 28.5 1
57.97820082137821 28.5 0
68.36330000000001 41.7629 0
66.75582235357987 43.5 1
100 43.5 0
100 46.5 1
63.97968226995754 46.5 0
61.2035421863352 49.5 1
100 49.5 0
100 52.5 1
58.42740210271286 52.5 0
56.943 54.1041 0