19.6495 71.8949
4.32049 68.0623
4.02757 70.7856
18.2896 80.7534

31.7007 85.5635
30.0708 79.0563
21.6399 80.6923
24.2085 90.5051
24.384 98.6712
31.6883 98.1915

37.3191 8.24015
30.6106 4.80666
23.3385 17.321
27.6885 19.835
22.4076 30.5307
28.8376 33.7701
35.8483 22.5216
31.7134 19.8472

60.0953 32.8272
55.458 30.8936
59.3194 19.6075
52.526 17.2221
47.0204 29.279
51.465 31.3993
47.3988 43.6309
54.4933 46.173

76.2744 65.2469
65.7343 55.0848
65.128 56.0796
54.7075 51.2195
52.0105 57.4142
63.742 63.5075
65.5813 59.801

91.2516 60.3325
84.8567 65.8277
87.0501 69.3629