55.39239999999999 49.6754 0
55.5 49.6766797393384 1
55.5 15.38626201253481 0
54.05759999999999 16.44 1
50.42 10.8088 0
52.5 14.02875161645041 1
52.5 69.9938321181717 0
50.6083 66.0917 0
46.5 68.26376333465032 1
46.5 0 0
52.5 9.264085857572717 1
52.5 0 0
55.5 0 1
55.5 9.337049791690649 0
54.3083 7.921150000000001 1
58.6528 13.083 0
58.5 12.90145306019105 1
58.5 0 0
49.5 0 1
49.5 66.6776595924818 0
50.6083 66.0917 1
54.19629999999999 73.49289999999999 0
52.5 74.38973030152897 1
52.5 100 0
49.5 100 1
49.5 75.97582409660467 0
46.5 77.56191789168037 1
46.5 100 0
43.5 100 1
43.5 79.14801168675606 0
40.5 80.73410548183176 1
40.5 100 0
37.5 100 1
37.5 80.37422676217287 0
38.2509 81.92320000000001 1
34.663 74.52199999999999 0
37.5 73.02207456115596 1
37.5 47.22322998660633 0
40.5 46.31675231954056 1
40.5 71.43597081898741 0
43.5 69.84986707681887 1
43.5 0 0
40.5 0 1
40.5 42.31943948295327 0
41.80710000000001 45.9218 1
37.3781 33.71550000000001 0
37.5 34.05145573944458 1
37.5 0 0
34.5 0 1
34.5 32.35520226655338 0
31.5 30.93729003266996 1
31.5 0 0
28.5 0 1
28.5 30.94168289290681 0
29.0218 29.766 1
26.9367 34.464 1
31.9517 48.8997 0
34.5 48.1297076536721 1
34.5 100 0
31.5 100 1
31.5 47.59947952342972 0
28.5 38.96396606380858 1
28.5 100 0
25.5 100 1
25.5 0 0
22.5 0 1
22.5 100 0
19.5 100 1
19.5 0 0
16.5 0 1
16.5 100 0
13.5 100 1
13.5 0 0
10.5 0 1
10.5 100 0
7.5 100 1
7.5 0 0
4.5 0 1
4.5 100 0
1.5 100 1
1.5 0 0
54.05759999999999 16.44 0
58.5 13.19462726323119 1
58.5 49.71236020416352 0
85.5 38.49408711899855 1
85.5 65.8415173598234 0
84.35640000000001 66.2381 1
85.12200000000001 70.0712 1
83.8151 71.97389999999999 1
85.47470000000001 77.48050000000001 0
85.5 77.47573929289544 1
85.5 93.80190472475661 0
84.54830000000001 98.4084 1
84.54830000000001 100 1
93.9118 100 1
93.9118 99.08699999999999 1
84.54830000000001 99.08699999999999 0
82.5 100 1
82.5 39.36701487097469 0
81.52539999999999 39.6506 0
79.5 38.72893340626524 1
79.5 100 0
76.5 100 1
76.5 39.38190562807681 0
74.31540000000001 39.8574 1
72.50960000000001 33.43810000000001 0
73.5 33.20667336900264 1
73.5 16.32748919127368 0
72.9579 17.0435 1
75.6807 13.4472 0
72.9579 17.0435 0
70.5 14.84763172823818 1
70.5 100 0
73.5 100 1
73.5 36.95879704286192 0
55.39239999999999 49.6754 0