55.39239999999999 49.6754 0
55.5 50.64366827850043 1
55.5 100 0
87.4966 84.1378 0
91.5 84.60533761067464 1
91.5 0 0
88.5 0 1
88.5 33.91793766543 0
87.387 29.9617 1
89.19290000000001 36.3809 0
88.5 36.53173946227233 1
88.5 66.18064767980928 0
87.75389999999999 65.0599 1
90.0188 68.46209999999999 1
89.05549999999999 76.80670000000001 0
88.5 76.91122856903485 1
88.5 84.25498220476368 0
87.4966 84.1378 1
84.54830000000001 98.4084 1
90.7047 99.08699999999999 0
92.24248107928292 99.08699999999999 1
93.9118 91.6957965220347 0
93.9118 84.887 1
93.9118 99.08699999999999 0
94.5 100 1
94.5 0 0
97.5 0 1
97.5 100 0
100 100 1
100 0 0
85.5 0 1
85.5 30.40263502897012 0
82.5 31.10364461397825 1
82.5 0 0
79.5 0 1
79.5 31.80465419898638 0
76.5 32.50566378399451 1
76.5 0 0
73.5 0 1
73.5 11.34588433227479 0
71.49260000000001 9.411560000000001 1
68.55109999999999 13.1065 0
70.5 10.65840597790242 1
70.5 0 0
67.5 0 1
67.5 100 0
64.5 100 1
64.5 0 0
61.5 0 1
61.5 49.74804066898865 0
61.62269999999999 49.7495 1
63.00530000000001 62.5334 0
61.5 62.54962161864965 1
61.5 100 0
58.5 100 1
58.5 62.20325110369899 0
56.6994 61.43680000000001 1
55.39239999999999 49.6754 0
55.39239999999999 49.6754 0