51.7094 40.2593 0
50.49494338661552 37.5 1
0 37.5 0
0 34.5 1
52.84556902157847 34.5 0
49.6443 35.5673 1
56.74720000000001 33.1992 0
57.25130414348658 34.5 1
92.39508609284073 34.5 0
91.62001838495976 31.5 1
0 31.5 0
0 28.5 1
58.24986229145924 28.5 0
57.35339932688133 25.5 1
0 25.5 0
0 22.5 1
56.45693636230344 22.5 0
58.879 30.6054 1
85.04259999999999 24.0733 0
85.09746917698001 22.5 1
100 22.5 0
100 19.5 1
85.20209482430732 19.5 0
85.28100000000001 17.2375 0
85.06040589423628 16.5 1
100 16.5 0
100 13.5 1
84.16307393858727 13.5 0
83.26574198293827 10.5 1
100 10.5 0
100 7.5 1
81.50608139848401 7.5 0
82.3775 7.530390000000001 1
71.1044 7.13725 0
71.15045285857792 7.271179999999999 1
64.61580000000001 7.271179999999999 1
68.98070000000001 23.273 0
69.56425119158055 7.271179999999999 1
74.6432407480396 22.04179559914935 0
71.6915222441188 22.68358679744805 1
66.39184785758576 7.271179999999999 0
64.61580000000001 7.271179999999999 1
52.6426 9.735379999999999 0
63.50399591591591 7.5 1
24.87617335466371 7.5 0
19.97504310498562 4.5 1
100 4.5 0
100 1.5 1
0 1.5 0
0 4.5 1
15.36572274654336 4.5 0
16.546 2.40107 1
27.8508 9.320779999999999 0
27.16808457317054 10.5 1
52.87108450399185 10.5 0
53.76754746856975 13.5 1
25.4312192889247 13.5 0
23.69435400467886 16.5 1
54.66401043314764 16.5 0
55.56047339772554 19.5 1
21.95748872043303 19.5 0
20.4364 22.1273 1
9.23235 15.4072 0
10.30481300629011 13.5 1
0 13.5 0
0 7.5 1
13.67875283312561 7.5 0
11.99178291970786 10.5 1
0 10.5 0
11.05431482790435 16.5 1
0 16.5 0
0 19.5 1
16.05604843305903 19.5 0
30.418 48.4278 0
29.0079333159788 58.5 1
100 58.5 0
100 55.5 1
29.42792101003408 55.5 0
29.84790870408936 52.5 1
100 52.5 0
100 49.5 1
30.26789639814464 49.5 0
30.418 48.4278 1
9.757660000000001 46.0025 1
0 46.0025 1
0 61.1046 0
0.3249938760291323 61.1046 1
2.200072103116876 46.0025 0
5.223107261870126 46.0025 1
3.348029034782382 61.1046 0
0 61.5 1
100 61.5 0
100 64.5 1
0 64.5 0
0 67.5 1
100 67.5 0
100 70.5 1
0 70.5 0
0 73.5 1
100 73.5 0
100 76.5 1
0 76.5 0
0 79.5 1
100 79.5 0
100 82.5 1
0 82.5 0
0 85.5 1
100 85.5 0
100 88.5 1
46.50456061846627 88.5 0
49.80414392133929 91.5 1
100 91.5 0
100 94.5 1
53.10372722421231 94.5 0
53.3193 94.696 1
44.2923 86.48859999999999 1
39.9198 90.6276 0
40.87906074732788 91.5 1
0 91.5 0
0 94.5 1
44.17775657720367 94.5 0
47.47645240707944 97.5 1
0 97.5 0
0 100 1
100 100 0
100 97.5 1
50.15423871233492 97.5 0
53.3193 94.696 1
48.7978 98.70169999999999 1
39.9198 90.6276 0
42.16742768784729 88.5 1
0 88.5 0
28.6433 61.1046 1
8.168150000000001 58.80459999999999 1
7.882581772912257 61.1046 0
6.371064193535632 61.1046 1
8.246142420623375 46.0025 0
9.757660000000001 46.0025 0
13.99570030429228 46.5 1
100 46.5 0
100 25.5 1
79.32811183845928 25.5 0
67.31194552134841 28.5 1
90.8449506770788 28.5 0
90.8372 28.47 1
95.82069999999999 27.1281 1
100 27.1281 1
100 41.1347 1
94.10919999999999 41.1347 1
98.82599999999999 39.7149 0
98.82599999999999 33.25600619231881 1
97.36286429594688 27.1281 0
98.82599999999999 27.1281 1
98.82599999999999 41.1347 0
100 43.5 1
0 43.5 0
0 40.5 1
93.94522150860266 40.5 0
93.17015380072169 37.5 1
58.41390595042058 37.5 0
58.48869999999999 37.693 1
51.7094 40.2593 0
51.7094 40.2593 0