52.3013 53.9241 0
52.3013 53.9241 1
55.1326 51.50109999999999 0
57.82726224014945 47.18559999999999 1
54.96371190964432 50.6564638267123 0
55.1326 51.50109999999999 0
52.912280156717 55.5 1
26.2706381341857 55.5 0
25.2019 56.84099999999999 1
23.49147750699886 58.5236 0
22.9923 58.5236 1
24.81665895772618 56.84099999999999 0
20.46586149120863 61.5 1
0 61.5 0
2.061951110282542 63.8862 1
0 68.199153113346 0
0 70.5 1
10.16020731305387 70.5 0
9.525580000000001 65.82140000000001 1
3.72456 63.8862 1
0 63.8862 1
0 68.8167 1
1.36737 68.8167 1
7.63758 70.4913 0
8.846936602925116 67.5 1
28.10614113676613 67.5 0
28.0005 67.3861 1
20.1547 61.8061 1
23.49147750699886 58.5236 1
0 58.5236 1
0 30.219 1
9.90756 30.219 0
7.752577163496467 30.219 1
3.11363 34.71631237919281 0
3.4426114904894 30.219 1
3.11363 30.53793713757846 0
1.61363 30.219 1
1.61363 58.5236 0
3.11363 58.5236 1
3.11363 36.80549999999999 0
3.11363 39.02713522351995 1
20.9588277593929 58.5236 0
16.89188327817868 58.5236 1
3.11363 43.47040567055983 0
3.11363 47.91367611759971 1
12.82493879696447 58.5236 0
8.757994315750263 58.5236 1
3.11363 52.3569465646396 0
3.11363 56.80021701167948 1
4.691049834536054 58.5236 0
5.564507331541956 64.5 1
23.94247788888889 64.5 0
17.2223 72.37209999999999 1
6.620039999999999 76.2927 0
14.17218291230935 73.5 1
53.76372497586623 73.5 0
53.72 72.52289999999999 1
75.0247 72.26130000000001 0
74.9420085872479 73.5 1
100 73.5 0
100 76.5 1
74.74173875738089 76.5 0
74.54146892751388 79.5 1
100 79.5 0
100 82.5 1
74.34119909764686 82.5 0
74.14092926777985 85.5 1
100 85.5 0
100 88.5 1
73.94065943791284 88.5 0
73.8817 89.38319999999999 1
54.54049999999999 90.85820000000001 0
54.4349711512765 88.5 1
25.44065938270531 88.5 0
26.25608014678154 91.5 1
100 91.5 0
100 94.5 1
24.25217674317574 94.5 0
26.8543 93.70089999999999 1
22.357 95.08199999999999 0
22.17363046719682 94.5 1
0 94.5 0
0 97.5 1
100 97.5 0
100 100 1
0 100 0
0 79.5 1
54.03222344603033 79.5 0
54.1664726811124 82.5 1
0 82.5 0
0 85.5 1
54.30072191619445 85.5 0
53.89797421094828 76.5 1
0 76.5 0
0 73.5 1
5.364145144238265 73.5 0
4.889659999999999 72.44489999999999 1
15.776 68.42769999999999 0
16.53585384088835 70.5 1
30.88861181541751 70.5 0
21.2567 87.86009999999999 0
21.51382117316692 91.5 1
0 91.5 0
0 88.5 1
21.30190229641185 88.5 0
21.2567 87.86009999999999 1
24.9803 86.80629999999999 0
35.97312832252837 70.5 1
63.40516291060679 70.5 0
59.54963197660103 67.5 1
38.5027069286872 67.5 0
39.37869999999999 66.46109999999999 1
25.2019 56.84099999999999 1
24.81665895772618 56.84099999999999 1
29.9122 52.1414 0
29.52338796966563 52.5 1
39.36161278064576 52.5 0
39.7693 55.4705 1
52.3013 53.9241 0
52.3013 53.9241 0