46.4736 50.0295 0
46.4736 50.0295 1
49.818 54.5646 0
49.5 54.83914994021021 1
49.5 57.55472733711048 0
48.2291 55.93640000000001 1
50.4177 58.72329999999999 0
49.5 59.57768147779575 1
49.5 100 0
46.5 100 1
46.5 59.70228992723766 0
44.038 60.5609 1
41.4693 56.9873 1
42.8784 55.2814 1
41.54770000000001 53.9289 0
41.4693 56.9873 0
43.5 59.81242925604391 1
43.5 100 0
40.5 100 1
40.5 0 0
37.5 0 1
37.5 100 0
34.5 100 1
34.5 38.43250565877207 0
31.5 38.81902966162041 1
31.5 100 0
28.5 100 1
28.5 39.20555366446875 0
36.7175 38.1468 1
33.5561 18.7211 0
34.5 24.52103617701019 1
34.5 0 0
31.5 0 1
31.5 18.96998417943925 0
28.5 19.33312436635514 1
28.5 0 0
25.5 0 1
25.5 19.69626455327103 0
13.5 13.16094342490189 1
13.5 0 0
16.5 0 1
16.5 100 0
19.5 100 1
19.5 0 0
22.5 0 1
22.5 20.05940474018691 0
21.5186 20.1782 1
25.9042 39.54000000000001 0
25.5 37.75551451112733 1
25.5 100 0
22.5 100 1
22.5 24.51094136264137 0
10.5 20.36098280340633 1
10.5 100 0
13.5 100 1
13.5 18.25194020454771 0
13.1486 20.0252 1
14.1557 14.9431 1
12.7542 11.1339 1
8.408010000000001 20.6262 0
10.5 16.05718744486551 1
10.5 0 0
7.5 0 1
7.5 100 0
4.5 100 1
4.5 0 0
1.5 0 1
1.5 100 0
100 100 1
100 0 0
97.5 0 1
97.5 100 0
94.5 100 1
94.5 0 0
91.5 0 1
91.5 100 0
88.5 100 1
88.5 0 0
85.5 0 1
85.5 100 0
58.5 100 1
58.5 0 0
61.5 0 1
61.5 100 0
64.5 100 1
64.5 0 0
67.5 0 1
67.5 100 0
70.5 100 1
70.5 0 0
73.5 0 1
73.5 100 0
76.5 100 1
76.5 0 0
79.5 0 1
79.5 100 0
82.5 100 1
82.5 0 0
55.5 0 1
55.5 100 0
52.5 100 1
52.5 0 0
49.5 0 1
49.5 54.13338310010764 0
46.5 50.06529913885899 1
46.5 0 0
43.5 0 1
43.5 52.38343650703425 0
41.54770000000001 53.9289 0
46.4736 50.0295 0