49.6784 49.6735 0
56.5 46.2213240122002 1
56.5 65.14581323525067 0
59.5 59.79365512127389 1
59.5 44.70312769998614 0
61.2192 43.8331 1
57.8475 36.41589999999999 0
74.5 30.55447323799795 1
74.5 63.08395636363636 0
77.5 60.33858630618452 1
77.5 30.82440262468357 0
80.5 31.09433201136919 1
80.5 61.56207805847289 0
78.58879999999999 59.34220000000001 1
81.7595 63.02500000000001 0
80.5 64.04262325947758 1
80.5 100 0
77.5 100 1
77.5 66.46649763695498 0
75.8561 67.79470000000001 0
74.5 66.5018219414184 1
74.5 100 0
71.5 100 1
71.5 30.28454385131234 0
70.60149999999999 30.2037 1
70.69149999999999 25.9857 0
77.5 26.60301562597348 1
77.5 6.086172647058824 0
84.23150000000001 17.3102 1
83.27330000000001 11.9581 0
83.5 13.22435033395951 1
83.5 100 0
86.5 100 1
86.5 17.01261768286149 0
80.5 26.87502074867606 1
80.5 9.60081459079284 0
80.9546 10.1334 1
75.48060000000001 3.72035 0
75.48060000000001 2.063386391725345 1
84.49709999999999 6.294756391725345 0
84.49709999999999 2.980829175176034 1
78.14534010711077 0 0
98.5 0 1
98.5 100 0
95.5 100 1
95.5 0 0
92.5 0 1
92.5 100 0
89.5 100 1
89.5 0 0
86.5 0 1
86.5 11.87702955855356 0
83.5 11.95240419032575 1
83.5 8.565792866055045 0
84.49709999999999 7.95172 1
84.49709999999999 0 1
75.48060000000001 0 0
74.5 0 1
74.5 26.33101050327092 0
71.5 26.05900538056834 1
71.5 0 0
68.5 0 1
68.5 100 0
65.5 100 1
65.5 53.36565275651863 0
62.5 58.71322173086502 1
62.5 100 0
59.5 100 1
59.5 64.06079070521139 0
66.15270000000001 52.2022 1
51.8974 77.61259999999999 0
56.5 100 1
56.5 69.40835967955778 0
53.5 74.75592865390416 1
53.5 100 0
50.5 100 1
50.5 94.84798569480782 0
50.89830000000001 94.92240000000001 1
52.31489999999999 87.41050000000001 0
50.5 87.06641982354373 1
50.5 76.97730457151874 0
49.9965 76.7484 1
66.92099999999999 46.55419999999999 0
65.5 49.08933889332033 1
65.5 0 0
62.5 0 1
62.5 54.44149700729712 0
51.8484 54.4298 1
49.6784 49.6735 0
49.6784 49.6735 0