49.6784 49.6735 0
50.5 49.25771663662832 1
50.5 51.47431847004609 0
61.2192 43.8331 0
59.5 40.05113534122253 1
59.5 0 0
56.5 0 1
56.5 37.05109548481144 0
53.5 38.46525982947514 1
53.5 0 0
50.5 0 1
50.5 39.87942417413883 0
45.4152 26.2404 0
44.5 25.7501938481965 1
44.5 15.39944267083735 0
45.0522 14.1092 1
40.89619999999999 23.8199 0
41.5 24.14331179464483 1
41.5 22.40909137151107 0
45.0522 14.1092 0
44.5 0 1
44.5 13.86893138064662 0
41.5 12.56359661414873 1
41.5 0 0
35.5 0 1
35.5 15.77365654802231 0
34.1438 18.3646 1
37.9816 11.0327 0
38.5 11.25826184765084 1
38.5 0 0
47.5 0 1
47.5 41.29358851880254 0
44.6764 42.6246 1
46.7796 47.2812 0
44.5 48.54735304135617 1
44.5 28.53734074431626 0
41.5 25.59048550465801 1
41.5 50.21363621562732 0
38.5 51.87991938989846 1
38.5 22.64363026499976 0
35.5 19.69677502534151 1
35.5 53.5462025641696 0
35.3061 53.65389999999999 1
38.4105 60.23950000000001 0
35.5 54.06523482798609 1
35.5 80.95902185955671 0
38.5 80.00534569056498 1
38.5 60.20080584763988 0
30.1479 78.90049999999999 1
33.5333 88.31 0
35.5 87.449863755 1
35.5 100 0
32.5 100 1
32.5 85.43800958527797 0
0 100 1
0 0 0
2.5 0 1
2.5 100 0
5.5 100 1
5.5 0 0
8.5 0 1
8.5 100 0
11.5 100 1
11.5 0 0
14.5 0 1
14.5 100 0
17.5 100 1
17.5 0 0
20.5 0 1
20.5 100 0
23.5 100 1
23.5 0 0
26.5 0 1
26.5 100 0
29.5 100 1
29.5 0 0
32.5 0 1
32.5 77.93197096677568 0
34.154 77.2509 1
37.5333 86.56059999999999 0
41.5 81.20658899757453 1
41.5 100 0
38.5 100 1
38.5 80.06682069477245 0
38.48309999999999 80.06039999999999 1
39.9044 75.43029999999999 0
41.5 75.81569064668119 1
41.5 58.90379515400471 0
44.5 57.60678446036955 1
44.5 76.54029075951877 0
46.46250000000001 77.01429999999999 1
44.7499 82.44130000000001 0
44.5 82.34635730037658 1
44.5 100 0
47.5 100 1
47.5 94.28749632604931 0
45.4709 93.9084 1
46.55710000000001 86.31890000000001 0
47.5 86.4976609225746 1
47.5 56.30977376673438 0
50.5 55.01276307309922 1
50.5 75.85012946320424 0
53.5 70.49797134922744 1
53.5 47.73952032441426 0
49.6784 49.6735 0