55.352 56.0864 0
55.5 55.94776074341632 1
55.5 79.75587281861448 0
58.5 75.90629827892889 1
58.5 71.60458183014316 0
57.18859999999999 70.2878 1
65.66929999999999 60.8038 0
67.5 62.28734755762082 1
67.5 0 0
73.5 16.55296889981986 1
73.5 0 0
70.5 0 1
70.5 64.71846279925651 0
79.5 56.42607852302973 1
79.5 100 0
76.5 100 1
76.5 23.12193213631008 0
77.7354 24.2939 1
83.7671 18.2288 0
82.5 17.0900675754197 1
82.5 7.466675508605006 0
84.32990000000001 6.71349 1
82.70089999999999 0.2594 1
80.75640000000001 8.184339999999999 0
79.5 14.39399206935001 1
79.5 0 0
82.5 0 1
82.5 1.078181407045482 0
76.5 0 1
76.5 13.43959076486074 0
77.39940000000001 12.5062 1
71.6258 18.498 0
73.5 20.27596840709703 1
73.5 100 0
100 100 1
100 0 0
97.5 0 1
97.5 100 0
94.5 100 1
94.5 67.19931775572229 0
95.28100000000001 66.79859999999999 1
93.3698 63.3137 0
94.5 65.37451727710339 1
94.5 0 0
91.5 0 1
91.5 46.43663792957548 0
92.01150000000001 46.3884 1
92.82089999999999 55.3295 0
91.5 55.43823668979348 1
91.5 64.21045296595639 0
89.2868 65.27189999999999 1
91.0694 68.95949999999999 0
91.5 68.73856649729319 1
91.5 100 0
88.5 100 1
88.5 55.68519714810255 0
85.5 55.93215760641161 1
85.5 100 0
82.5 100 1
82.5 56.17911806472067 0
79.25800000000001 56.446 1
85.6302 46.9902 0
88.5 46.71955833764279 1
88.5 0 0
85.5 0 1
85.5 47.18340566837198 0
82.5 51.63514917924735 1
82.5 19.50291645307292 0
79.5 22.51952868511364 1
79.5 56.08689269012271 0
64.5 47.51699514035519 1
64.5 62.11143276616316 0
61.5 65.46634450693929 1
61.5 50.32725034137557 0
58.5 53.13750554239594 1
58.5 68.82125624771538 0
57.18859999999999 70.2878 1
60.3807 73.49299999999999 1
54.1404 81.50049999999999 1
54.1404 81.96230950966421 1
50.3415 77.67250000000001 1
47.22920000000001 80.8663 1
47.22920000000001 97.50040000000001 0
47.85239087848309 97.50040000000001 1
47.22920000000001 96.78988858848129 0
47.22920000000001 92.24029184891521 1
51.84285062748792 97.50040000000001 0
55.83331037649275 97.50040000000001 1
47.22920000000001 87.69069510934912 0
47.22920000000001 83.14109836978304 1
59.82377012549759 97.50040000000001 0
61.819 97.50040000000001 1
65.2884 97.50040000000001 0
64.13483893915233 97.50040000000001 1
65.2884 96.51970352540201 0
65.2884 94.55090000000001 1
59.1258 87.59194343776971 1
59.1258 86.15889999999999 0
67.16309999999999 77.77690000000001 0
64.5 74.86457986019272 1
64.5 73.64031577315208 0
67.5 69.75743556924382 1
67.5 100 0
70.5 100 1
70.5 65.8745553653356 0
71.04929999999999 65.1636 1
63.9873 74.3039 1
67.16309999999999 77.77690000000001 1
59.1258 86.15889999999999 1
54.1404 81.50049999999999 0
54.1404 81.96230950966421 1
59.1258 87.59194343776971 0
61.5 90.27294734359634 1
61.5 83.68287640998841 0
64.5 80.55421379941023 1
64.5 93.66061970375128 0
65.2884 94.55090000000001 1
65.2884 100 0
65.2884 99.00040000000001 1
47.22920000000001 99.00040000000001 0
46.5 100 1
46.5 0 0
43.5 0 1
43.5 100 0
35.43943847682112 100 1
31.0497 96.97910240315477 0
31.0497 93.33736746771825 1
39.2552 98.98416746771827 0
39.2552 100 1
31.0497 100 1
31.0497 91.51650000000001 0
31.5 91.32679356364028 1
31.5 76.0323610097789 0
28.5 77.05496951308308 1
28.5 100 0
25.5 100 1
25.5 78.07757801638724 0
22.5 83.62032254108414 1
22.5 79.10018651969142 0
21.1757 79.55160000000001 1
22.8065 84.56200000000001 0
22.5 84.65069957947765 1
22.5 100 0
19.5 100 1
19.5 85.51888469671385 0
16.5 86.38706981395009 1
16.5 100 0
13.5 100 1
13.5 87.25525493118633 0
10.5 88.12344004842254 1
10.5 100 0
7.5 100 1
7.5 86.85799820961194 0
8.160430000000002 88.8005 1
5.59674 81.25999999999999 0
7.5 80.53345104744113 1
7.5 0 0
4.5 0 1
4.5 100 0
1.5 100 1
1.5 0 0
10.5 0 1
10.5 61.95983564694755 0
10.0062 62.16630000000001 1
11.9196 67.3939 0
10.5 63.51541094386955 1
10.5 79.38823344307986 0
13.5 78.24301583871858 1
13.5 66.74698526892251 0
16.5 73.48825212837085 1
16.5 77.0977982343573 0
17.3511 76.77289999999999 1
16.005 71.5779 0
16.5 71.44963566315988 1
16.5 65.51897704743905 0
19.1689 64.4265 1
16.5616 59.4254 0
16.5 59.45115577996766 1
16.5 0 0
13.5 0 1
13.5 60.70549571345761 0
16.5616 59.4254 0
19.1689 64.4265 0
19.5 70.67227604594703 1
19.5 0 0
22.5 0 1
22.5 69.89491642873418 0
25.5 69.11755681152133 1
25.5 0 0
28.5 0 1
28.5 68.34019719430847 0
28.7327 68.2799 1
32.0256 75.85319999999999 0
31.5 74.64437905797323 1
31.5 0 0
34.5 0 1
34.5 90.06292656590736 0
35.6812 89.56530000000001 1
39.2552 97.16329999999999 0
40.5 100 1
40.5 0 0
37.5 0 1
37.5 93.43190391717962 0
52.5 42.87322625625814 1
52.5 80.1099302631315 0
50.3415 77.67250000000001 0
49.5 78.53603587379109 1
49.5 0 0
52.5 0 1
52.5 22.78556961704174 0
55.5 20.37988757518098 1
55.5 0 0
58.5 0 1
58.5 17.97420553332021 0
61.5 15.56852349145944 1
61.5 0 0
64.5 0 1
64.5 13.16284144959867 0
65.14490000000001 12.6457 1
66.3004 15.7368 0
64.5 17.12967130901336 1
64.5 47.1458859538542 0
61.5 43.83559382390698 1
61.5 19.45060772705386 0
58.5 21.77154414509435 1
58.5 40.52530169395976 0
55.5 37.21500956401253 1
55.5 24.09248056313484 0
53.2165 25.8591 1
51.428 23.6452 0
52.5 24.97217836175567 1
52.5 33.9047174340653 0
64.68190000000001 47.3466 1
49.959 31.1009 1
55.352 56.0864 0
55.352 56.0864 0