46.4736 50.0295 0
46.4736 50.0295 1
49.818 54.5646 0
49.5 54.83914994021021 1
49.5 57.55472733711048 0
48.2291 55.93640000000001 1
50.4177 58.72329999999999 0
49.5 59.57768147779575 1
49.5 100 0
46.5 100 1
46.5 59.70228992723766 0
44.038 60.5609 1
41.4693 56.9873 1
42.8784 55.2814 1
41.54770000000001 53.9289 0
43.5 52.38343650703425 1
43.5 0 0
46.5 0 1
46.5 50.06529913885899 0
49.5 54.13338310010764 1
49.5 0 0
52.5 0 1
52.5 100 0
55.5 100 1
55.5 0 0
82.5 0 1
82.5 100 0
79.5 100 1
79.5 0 0
76.5 0 1
76.5 100 0
73.5 100 1
73.5 0 0
70.5 0 1
70.5 100 0
67.5 100 1
67.5 0 0
64.5 0 1
64.5 100 0
61.5 100 1
61.5 0 0
58.5 0 1
58.5 100 0
85.5 100 1
85.5 0 0
88.5 0 1
88.5 100 0
91.5 100 1
91.5 0 0
94.5 0 1
94.5 100 0
97.5 100 1
97.5 0 0
100 0 1
100 100 0
46.4736 50.0295 0