54.2659 50.54859999999999 0
53.72712834269328 49.5 1
0 49.5 0
0 52.5 1
76.31574638947885 52.5 0
73.9456924767195 49.5 1
56.3833974768655 49.5 0
62.44146769486709 46.5 1
73.7531287514812 46.5 0
74.23179999999999 44.8143 1
84.98759999999999 49.28230000000001 0
84.8382243912325 49.5 1
100 49.5 0
100 46.5 1
78.28977942256043 46.5 0
66.29079999999999 10.5541 1
68.8098 8.534199999999998 0
69.99454098154052 10.5 1
100 10.5 0
100 1.5 1
0 1.5 0
0 4.5 1
100 4.5 0
100 7.5 1
0 7.5 0
0 10.5 1
66.35826764691322 10.5 0
32.72310654619508 25.5 1
100 25.5 0
100 22.5 1
0 22.5 0
0 19.5 1
100 19.5 0
100 16.5 1
0 16.5 0
0 13.5 1
4.489840098747372 13.5 0
3.6771 14.2844 1
5.943530000000001 12.097 1
8.475100000000001 14.1011 0
7.715793215408413 13.5 1
100 13.5 0
100 28.5 1
32.91563012944454 28.5 0
33.10815371269399 31.5 1
100 31.5 0
82.77976400399089 52.5 1
100 52.5 0
100 55.5 1
80.72130361674928 55.5 0
80.58619999999999 55.6969 1
78.01310000000001 54.6485 0
80.10294609881726 55.5 1
0 55.5 0
0 58.5 1
100 58.5 0
100 61.5 1
0 61.5 0
0 64.5 1
100 64.5 0
100 67.5 1
0 67.5 0
0 70.5 1
100 70.5 0
100 73.5 1
28.63607023844425 73.5 0
24.0893 71.30340000000001 0
22.0487 75.50299999999999 1
40.3428 84.49719999999999 0
36.28051802717307 82.5 1
0 82.5 0
0 79.5 1
30.17855231593694 79.5 0
24.07658660470081 76.5 1
0 76.5 0
0 73.5 1
23.02196454900466 73.5 0
24.0893 71.30340000000001 1
49.50700000000001 83.583 0
47.26528454509919 82.5 1
100 82.5 0
100 85.5 1
48.43882324514857 85.5 0
46.5667 88.85980000000001 1
39.66379999999999 85.6103 0
39.73108389183362 85.5 1
0 85.5 0
0 88.5 1
45.80237828281274 88.5 0
46.5667 88.85980000000001 0
46.76718513114008 88.5 1
100 88.5 0
100 91.5 1
0 91.5 0
0 94.5 1
100 94.5 0
100 97.5 1
0 97.5 0
0 100 1
100 100 0
41.05554644288088 79.5 1
100 79.5 0
100 76.5 1
34.84580834066256 76.5 0
52.18572554666029 46.5 1
0 46.5 0
0 43.5 1
27.21265891801987 43.5 0
24.2855 42.81019999999999 0
24.63634054571005 40.5 1
0 40.5 0
0 37.5 1
25.05092931903508 37.5 0
24.84722062184979 34.5 1
0 34.5 0
0 31.5 1
24.64351192466449 31.5 0
24.4398032274792 28.5 1
0 28.5 0
0 25.5 1
24.23609453029392 25.5 0
24.2855 42.81019999999999 1
33.9806 45.0949 0
33.87824804569182 43.5 1
51.45648801526308 43.5 0
56.80952719406675 40.5 1
33.68572446244235 40.5 0
33.4932008791929 37.5 1
100 37.5 0
100 34.5 1
33.30067729594344 34.5 0
50.8259 43.85339999999999 1
60.7863 38.2713 0
62.54430371155885 40.5 1
100 40.5 0
100 43.5 1
64.91071064594956 43.5 0
65.9188 44.77800000000001 1
54.2659 50.54859999999999 0
54.2659 50.54859999999999 0