46.3206 42.8001 0
45.16610694387963 40.5 1
100 40.5 0
79.89196898624783 37.5 1
100 37.5 0
100 34.5 1
90.37381608591886 34.5 0
90.8717 31.6186 1
79.62129999999999 29.7661 0
75.72110000000001 33.97239999999999 0
77.78733175500915 37.5 1
45.48656462352859 37.5 0
46.40816528048656 31.5 1
42.66664402730376 31.5 0
44.07660432541617 34.5 1
76.03013273442079 34.5 0
75.72110000000001 33.97239999999999 1
78.4349 33.5821 0
79.08222794549266 31.5 1
51.43312880346508 31.5 0
51.76949999999999 31.098 0
44.45990059047472 25.5 1
100 25.5 0
100 22.5 1
0 22.5 0
0 19.5 1
100 19.5 0
100 16.5 1
0 16.5 0
0 13.5 1
100 13.5 0
100 10.5 1
0 10.5 0
0 7.5 1
100 7.5 0
100 4.5 1
0 4.5 0
0 1.5 1
100 1.5 0
90.15143147638327 31.5 1
100 31.5 0
100 28.5 1
48.37715643695128 28.5 0
51.76949999999999 31.098 1
41.6857 23.3754 0
39.91652484163734 25.5 1
0 25.5 0
20.88622045405052 31.5 1
42.4900558452194 31.5 0
42.63209999999999 31.4265 1
39.80029999999999 32.8918 0
40.55312029092589 34.5 1
28.52800826643989 34.5 0
28.6195 32.35590000000001 1
3.72555 29.6007 1
1.63253 55.6658 1
27.5457 57.52030000000001 0
32.6772 54.5591 0
34.22226150730098 55.5 1
100 55.5 0
100 58.5 1
39.14859217145549 58.5 0
39.64960000000001 58.8051 1
32.6772 54.5591 0
32.16503528841446 55.5 1
27.63190901511659 55.5 0
27.75992319387706 52.5 1
100 52.5 0
100 49.5 1
27.88793737263754 49.5 0
28.015951551398 46.5 1
100 46.5 0
100 43.5 1
45.25657360036413 43.5 0
46.3206 42.8001 0