50.5264 47.4272 0
64.5 46.3798520661793 1
64.5 91.61825864202078 0
66.05279999999999 91.6885 1
65.78890000000001 96.5838 0
64.5 96.55168095811442 1
64.5 100 0
61.5 100 1
61.5 96.32262367866477 0
60.6755 96.2199 1
60.6212 91.44280000000001 0
61.5 91.48255277266367 1
61.5 46.60470777991536 0
58.5 46.82956349365141 1
58.5 100 0
55.5 100 1
55.5 47.05441920738745 0
52.5 47.27927492112352 1
52.5 100 0
37.5 81.16446334741156 1
37.5 100 0
34.5 100 1
34.5 80.01142279527065 0
30.9469 78.64580000000001 0
31.5 77.20668487194129 1
31.5 64.4422931990232 0
35.6752 66.3432 1
30.9469 78.64580000000001 0
31.5 78.85838224312971 1
31.5 100 0
28.5 100 1
28.5 72.49645233108322 0
28.7873 72.57409999999999 1
32.8823 60.29859999999999 0
31.5 59.88107013662585 1
31.5 54.83498197526168 0
28.5 56.21096627827575 1
28.5 58.97490679283473 0
27.9418 58.80629999999999 1
24.032 71.28890000000001 0
25.5 71.6856517506782 1
25.5 100 0
22.5 100 1
22.5 42.24940351240656 0
19.5 44.8491667424076 1
19.5 100 0
16.5 100 1
16.5 45.11035712357695 0
19.3301 44.99639999999999 0
25.5 39.64964028240551 1
25.5 51.45562151357586 0
22.9809 52.58110000000001 1
24.9557 57.8366 0
25.5 57.58695058128981 1
25.5 66.60209842447185 0
10.5 68.68240513822678 1
10.5 29.86351854938409 0
7.5 29.41595031528202 1
7.5 79.68226162388495 0
8.841740000000001 68.52430000000001 1
6.36989 89.08029999999999 0
7.5 89.14386211820411 1
7.5 100 0
9.326640000000001 89.2466 1
12.4749 68.8707 0
10.5 81.6524794305426 1
10.5 100 0
13.5 100 1
13.5 45.23115545958305 0
13.032 45.25 1
10.7855 41.90300000000001 0
10.7855 32.16553175560779 1
13.09755502344002 30.25104625432544 0
16.0559 30.6924 1
16.8852 25.5489 1
25.64494987357929 26.0090287775774 1
24.977 30.1518 1
29.8044 35.9195 0
28.5 37.04987705240445 1
28.5 50.11528748186915 0
31.5 48.77495345016244 1
31.5 0 0
28.969 0.3803909884781713 1
24.05902238196514 0 0
28.969 6.398370275457829 1
3.50206 4.425368515830359 0
3.50206 7.434358159320187 1
28.969 9.407359918947659 0
28.969 12.41634956243749 1
3.50206 10.44334780281002 0
3.50206 13.45233744629984 1
28.969 15.42533920592732 0
37.5 21.19907313061859 1
37.5 76.2151480005538 0
35.84990000000001 75.92359999999999 1
35.6752 66.3432 0
34.5 69.40096188482119 1
34.5 53.45899767224762 0
36.5248 52.5303 1
34.7702 47.3139 0
34.5 47.43461941845572 1
34.5 0 0
28.969 3.389380631968 1
3.50206 1.41637887234053 0
1.5 0 1
1.5 100 0
4.5 100 1
4.5 28.96838208117994 0
3.50206 28.8195 1
3.93561 21.0084 1
3.50206 20.94885584443779 1
3.50206 0 1
28.969 0 1
28.969 18.6868 1
15.611 16.8522 0
15.5555481817611 17.39514769769402 1
3.50206 16.46132708978968 0
3.50206 19.4703167332795 1
15.25064939392037 20.38051589923134 0
15.611 16.8522 1
28.969 17.88708512970556 0
28.969 18.6868 1
28.6809 26.1685 0
28.5 26.15899775426639 1
28.5 34.36102382649045 0
25.5 30.77667200149148 1
25.5 26.90803959966237 0
25.33938010302648 27.90423933447887 1
10.7855 39.95550635112156 0
10.7855 36.06051905336467 1
23.08661190279427 25.87464538306089 0
16.59384248199384 27.35596305783757 1
18.66336795962797 25.64230292375913 0
40.7791 27.9915 0
43.5 26.75082878404739 1
43.5 100 0
40.5 100 1
40.5 27.41336382262073 0
40.7791 27.9915 1
36.4742 19.0742 0
37.5 18.43401379334162 1
37.5 0 0
40.5 0 1
40.5 19.39111630179194 0
39.3698 17.2671 1
44.303 26.5382 0
43.5 25.02909976080434 1
43.5 0 0
49.5 0 1
49.5 100 0
46.5 100 1
46.5 0 0
79.5 9.832775437041189 1
79.5 0 0
76.5 0 1
76.5 46.65591625605678 0
73.5 46.12322670442913 1
73.5 0 0
70.5 0 1
70.5 45.59053715280147 0
70.3314 45.56059999999999 1
69.1311 50.7705 0
70.5 51.00121763336894 1
70.5 61.47753122902866 0
73.5 61.44154116622215 1
73.5 51.50684470627917 0
76.5 52.01247177918938 1
76.5 61.40555110341565 0
67.11000000000001 61.51819999999999 0
67.5 69.06545147275401 1
67.5 93.1178963321174 0
67.11000000000001 93.13796778220274 1
67.11000000000001 100 1
86.66820000000001 100 1
86.66820000000001 92.13140000000001 1
85.70679999999999 61.29510000000001 0
93.66290000000001 76.03980000000001 1
90.21789999999999 79.88130000000001 0
94.5 82.58471897366644 1
94.5 100 0
91.5 100 1
91.5 80.6907284267387 0
90.21789999999999 79.88130000000001 0
91.5 78.45163754716981 1
91.5 23.60937508328647 0
94.5 19.1080122139056 1
94.5 76.57150081311369 0
97.5 78.47701083502395 1
97.5 0 0
100 0 1
100 100 0
97.5 100 1
97.5 82.42708666817566 0
96.28999999999999 83.7148 1
99.8244 79.95339999999999 0
85.70679999999999 61.29510000000001 0
85.5 61.29758091499613 1
85.5 14.35035934041175 0
85.60830000000001 14.3907 1
88.8579 9.063580000000002 0
88.5 8.887552400297075 1
88.5 0 0
91.5 0 1
91.5 14.32371859054944 0
92.2013 12.8481 1
86.7921 24.2297 0
88.5 20.63607531612809 1
88.5 9.650291056129987 0
85.60830000000001 14.3907 0
82.5 13.23288954572338 1
82.5 61.33357097780264 0
79.5 61.36956104060914 1
79.5 12.11541975103501 0
78.5069 11.7455 1
81.7217 5.553750000000001 0
82.5 5.936544861270704 1
82.5 0 0
85.5 0 1
85.5 7.41204863078389 0
94.5 0 1
94.5 14.58118540181577 0
96.50800000000001 16.0951 1
89.57409999999999 26.4991 0
88.5 25.62290929547088 1
88.5 100 0
86.66820000000001 99.64132595409529 1
79.69895376676382 100 0
67.11000000000001 97.6439233546599 1
86.66820000000001 96.63735557245718 0
86.66820000000001 93.63338519081907 1
67.11000000000001 94.63995297302179 0
68.7396 93.05410000000001 1
67.11000000000001 61.51819999999999 0
67.5 61.51352129183516 1
67.5 0 0
64.5 0 1
64.5 37.62712918412011 0
61.5 37.84010631030263 1
61.5 0 0
58.5 0 1
58.5 38.05308343648515 0
55.5 38.26606056266768 1
55.5 0 0
52.5 0 1
52.5 38.47903768885018 0
50.1538 38.6456 0
50.5264 47.4272 0