45.4028 49.0727 0
46.5 52.21838081841432 1
46.5 70.93760995333778 0
46.6052 71.00739999999999 1
50.28449999999999 76.57169999999999 1
52.2244 84.1095 0
50.9132 91.34549999999999 0
49.5 90.70583129073137 1
49.5 100 0
46.5 100 1
46.5 89.34791583091962 0
46.494 89.34520000000001 1
46.4008 87.26650000000001 1
44.7602 87.04660000000001 1
45.4199 82.12469999999999 0
43.5 81.68029742298634 1
43.5 100 0
40.5 100 1
40.5 80.98588222894449 0
37.5 80.29146703490264 1
37.5 100 0
34.5 100 1
34.5 16.73644120740342 0
35.04689999999999 16.9693 1
38.3379 10.475 1
38.3379 0 0
38.3379 1.5 1
7.599410000000001 1.5 0
7.5 0 1
7.5 100 0
4.5 100 1
4.5 0 0
1.5 0 1
1.5 100 0
34.97369999999999 79.70670000000001 1
36.6388 72.1036 1
39.3168 66.81219999999999 0
40.5 67.22558554394229 1
40.5 0 0
43.5 0 1
43.5 68.94739949719073 0
46.6052 71.00739999999999 0
49.5 75.3852804772647 1
49.5 57.35328190852026 0
52.5 56.38378878892593 1
52.5 100 0
55.5 100 1
55.5 55.41429566933159 0
58.5 54.44480254973726 1
58.5 100 0
61.5 100 1
61.5 53.47530943014293 0
64.5 52.5058163105486 1
64.5 100 0
67.5 100 1
67.5 51.53632319095426 0
70.5 50.56683007135993 1
70.5 100 0
73.5 100 1
73.5 49.5973369517656 0
76.5 55.36046154050996 1
76.5 48.62784383217127 0
77.7577 48.2214 1
75.1455 40.6857 0
76.5 44.59317479136359 1
76.5 0 0
73.5 0 1
73.5 41.14970657976579 0
70.5 41.99566205791673 1
70.5 0 0
67.5 0 1
67.5 42.84161753606767 0
64.5 43.68757301421861 1
64.5 0 0
85.5 0 1
85.5 89.03462414399718 0
84.04599999999999 88.64789999999999 0
76.5 86.8425039883974 1
76.5 100 0
79.5 100 1
79.5 0 0
82.5 0 1
82.5 100 0
82.8629 100 1
96.55179999999999 100 0
97.5 100 1
97.5 0 0
100 0 1
100 100 0
89.74048100251528 100 1
82.8629 98.30590649746324 0
82.8629 95.21623549915441 1
96.55179999999999 98.58810077248151 0
96.55179999999999 97.04326527332708 1
95.56379999999999 96.79990000000001 1
96.55179999999999 91.97409999999999 0
94.5 91.42837744246668 1
94.5 0 0
91.5 0 1
91.5 90.63045967631018 0
88.5 89.83254191015368 1
88.5 0 0
61.5 27.67779902058908 1
61.5 38.26906684709066 0
61.4076 37.791 1
61.9988 40.8498 1
61.9988 44.39287429486899 1
54.51349999999999 46.5036178084034 1
54.51349999999999 43.15239294692532 1
55.2046 42.93980000000001 1
54.51349999999999 39.63200000000001 0
54.51349999999999 44.72175943217232 1
61.9988 42.419166485247 0
52.5 47.07139492682238 1
52.5 26.30479779736141 0
49.5 23.5708936022557 1
49.5 47.91735040497332 0
45.4028 49.0727 0