45.4028 49.0727 0
37.5 70.40197427931292 1
37.5 12.12847127620784 0
46.5 16.80821730790512 1
46.5 0 0
49.5 0 1
49.5 14.68722427975949 0
38.3379 8.764387517510681 1
28.62077577301906 3.43739 0
34.86152731905716 3.43739 1
38.3379 5.343162552532046 0
38.3379 3.43739 1
25.5004 3.43739 0
24.94513767349309 4.5 1
15.51488023659937 4.5 0
21.86992056027542 7.5 1
23.37750045991449 7.5 0
23.0792 8.07086 1
11.3826 2.54929 0
9.688952634799499 2.54929 1
7.599410000000001 6.534885496200634 0
7.599410000000001 2.54929 1
7.599410000000001 9.765350000000002 0
10.5 11.23524229850969 1
10.5 100 0
13.5 100 1
13.5 39.45050197180625 0
12.2714 36.9196 1
19.1027 50.992 1
24.11169006551876 48.43974760599737 1
18.6158 58.02670000000001 1
18.6158 51.84134142877534 0
18.6158 54.85737919632361 1
21.54512965721671 49.74749824250475 0
25.5 51.85871520528667 1
25.5 47.73235603453287 0
25.9831 47.4862 1
18.9441 33.2936 0
16.5 34.6217440196622 1
16.5 14.27578018599402 0
13.5 12.75551124225185 1
13.5 36.25196866635694 0
12.2714 36.9196 0
16.5 45.63046771771113 1
16.5 100 0
19.5 100 1
19.5 58.27259344659511 0
22.5 59.10688471529598 1
22.5 100 0
25.5 100 1
25.5 59.94117598399684 0
25.7144 60.0008 1
29.3566 53.53440000000001 0
28.5 53.16220905586489 1
28.5 14.18176438242723 0
25.5 12.90442596993913 1
25.5 46.51213478334991 0
22.5 40.46329261826963 1
22.5 12.72170762775866 0
22.9714 11.8278 1
20.588 16.3474 0
19.5 15.79604912973618 1
19.5 34.41445045318937 0
31.5 15.45910279491532 1
31.5 100 0
28.5 100 1
28.5 55.05521660534842 0
48.4135 57.70440000000001 1
45.4028 49.0727 0
55.5 29.03870199246712 1
55.5 39.36856510639532 0
58.5 38.5674453083071 1
58.5 31.77260618757283 0
58.8879 32.12609999999999 1
63.0843 24.9798 0
61.5 23.67749659883226 1
61.5 0 0
58.5 0 1
58.5 21.21147993311037 0
55.5 18.74546326738847 1
55.5 0 0
52.5 0 1
52.5 19.72334078121553 0
54.2638 17.7293 1
49.27670000000001 23.3674 0
49.5 23.1149511359307 1
49.5 17.4070425120773 0
46.5 17.98385410628019 1
46.5 48.76330588312426 0
45.4028 49.0727 0