14.9478 27.6594
8.64596 25.1046
1.67796 42.0264
8.94411 44.8642

8.20304 78.7692
5.71827 75.5242
2.40608 76.9244
3.42331 80.6985
2.24515 82.6834
4.26506 88.0683
7.79357 87.1592

29.2113 69.4029
27.8767 64.7749
25.6793 60.4216
20.5206 56.0492
15.0876 53.3635
8.24315 53.3061
9.28352 57.9931
8.47956 58.562
10.207 66.1709
10.168 67.5045
10.9729 71.5247
24.5239 68.4037
24.7399 69.9922

53.2007 23.9368
30.7143 3.25223
24.5415 8.52064
17.8835 17.3168
39.8092 37.7088

48.3758 9.85113
47.2471 1.97897
40.3213 2.81827
42.1441 10.1738

28.7928 84.591
26.6668 80.3127
24.4017 81.0781
21.9038 82.2083
23.7946 86.7314

50.7542 68.9762
44.0523 63.3248
40.185 67.1543
47.116 72.2511

70.7674 57.4762
62.0654 52.6294
58.5582 61.4073
59.0156 65.0991
62.8687 66.9191
65.6445 60.0456
68.3372 61.2839

79.1141 91.7995
76.408 77.481
70.4568 79.1971
72.8967 93.5488

99.1175 46.7439
92.5484 27.9321
73.9245 34.6928
80.2688 53.1988

92.8786 63.732
87.9505 60.276
75.0799 75.6371
79.9793 79.6925

95.0834 88.6951
92.8945 87.3359
91.6371 85.4302
77.5453 97.4558
78.6273 98.3513