21.9789 73.3805
15.2327 72.1538
11.4118 86.7338
18.2501 88.1821

27.6187 39.7251
23.7779 38.5299
17.6769 60.9962
21.3597 62.3141

51.0645 51.8998
48.659 45.3764
32.7073 51.5764

50.3488 27.4686
45.6531 22.9375
43.8429 25.7478
41.7827 27.4029
46.6936 31.4885
48.5386 30.2789

59.9777 14.2952
56.7121 11.6446
48.3082 20.946
52.019 23.5537

56.6338 45.157
53.5185 37.8399
47.0415 40.4322
50.6947 47.0716

43.9824 71.711
40.1702 66.5737
36.3285 70.3074
39.6917 75.7387
42.2216 74.0183

58.5008 97.6852
51.867 87.5738
53.2275 86.8889
48.5869 79.8607
43.6747 83.0686
52.8055 97.9357

55.0488 75.6399
54.9737 72.4523
49.0163 71.3502
48.9777 73.7409

77.2298 88.4146
65.8108 86.1218
65.498 89.9692
71.431 95.0338
74.1587 95.5622

86.3161 28.2538
82.4285 16.1817
71.0535 20.582
75.203 32.1856

89.1682 50.8651
85.7843 42.325
80.6894 44.5225
84.1785 52.5791