49.6311 54.9002 0
49.6311 54.9002 1
44.87860000000001 46.7213 0
44.5 46.42233412597341 1
44.5 0 0
41.5 0 1
41.5 44.05334938725234 0
40.0887 42.9389 0
38.5 42.32789827557936 1
38.5 0 0
35.5 0 1
35.5 41.75033476585563 0
53.5 17.35971320680731 1
53.5 12.74737952585892 0
54.33929999999999 13.0681 1
53.0642 19.5881 0
53.5 19.77248177049573 1
53.5 100 0
56.5 100 1
56.5 21.04174590883253 0
59.5 22.31101004716934 1
59.5 100 0
62.5 100 1
62.5 23.58027418550615 0
63.0919 23.8307 1
64.50569999999999 19.7187 0
65.5 20.02419617724782 1
65.5 100 0
68.5 100 1
68.5 61.57262684809393 0
71.5 67.70571678866503 1
71.5 100 0
74.5 100 1
74.5 73.83880672923613 0
40.8723 79.56120000000001 0
38.5 79.08924595070422 1
38.5 100 0
35.5 100 1
35.5 76.03765575226089 0
37.2118 76.4562 1
37.2371 78.83799999999999 0
20.5 67.56154421153894 1
20.5 100 0
17.5 100 1
17.5 61.85019628403708 0
19.3479 67.7961 1
13.8796 50.20099999999999 0
14.5 50.00459969876998 1
14.5 0 0
17.5 0 1
17.5 49.05488837754163 0
13.8796 50.20099999999999 0
14.5 52.19723284018799 1
14.5 100 0
11.5 100 1
11.5 20.51228998975209 0
9.928719999999998 20.0174 1
11.3285 14.5764 0
11.5 14.62549210165642 1
11.5 0 0
8.5 0 1
8.5 100 0
5.5 100 1
5.5 0 0
2.5 0 1
2.5 100 0
0 100 1
0 0 0
20.5 0 1
20.5 48.10517705631328 0
21.0502 47.931 1
25.4595 61.07089999999999 1
23.298 66.99189999999999 0
23.5 66.43856111496646 1
23.5 100 0
26.5 100 1
26.5 0 0
23.5 0 1
23.5 55.23150734130134 0
31.6145 55.4019 1
32.24469999999999 46.0247 1
33.2114 42.2889 0
32.5 45.03809635874624 1
32.5 0 0
29.5 0 1
29.5 100 0
32.5 100 1
32.5 55.47104564444369 0
35.5 55.70530530941387 1
35.5 75.08743473859172 0
35.3873 76.01009999999999 1
36.0491 70.59200000000001 0
38.5 70.69071051345244 1
38.5 55.93956497438404 0
43.4734 60.82080000000001 1
43.4821 56.32859999999999 0
41.5 56.17382463935421 1
41.5 100 0
44.5 100 1
44.5 61.19762824882829 0
45.0448 63.27249999999999 0
47.5 63.46500222544566 1
47.5 100 0
50.5 100 1
50.5 0 0
47.5 0 1
47.5 51.23264528353498 0
68.5 20.94593864103484 1
68.5 55.83646168155128 0
71.5 54.20538653476095 1
71.5 21.86768110482187 0
74.5 22.7894235686089 1
74.5 52.83736925843523 0
74.3904 52.6339 1
86.34620000000001 74.8295 0
86.5 72.94414101468624 1
86.5 0 0
89.5 0 1
89.5 69.60552142485699 0
86.69329999999999 69.4187 1
85.56979999999999 89.9093 0
86.5 72.94414101468624 0
83.5 69.54561128322655 1
83.5 0 0
80.5 0 1
80.5 63.97619727496279 0
77.5 58.40678326669901 1
77.5 20.96876980786826 0
78.73390000000001 16.7346 1
65.0249 11.496 1
78.73390000000001 15.49745384372172 0
68.45584384665025 0 1
78.73390000000001 3.000012203720839 0
78.73390000000001 6.125195812832901 1
57.74894985997138 0 0
53.0642 1.75777458335838 1
78.73390000000001 9.250379421944963 0
78.73390000000001 12.37556303105702 1
53.0642 4.882958192470442 0
53.0642 8.008141801582504 1
65.02383763057796 11.49898270656428 0
64.01554587685933 14.32986090218809 1
53.0642 11.13332541069457 0
53.0642 12.58084791304982 1
53.0642 0 1
78.73390000000001 0 1
78.73390000000001 16.7346 1
76.76650000000001 23.4858 0
98.5 0 1
98.5 100 0
95.5 100 1
95.5 0 0
92.5 0 1
92.5 69.80520941237648 0
93.03919999999999 69.84110000000001 1
91.58850000000001 89.8288 0
92.5 77.27018102295443 1
92.5 100 0
89.5 100 1
89.5 89.8567336484623 0
86.5 89.89685859238705 1
86.5 100 0
83.5 100 1
83.5 76.33662159526605 0
80.5 77.92518346224597 1
80.5 100 0
77.5 100 1
77.5 79.51374532922586 0
77.322 79.608 1
66.28360000000001 57.0415 0
49.6311 54.9002 0