29.0221 64.36699999999999 0
29.4336 67.14580000000001 1
25.945 70.53319999999999 0
25.97919186396646 70.5 1
79.2122023836603 70.5 0
78.93369999999999 71.40209999999999 1
90.9016 75.9659 0
90.71791444861992 76.5 1
29.66400880892456 76.5 0
27.79148313039929 79.5 1
94.53630742344572 79.5 0
100 82.5 1
25.91895745187402 82.5 0
30.3707 75.36779999999999 1
27.1594 72.5667 1
14.3874 84.05789999999999 1
20.1966 88.14750000000001 1
24.8651 84.1884 0
23.3184847086459 85.5 1
100 85.5 0
100 88.5 1
0 88.5 0
0 91.5 1
100 91.5 0
100 94.5 1
0 94.5 0
0 97.5 1
100 97.5 0
100 100 1
0 100 0
16.43587596830986 85.5 1
0 85.5 0
0 82.5 1
16.11894229323308 82.5 0
19.45331990392648 79.5 1
0 79.5 0
0 76.5 1
22.78769751461989 76.5 0
26.12207512531328 73.5 1
0 73.5 0
0 70.5 1
25.89861128723437 70.5 0
25.945 70.53319999999999 1
21.4935 67.34729999999999 0
21.70686013371418 67.5 1
0 67.5 0
0 64.5 1
23.68873843729411 64.5 0
0 61.5 1
81.99074295892089 61.5 0
82.91692315067445 58.5 1
0 58.5 0
0 55.5 1
83.84310334242798 55.5 0
84.17269999999999 54.4324 1
100 54.4324 0
100 52.5 1
0 52.5 0
0 1.5 1
100 1.5 0
100 4.5 1
0 4.5 0
0 7.5 1
100 7.5 0
100 10.5 1
0 10.5 0
0 13.5 1
100 13.5 0
100 16.5 1
0 16.5 0
0 19.5 1
100 19.5 0
100 22.5 1
0 22.5 0
0 25.5 1
100 25.5 0
100 28.5 1
0 28.5 0
0 31.5 1
100 31.5 0
100 34.5 1
0 34.5 0
0 37.5 1
100 37.5 0
100 40.5 1
0 40.5 0
0 43.5 1
100 43.5 0
100 46.5 1
0 46.5 0
0 49.5 1
100 49.5 0
92.5 54.4324 1
92.5 60.38166560625635 0
90.60130000000001 57.6323 1
90.60130000000001 54.4324 0
87.53888252516413 54.4324 1
90.60130000000001 55.95674895276224 0
90.60130000000001 57.6323 1
94.93610000000001 63.9092 1
96.19069999999999 71.35669999999999 0
95.5 67.25659777618364 1
95.5 54.4324 0
98.5 54.4324 1
98.5 79.7724 0
100 79.7724 1
95.1063 79.7724 0
96.19069999999999 79.7724 1
96.19069999999999 71.35669999999999 1
95.1063 79.7724 1
90.3708 77.5093 0
84.43513683114949 73.5 1
28.22937475634572 73.5 0
29.06881812599634 67.5 1
80.13838257541383 67.5 0
81.06456276716736 64.5 1
28.91449808707124 64.5 0
29.0221 64.36699999999999 1
25.8233 61.73139999999999 0
29.0221 64.36699999999999 0