66.5 55.5 0
41 49.5 1
41 40.5 0
45.5 20 1
10.5 20 0
10.5 21 1
45.5 21 0
45.5 22 1
10.5 22 0
10.5 23 1
45.5 23 0
45.5 24 1
10.5 24 0
10.5 25 1
45.5 25 0
45.5 26 1
10.5 26 0
10.5 27 1
45.5 27 0
45.5 28 1
10.5 28 0
10.5 29 1
45.5 29 0
45.5 30 1
10.5 30 0
10.5 31 1
45.5 31 0
45.5 32 1
10.5 32 0
10.5 33 1
45.5 33 0
45.5 34 1
10.5 34 0
10.5 35 1
45.5 35 0
45.5 36 1
10.5 36 0
10.5 37 1
45.5 37 0
45.5 38 1
10.5 38 0
10.86023252670426 39 1
45.5 39 0
40 40.5 1
40 49.5 0
39 49.5 1
39 40.5 0
38 40.5 1
38 49.5 0
37 49.5 1
37 40.5 0
36 40.5 1
36 49.5 0
34.5 53 1
107.5284053380684 53 0
108.2426910523541 54 1
34.5 54 0
34.5 54.5 0
17.5 55 1
73.5 55 0
73 55.5 1
73 76.5 0
72 76.5 1
72 55.5 0
71 55.5 1
71 76.5 0
70 76.5 1
70 55.5 0
69 55.5 1
69 76.5 0
68 76.5 1
68 55.5 0
66.5 70.5 0
65 70.5 1
65 76.5 0
64 76.5 1
64 70.5 0
66 70.5 1
66 76.5 0
67 76.5 1
67 55.5 0
66.5 55.5 0