66.5 55.5 0
48.5 49.5 1
48.5 48.5 1
48.5 47.5 1
87.5 47.5 1
87.5 46.5 1
87.5 42.5 0
79.09999999999999 38 1
109.5 38 0
109.5 39 1
78.5 39 0
78.5 40 1
109.5 40 0
109.5 41 1
78.5 41 0
78.5 42 1
109.5 42 0
107.5 37.5 0
107.5 37 1
80.30000000000001 37 0
81.5 36 1
107.5 36 0
107.5 35 1
82.69999999999999 35 0
83.90000000000001 34 1
107.5 34 0
107.5 33 1
84.5 33 0
84.5 32 1
107.5 32 0
107.5 31 1
82.5 31 0
82.5 30 1
107.5 30 0
107.5 29 1
82.5 29 0
82.5 28 1
107.5 28 0
107.5 27 1
82.5 27 0
82.5 26 1
107.5 26 0
107.5 25 1
82.5 25 0
82.5 24 1
107.5 24 0
107.5 23 1
82.5 23 0
82.5 22 1
107.5 22 0
107.5 21 1
82.5 21 0
82.5 20 1
107.5 20 0
107.5 19 1
82.5 19 0
87.5 42.5 1
86.5 42.5 1
78.5 42.5 1
78.5 38.5 1
84.5 33.5 1
84.5 32.5 1
84.5 31.5 1
83.5 31.5 1
82.5 31.5 1
82.5 18.5 1
81.5 18.5 1
58.5 18.5 1
45.5 18.5 1
45.5 19.5 1
45.5 41.5 1
41.5 41.5 1
41.5 42.5 0
41.5 49.5 0
44.5 66 1
17.5 66 0
17.5 67 1
44.5 67 0
44.5 65 1
17.5 65 0
17.5 64 1
47.5 64 0
47.5 63 1
17.5 63 0
17.5 62 1
47.5 62 0
47.5 61 1
17.5 61 0
17.5 60 1
47.5 60 0
47.5 59 1
17.5 59 0
17.5 58 1
47.5 58 0
47.5 57 1
17.5 57 0
17.5 56 1
47.5 56 0
47.5 55.5 1
66.5 55.5 0
66.5 55.5 0