11.9099 63.9277
10.0245 63.4762
3.22484 64.2498
1.54887 71.0241
2.03879 75.1972
8.38982 76.3288

25.789 30.8365
23.2518 28.8073
21.8891 26.3952
17.052 31.0739
18.5151 33.9068
20.7948 35.8606

42.229 3.14929
30.017 1.69167
28.7761 12.8188
40.3679 14.7896

38.7275 89.6794
34.0759 59.0302
28.8469 60.5494
36.5842 90.2142

53.4014 86.7647
46.759 83.3496
43.6361 89.002
49.9776 92.6483

70.426 81.8191
65.0255 75.8617
53.0498 84.9583
57.3549 90.7605
65.4421 83.9659

79.1784 50.6129
66.0873 42.0501
61.9858 48.593
75.317 57.1521

80.2513 22.5586
77.867 17.8339
73.4533 20.3995
75.4661 25.0465

97.9225 9.86639
96.2642 8.76192
77.3442 35.6581
78.6265 36.2951

96.209 49.1971
92.8339 44.7319
77.0504 58.5544
85.9608 64.4793

90.2912 74.8889
87.0046 69.7319
82.0681 72.0766
85.8833 77.3268