35.5441 65.2138
30.2066 63.9574
29.972 64.6792
21.0717 61.9852
21.4237 60.9025
16.808 59.8807
12.7105 73.7115
11.0279 73.364
8.94875 77.7956
16.6906 79.6342
24.3137 78.4015
29.6616 74.5937
33.1085 70.128

64.338 30.0002
40.5176 5.72929
13.0174 31.08
35.9515 56.5978
42.1138 51.6182
37.0318 46.514
45.1723 39.2592
49.4062 44.338
55.0759 39.2729
50.4137 34.3228
57.9761 27.4751
63.0276 31.2343

20.036 44.548
16.7727 44.4641
16.795 50.8013
19.8308 50.8089

39.4869 79.3128
34.1851 74.7074
23.9665 87.3528
29.1495 91.9419

65.0758 80.268
55.9354 70.5303
44.9671 80.9099
54.5099 91.1037

65.8229 66.3458
60.4656 62.1977
58.8472 67.6483
62.8716 70.8934

71.7549 12.7513
67.8266 4.38789
64.3396 8.29108
70.4981 13.7431

75.4748 75.5035
73.786 70.7534
71.5406 68.9143
63.5402 71.8466
72.3931 78.8667

86.5911 26.1961
82.5197 20.6697
80.8692 21.5417
75.2779 39.6585
79.727 36.6362
77.8159 32.6556

94.2606 48.9231
89.8952 37.3373
79.0013 41.3687
84.3026 53.1686

95.7471 25.2871
92.4161 19.3906
87.8414 22.368
91.1735 28.0246