37.4445 34.6085
33.31 33.1993
30.9184 33.9932
33.7534 42.9144
35.4986 43.2201

55.7056 51.5375
50.7172 45.4934
51.5298 44.2985
48.6123 40.5788
44.3419 44.7489
41.7025 49.4979
40.52 55.1173

65.5862 22.3844
60.845 15.7064
54.2944 20.3354
59.0201 27.253

49.6385 14.5985
48.9099 10.9696
44.7184 11.9297
45.4917 15.7536

69.2797 60.9912
52.0651 56.1219
47.6919 73.8299
65.7796 78.6676

74.5542 59.948
74.3155 57.1879
69.8902 57.174
67.6296 47.5612
60.7804 48.4768
61.6776 57.044

82.5631 36.2208
67.6508 23.9567
61.5368 31.0338
76.6296 43.4966

80.1407 86.3034
78.5084 73.2502
74.1141 73.4956
74.6536 86.785

94.6608 11.0854
92.7708 11.2531
92.3495 9.08086
87.9581 8.79241
88.0521 11.0546
85.1211 11.5966
85.3215 14.8856
88.8641 14.9674
88.9132 17.066
94.54 17.3667

97.9141 62.7877
96.6531 56.1599
91.8489 56.7741
92.2637 63.4651