52.4272 46.3835 0
52.43789737586492 46.5 1
82.3097804476966 46.5 0
75.2576 74.94720000000001 0
75.26712859223645 79.5 1
59.33516000356846 79.5 0
60.25492924348757 76.5 1
75.26084986777911 76.5 0
75.2576 74.94720000000001 0
76.38310000000001 73.69589999999999 1
95.03460000000001 73.69589999999999 0
95.5 73.69589999999999 1
95.5 84.4417 0
94.67320000000001 84.4417 1
95.03460000000001 76.28890000000001 1
95.03460000000001 84.4417 1
94.67320000000001 84.4417 1
75.2724 82.0187 0
79.12613711927364 82.5 1
0 82.5 0
0 79.5 1
57.7595865116279 79.5 0
59.2342 79.82929999999999 1
50.66549999999999 77.91579999999999 0
50.98386800162559 76.5 1
0 76.5 0
0 73.5 1
51.65847176266303 73.5 0
51.8828 72.50239999999999 1
60.7807 74.7851 0
55.77141656809918 73.5 1
100 73.5 0
98.5 73.69589999999999 1
98.5 84.4417 0
100 85.5 1
0 85.5 0
0 88.5 1
100 88.5 0
100 91.5 1
0 91.5 0
0 94.5 1
100 94.5 0
100 97.5 1
0 97.5 0
0 100 1
100 100 0
95.03460000000001 74.77447368700794 1
87.27639825560024 73.69589999999999 0
84.95529999999999 71.19909999999999 0
85.47829999999999 67.64709999999999 1
98.02369999999999 66.45930000000001 1
100 66.45930000000001 0
99.53248261085969 66.45930000000001 1
98.95138261085967 71.82140000000001 0
100 71.82140000000001 1
97.4426 71.82140000000001 1
84.95529999999999 71.19909999999999 0
85.05823617680181 70.5 1
0 70.5 0
0 67.5 1
87.03195241623169 67.5 0
100 64.5 1
0 64.5 0
46.4682 54.2835 1
53.06019999999999 53.27719999999999 0
52.98883518865051 52.5 1
82.64803136236674 52.5 0
82.47890590503167 49.5 1
52.71336628225771 49.5 0
52.4272 46.3835 0