52.4272 46.3835 0
53.7377 46.09610000000001 0
58.13339999999999 38.7079 1
48.23909999999999 37.5595 0
48.28769788305415 37.5 1
0 37.5 0
0 34.5 1
50.73801131435619 34.5 0
51.4183 33.6671 1
58.13339999999999 38.7079 0
63.1977 32.2221 1
66.82380000000001 32.3356 0
66.77670628951034 31.5 1
100 31.5 0
100 28.5 1
66.60762882245794 28.5 0
66.5608 27.6691 1
63.1277 27.8596 0
63.13797575931233 28.5 1
0 28.5 0
0 31.5 1
63.18611329512893 31.5 0
55.89271284558565 13.5 1
45.57903694935936 13.5 0
45.36199999999999 13.8459 0
49.52765832571228 10.5 1
47.46140424649177 10.5 0
47.93300000000001 9.7484 1
59.9969 15.4344 0
63.09950000000001 8.932680000000001 1
50.28149999999999 1.72636 0
48.25140891071737 4.5 1
44.53717721179423 4.5 0
47.2779 5.830069999999999 1
36.3511 0.5273049999999999 0
38.35542109022369 1.5 1
100 1.5 0
100 4.5 1
80.33339819463171 4.5 0
88.76029272960184 7.5 1
100 7.5 0
100 10.5 1
89.42042925820792 10.5 0
90.2816 8.041589999999999 1
75.23920000000001 2.68645 0
74.43343986911589 4.5 1
55.21501912210393 4.5 0
60.55116850209261 7.5 1
73.10054009097226 7.5 0
71.76764031282866 10.5 1
62.35157990624019 10.5 0
60.9199894963179 13.5 1
70.43474053468503 13.5 0
69.26130000000001 16.1411 1
85.51949999999999 21.6361 0
86.2677668967105 19.5 1
100 19.5 0
100 16.5 1
87.31865435054297 16.5 0
88.36954180437544 13.5 1
100 13.5 0
100 22.5 1
8.564887552336703 22.5 0
8.409700000000001 22.6706 0
11.29385975052022 19.5 1
79.1993651464968 19.5 0
70.32318680254778 16.5 1
14.02283194870373 16.5 0
16.75180414688725 13.5 1
44.79378092471093 13.5 0
45.36199999999999 13.8459 1
33.3413 6.528370000000001 0
34.93742229003503 7.5 1
20.47194479179569 7.5 0
39.86560160737298 10.5 1
19.48077634507076 10.5 0
21.4019 8.388079999999999 1
14.6383 1.92904 0
17.33048723773192 4.5 1
34.35861743048942 4.5 0
35.86325035814477 1.5 1
0 1.5 0
4.481168570755271 1.92904 1
1.43875 5.260339147662307 0
1.43875 9.708963488597384 1
8.544021142453161 1.92904 0
12.60687371415105 1.92904 1
1.43875 14.15758782953246 0
1.43875 18.40208189503614 1
6.170352125049346 22.6706 0
8.409700000000001 22.6706 1
0 22.6706 1
0 1.92904 1
1.43875 1.92904 1
1.43875 22.6706 0
1.43875 22.44244568510842 1
1.691656375148039 22.6706 0
0 25.5 1
100 25.5 0
86.26618679296735 36.59350000000001 1
92.43966249992098 38.76806187196902 0
93.8514066052752 36.59350000000001 1
94.68860554613156 56.92870000000001 0
97.69114691550467 56.92870000000001 1
96.85394797464832 36.59350000000001 0
100 40.07931173367173 1
99.85648934402147 36.59350000000001 0
100 34.5 1
52.52784745080146 34.5 0
56.52429642715443 37.5 1
81.80240407569141 37.5 0
81.75129999999999 36.59350000000001 1
100 36.59350000000001 1
100 56.92870000000001 1
93.18733486144498 56.92870000000001 1
93.18090000000001 56.7724 1
82.89769999999999 56.92870000000001 0
82.81715681970181 55.5 1
17.67359148323829 55.5 0
16.9998 54.45440000000001 0
15.23767729650777 55.5 1
0 55.5 0
0 58.5 1
10.75795600347308 58.5 0
10.6539 58.2199 1
16.9998 54.45440000000001 0
18.2089 56.33069999999999 1
10.9534 59.0261 0
12.36956032870817 58.5 1
100 58.5 0
100 61.5 1
0 61.5 0
0 52.5 1
46.276971925667 52.5 0
45.95530989987559 49.5 1
0 49.5 0
0 46.5 1
45.63364787408416 46.5 0
45.31198584829275 43.5 1
0 43.5 0
0 40.5 1
44.99032382250134 40.5 0
44.8394 39.0924 1
51.4314 38.086 1
51.5501 39.37860000000001 0
52.6559 39.41070000000001 0
52.83216540521136 40.5 1
81.97152953302648 40.5 0
82.14065499036155 43.5 1
53.31761130224071 43.5 0
53.7377 46.09610000000001 0
52.4272 46.3835 0