69.5 107.5 0
69.5 107.5 1
69.5 109.5 0
79.5 111.5 0
79.5 113 1
84.5 113 0
84.5 112 1
79.5 112 0
79.5 111.5 0
69.5 111.5 0
69.5 113 1
66.5 113 0
66.5 114 1
69.5 114 0
69.5 112 1
66.5 112 0
66.5 111 1
84.5 111 0
84.5 110 1
66.5 110 0
66.5 109 1
69.5 109 0
69.5 109.5 1
84.5 109.5 1
84.5 113.5 1
79.5 113.5 1
79.5 111.5 1
69.5 111.5 1
69.5 114.5 1
66.5 114.5 1
66.5 107.5 1
63.5 107.5 1
63.5 113.5 1
62.06574145408933 113.5 0
63 113.5 1
63 54.5 0
62 54.5 1
62 137.5 0
61 137.5 1
61 54.5 0
60 54.5 1
60 137.5 0
59 137.5 1
59 54.5 0
58 54.5 1
58 137.5 0
57 137.5 1
57 54.5 0
56 54.5 1
56 137.5 0
63 137.5 1
63 114.901387818866 0
64 116.401387818866 1
64 153.5 0
65 153.5 1
65 117.901387818866 0
66.73240812075601 120.5 0
69 120.5 1
69 126.5 0
68 126.5 1
68 120.5 0
67 120.5 1
67 126.5 0
66.5 126.5 0
66.5 128.5 0
68 128.5 1
68 153.5 0
69 153.5 1
69 128.5 0
71 128.5 1
71 153.5 0
70 153.5 1
70 128.5 0
67 128.5 1
67 153.5 0
66 153.5 1
66 119.401387818866 0
62.06574145408933 113.5 1
66.73240812075601 120.5 1
69.5 120.5 1
69.5 126.5 1
66.5 126.5 1
66.5 128.5 1
71.5 128.5 1
71.5 153.5 1
87.5 153.5 1
87.5 147.5 1
89.5 147.5 0
86.5 160.5 0
86.5 161 1
9.5 161 0
9.5 162 1
86.5 162 0
86.5 163 1
9.5 163 0
9.5 164 1
43.5 164 0
43.5 165 1
9.5 165 0
9.5 166 1
43.5 166 0
43.5 167 1
9.5 167 0
9.5 168 1
43.5 168 0
43.5 169 1
9.5 169 0
9.5 170 1
43.5 170 0
43.5 171 1
9.5 171 0
9.5 172 1
43.5 172 0
43.5 173 1
25.5 173 0
25.5 176 1
55.5 176 0
55.5 175 1
25.5 175 0
25.5 174 1
55.5 174 0
47.5 181.5 0
47.5 183 1
64.5 183 0
64.5 184 1
47.5 184 0
47.5 182 1
64.5 182 0
64.5 181 1
33.5 181 0
33.5 180 1
64.5 180 0
64.5 179 1
33.5 179 0
33.5 178 1
64.5 178 0
64.5 177 1
25.5 177 0
25.5 178 1
33.44960947032091 178 0
32.19960947032091 179 1
15.5 179 0
15.5 180 1
30.94960947032091 180 0
29.6996094703209 181 1
15.5 181 0
15.5 182 1
28.4496094703209 182 0
25.5 172.5 0
9.5 160 1
146.5 160 0
146.5 159 1
9.5 159 0
9.5 158 1
146.5 158 0
146.5 157 1
9.5 157 0
38.5 148 1
9.5 148 0
9.5 147 1
38.5 147 0
38.5 148.5 0
39.5 149 1
9.5 149 0
9.5 150 1
39.5 150 0
39.5 151 1
9.5 151 0
9.5 152 1
39.5 152 0
39.5 153 1
9.5 153 0
9.5 154 1
39.5 154 0
39.5 155 1
9.5 155 0
9.5 156 1
52.5 156 0
52.5 156.5 0
63.5 156.5 0
63.5 156 1
146.5 156 0
146.5 155 1
63.5 155 0
63.5 154 1
146.5 154 0
146.5 153 1
87.5 153 0
87.5 152 1
94.5 152 0
94.5 151 1
87.5 151 0
87.5 150 1
94.5 150 0
94.5 149.5 0
113.5 149 1
87.5 149 0
87.5 148 1
113.5 148 0
113.5 147 1
89.5 147 0
89.5 146 1
113.5 146 0
113.5 145 1
89.5 145 0
89.5 142 1
128.5 142 0
128.5 141 1
89.5 141 0
89.5 143 1
128.5 143 0
128.5 144 1
89.5 144 0
89.5 147.5 1
89.5 139.5 0
89.5 140 1
128.5 140 0
128 139.5 1
128 122.5 0
127 122.5 1
127 139.5 0
126.5 122.5 1
126.5 138.5 1
126.5 139.5 1
106.5 139.5 1
105.5 139.5 1
105.5 123.5 1
105.5 122.5 1
128.5 122.5 0
128.5 122 1
102.1810249675907 122 0
103.3810249675907 121 1
128.5 121 0
128.5 120 1
104.5810249675907 120 0
105.5 123 1
100.9810249675907 123 0
99.78102496759067 124 1
105.5 124 0
105.5 125 1
98.58102496759068 125 0
98.5 125.0675208063256 0
98.5 125 1
84.5 125 0
84.5 124 1
98.5 124 0
97.5 123.5 0
97.5 123 1
84.5 123 0
84.5 122 1
97.5 122 0
97.5 121 1
84.5 121 0
84.5 120 1
98.29289321881348 120 0
99.29289321881348 119 1
84.5 119 0
84.5 118 1
100.2928932188135 118 0
101.2928932188135 117 1
84.5 117 0
84.5 126 1
105.5 126 0
105.5 127 1
84.5 127 0
84.5 128 1
105.5 128 0
105.5 129 1
84.5 129 0
84.5 130 1
105.5 130 0
105.5 131 1
84.5 131 0
84.5 132 1
105.5 132 0
105.5 133 1
84.5 133 0
84.5 134 1
105.5 134 0
105.5 135 1
84.5 135 0
84.5 136 1
105.5 136 0
105.5 137 1
84.5 137 0
84.5 138 1
105.5 138 0
105.5 139 1
84.5 139 0
89.5 139.5 1
84.5 139.5 1
84.5 116.5 1
101.7928932188135 116.5 1
97.50000000000001 120.7928932188134 1
97.5 123.5 1
98.5 123.5 1
98.5 125.0675208063256 1
105.5 119.2341874729922 0
105.5 118 1
128.5 118 0
128.5 119 1
105.5 119 0
105.5 119.2341874729922 1
105.5 117.5 1
128.5 117.5 1
128.5 147.5 1
122.5 147.5 1
122.5 144.5 0
122.5 145 1
128.5 145 0
122.5 147 1
128.5 147 0
128.5 146 1
122.5 146 0
122.5 144.5 1
113.5 144.5 1
113.5 149.5 1
94.5 149.5 1
94.5 152.5 1
146.5 152.5 1
146.5 182.5 1
140.5 182.5 1
140.5 183.5 1
109.5 183.5 0
109.5 186 1
91.5 186 0
91.5 187 1
109.5 187 0
109.5 185 1
91.5 185 0
91.5 184 1
109.5 184 0
104.5 171 1
146.5 171 0
146.5 172 1
104.5 172 0
104.5 173 1
146.5 173 0
146.5 174 1
104.5 174 0
104.5 174.5 0
100.5 174.5 0
100.5 173 1
91.5 173 0
91.5 172 1
100.5 172 0
100.5 170 1
91.5 170 0
91.5 171 1
100.5 171 0
100.5 174 1
91.5 174 0
91.5 175 1
146.5 175 0
146.5 176 1
91.5 176 0
91.5 177 1
146.5 177 0
146.5 178 1
91.5 178 0
91.5 179 1
146.5 179 0
146.5 180 1
91.5 180 0
91.5 181 1
146.5 181 0
146.5 182 1
91.5 182 0
91.5 183 1
140.5 183 0
109.5 183.5 1
109.5 187.5 1
91.5 187.5 1
91.5 169.5 1
100.5 169.5 1
100.5 174.5 1
104.5 174.5 1
104.5 170.5 1
109.5 170.5 1
109.5 166.5 0
109.5 169 1
146.5 169 0
146.5 170 1
109.5 170 0
109.5 168 1
146.5 168 0
146.5 167 1
109.5 167 0
109.5 166.5 1
103.5 166.5 1
103.5 160.5 0
103.5 161 1
146.5 161 0
146.5 162 1
103.5 162 0
103.5 165 1
146.5 165 0
146.5 166 1
103.5 166 0
103.5 164 1
146.5 164 0
146.5 163 1
103.5 163 0
103.5 160.5 1
86.5 160.5 1
86.5 163.5 1
43.5 163.5 1
43.5 173.5 1
55.5 173.5 1
55.5 176.5 1
64.5 176.5 1
64.5 184.5 1
47.5 184.5 1
47.5 181.5 1
33.5 181.5 1
33.5 177.9596875762567 1
27.8246094703209 182.5 1
15.5 182.5 1
15.5 178.5 1
25.5 178.5 1
25.5 172.5 1
13.5 172.5 0
13.5 173 1
9.5 173 0
9.5 174 1
13.5 174 0
13.5 172.5 1
13.5 174.5 1
9.5 174.5 1
9.5 142.5 1
42.79289321881347 142.5 1
38.5 146.7928932188134 0
39.29289321881345 146 0
41.29289321881346 144 1
9.5 144 0
9.5 143 1
42.29289321881346 143 0
40.29289321881346 145 1
9.5 145 0
9.5 146 1
39.29289321881345 146 0
38.5 146.7928932188134 1
38.5 148.5 1
39.5 148.5 1
39.5 155.5 1
52.5 155.5 1
52.5 156.5 1
63.5 156.5 1
63.5 137.5 1
45.5 137.5 1
45.5 121.5 1
49.5 121.5 0
47 121.5 1
47 137.5 0
46 137.5 1
46 121.5 0
48 121.5 1
48 137.5 0
49 137.5 1
49 121.5 0
49.5 121.5 1
49.5 110.5 1
50.5 110.5 0
50.5 97.5 0
50 97.5 1
50 46.5 0
49 46.5 1
49 97.5 0
48 97.5 1
48 46.5 0
47 46.5 1
47 97.5 0
45 97.5 1
45 46.5 0
46 46.5 1
46 97.5 0
50.5 97.5 0
64 107.5 1
64 54.5 0
65 54.5 1
65 107.5 0
66 107.5 1
66 54.5 0
67 54.5 1
67 107.5 0
66.5 108 1
69.5 108 0
68 107.5 1
68 54.5 0
69 54.5 1
69 107.5 0
69.5 107.5 0