69.5 107.5 0
69.5 107.5 1
85.5 107.5 1
85.5 84.5 0
86 84.5 1
86 64.5 0
85 64.5 1
85 107.5 0
84 107.5 1
84 64.5 0
83 64.5 1
83 107.5 0
82 107.5 1
82 54.5 0
81 54.5 1
81 107.5 0
80 107.5 1
80 54.5 0
79 54.5 1
79 107.5 0
78 107.5 1
78 54.5 0
77 54.5 1
77 107.5 0
76 107.5 1
76 54.5 0
75 54.5 1
75 107.5 0
74 107.5 1
74 54.5 0
73 54.5 1
73 107.5 0
85.5 84.5 1
86.5 84.5 1
86.5 64.5 1
82.5 64.5 1
82.5 54.5 1
55.5 54.5 1
55.5 46.5 1
80.5 46.5 1
80.5 49.5 1
86.5 49.5 1
86.5 54.5 1
109.5 54.5 1
109.5 50.5 1
98.5 50.5 1
98.5 43.5 1
107.5 43.5 1
107.5 31.5 1
82.5 31.5 1
82.5 36.5 0
82.5 35 1
107.5 35 0
107.5 34 1
82.5 34 0
82.5 32 1
107.5 32 0
107.5 33 1
82.5 33 0
82.5 36 1
107.5 36 0
107.5 37 1
62.5 37 0
62.5 36 1
76.5 36 0
76.5 35 1
62.5 35 0
62.5 37.5 1
62.5 33.5 1
65.5 33.5 0
65.5 26 1
76.5 26 0
76.5 25 1
65.5 25 0
65.5 23 1
81.5 23 0
81.5 24 1
65.5 24 0
65.5 27 1
76.5 27 0
76.5 28 1
65.5 28 0
65.5 29 1
76.5 29 0
76.5 30 1
65.5 30 0
65.5 31 1
76.5 31 0
76.5 32 1
65.5 32 0
65.5 33 1
76.5 33 0
76.5 34 1
62.5 34 0
65.5 33.5 1
65.5 21.5 0
65.5 22 1
108.5 22 0
108.5 21 1
62.5 21 0
62.5 20 1
108.5 20 0
108.5 19 1
62.5 19 0
62.5 18 1
108.5 18 0
108.5 17 1
62.5 17 0
62.5 16 1
108.5 16 0
108.5 15 1
62.5 15 0
65.5 21.5 1
62.5 21.5 1
62.5 14.5 1
108.5 14.5 1
108.5 22.5 1
81.5 22.5 1
81.5 24.5 1
76.5 24.5 1
76.5 36.5 1
82.5 36.5 0
80.5 46.5 0
80.5 47 1
98.5 47 0
98.5 48 1
80.5 48 0
80.5 49 1
98.5 49 0
98.5 50 1
86.5 50 0
86.5 53 1
109.5 53 0
109.5 54 1
86.5 54 0
86.5 52 1
109.5 52 0
109.5 51 1
86.5 51 0
86.5 49.5 0
98.5 46 1
19.5 46 0
19.5 45 1
98.5 45 0
98.5 44 1
19.5 44 0
19.5 43 1
107.5 43 0
107.5 42 1
19.5 42 0
19.5 41 1
107.5 41 0
107.5 40 1
19.5 40 0
19.5 39 1
107.5 39 0
107.5 38 1
19.5 38 0
21.5 37.06752080632556 1
28.5 31.23418747299222 1
28.5 28.22268120235369 1
38.50000000000001 19.22268120235369 1
38.5 16.5 0
32.5 10 1
50.5 10 0
50.5 11 1
18.5 11 0
18.5 12 1
50.5 12 0
50.5 13 1
18.5 13 0
18.5 14 1
50.5 14 0
50.5 15 1
18.5 15 0
18.5 16 1
50.5 16 0
50.5 17 1
38.5 17 0
38.5 16.5 1
33.5 16.5 0
33.5 18 1
18.5 18 0
18.5 19 1
33.5 19 0
33.5 21 1
18.5 21 0
18.5 20 1
33.5 20 0
18.5 17 1
33.5 17 0
33.5 16.5 1
33.5 21.5 1
18.5 21.5 1
18.5 10.5 1
32.5 10.5 1
32.5 9.5 1
50.5 9.5 1
50.5 26.5 0
50.5 21 1
36.52520133594855 21 0
37.63631244705967 20 1
50.5 20 0
50.5 18 1
38.5 18 0
38.5 19 1
50.5 19 0
50.5 22 1
35.41409022483744 22 0
34.30297911372632 23 1
50.5 23 0
50.5 24 1
33.19186800261521 24 0
32.08075689150411 25 1
50.5 25 0
50.5 26 1
30.96964578039299 26 0
29.85853466928188 27 1
54.5 27 0
54.5 28 1
28.74742355817077 28 0
28.5 29 1
54.5 29 0
50.5 26.5 1
54.5 26.5 1
54.5 37.5 1
62.5 37.5 0
55.5 46.5 0
55 46.5 1
55 137.5 0
54 137.5 1
54 46.5 0
53 46.5 1
53 137.5 0
52 137.5 1
52 46.5 0
51 46.5 1
51 137.5 0
50 137.5 1
50 110.5 0
50.5 110.5 1
50.5 97.5 1
42.5 97.5 1
42.5 73.5 1
43.5 73.5 0
43.5 61.5 0
43 61.5 1
43 46.5 0
44 46.5 1
44 97.5 0
43 97.5 1
43 73.5 0
43.5 73.5 1
43.5 61.5 1
41.5 61.5 1
41.5 52.5 1
23.5 52.5 1
23.5 46.5 1
19.5 46.5 1
19.5 35.5 1
21.5 35.5 1
21.5 37.06752080632556 0
21.5 36 1
19.5 36 0
19.5 37 1
21.5 37 0
21.5 37.06752080632556 0
21.58102496759068 37 1
54.5 37 0
54.5 36 1
22.78102496759067 36 0
23.98102496759067 35 1
54.5 35 0
54.5 33 1
26.38102496759067 33 0
27.58102496759066 32 1
54.5 32 0
54.5 30 1
28.5 30 0
28.5 31 1
54.5 31 0
54.5 34 1
25.18102496759067 34 0
41.5 48 1
23.5 48 0
23.5 47 1
41.5 47 0
42 46.5 1
42 61.5 0
41.5 52 1
23.5 52 0
23.5 51 1
41.5 51 0
41.5 50 1
23.5 50 0
23.5 49 1
41.5 49 0
55.5 54.5 0
70 54.5 1
70 107.5 0
71 107.5 1
71 54.5 0
72 54.5 1
72 107.5 0
69.5 107.5 0