25.4168 22.4175 0
22.71810191707777 19.5 1
0 19.5 0
0 16.5 1
20.70421469634185 16.5 0
23.58251152482798 13.5 1
0 13.5 0
0 10.5 1
26.46080835331411 10.5 0
27.0752 9.859629999999999 1
33.2029 5.02936 0
30.06863613317682 7.5 1
0 7.5 0
0 4.5 1
100 4.5 0
100 1.5 1
0 1.5 0
25.4168 22.4175 0
25.4168 22.4175 1
31.9693 16.0642 1
38.4438 10.5559 0
35.54584462285625 7.5 1
100 7.5 0
100 10.5 1
38.39078919939058 10.5 0
38.4438 10.5559 0
34.98328124648258 13.5 1
100 13.5 0
100 16.5 1
31.51983602065069 16.5 0
25.4168 22.4175 0