50.4123 48.2792 0
52.5 50.75976921456622 1
52.5 52.42096715377569 0
49.5 55.84309173155093 1
49.5 0 0
52.5 0 1
52.5 17.66827969800424 0
55.5 17.26744349460829 1
55.5 0 0
58.5 0 1
58.5 20.11765656893625 0
57.90430000000001 16.9462 1
59.9678 27.9321 0
61.5 27.99626170267934 1
61.5 0 0
64.5 0 1
64.5 28.12188832324978 0
64.5958 28.1259 1
65.32329999999999 32.28789999999999 0
64.5 31.99821964234552 1
64.5 76.91324956751106 0
62.8627 78.22399999999999 1
62.8627 83.82568322051947 1
64.38650000000001 85.89619999999999 0
62.8627 80.75464582862185 1
70.8484 91.60549623280724 0
73.5 92.67780505208574 1
73.5 100 0
76.5 100 1
76.5 89.79396516506617 0
81.12729999999999 94.20959999999999 0
91.57669999999999 83.95429999999999 0
94.5 75.52632884181889 1
94.5 100 0
91.5 100 1
91.5 84.02957527992038 0
91.57669999999999 83.95429999999999 0
91.5 83.90458936170214 1
91.5 81.52061566653714 0
90.59909999999999 83.32069999999999 1
95.74510000000001 73.0385 0
94.5 72.45496495145312 1
94.5 21.45234603156467 0
91.5 23.5632936856388 1
91.5 71.04896933211285 0
89.62729999999999 70.1713 0
67.5 75.26041673300392 1
67.5 0 0
70.5 0 1
70.5 78.0941389399762 0
73.5 80.92786114694849 1
73.5 0 0
100 0 1
100 100 0
97.5 100 1
97.5 0 0
94.5 0 1
94.5 15.50737492874328 0
97.18989999999999 19.5596 1
91.7869 11.4202 0
91.5 11.60169783515074 1
91.5 0 0
88.5 0 1
88.5 72.20248193636888 0
89.62729999999999 70.1713 1
83.2122 81.73009999999999 0
85.5 77.60791599039766 1
85.5 0 0
82.5 0 1
82.5 91.68902497865594 0
85.5 86.18037409788653 1
85.5 82.94518073007882 0
86.86660000000001 83.67099999999999 1
81.12729999999999 94.20959999999999 0
82.5 92.86239821712252 1
82.5 100 0
85.5 100 1
85.5 89.9181239047218 0
88.5 86.9738495923211 1
88.5 100 0
79.5 100 1
79.5 0 0
76.5 0 1
76.5 84.25055124967599 0
75.8141 83.11369999999999 1
78.51480000000001 87.59 1
73.66220000000001 92.8982 1
70.8484 89.07485040418538 1
70.8484 91.81190000000001 0
70.5 91.99045542868393 1
70.5 100 0
61.5 100 1
61.5 89.60135688244048 0
64.5 92.59645587312369 1
64.5 100 0
67.5 100 1
67.5 94.65643813029507 0
67.10509999999999 95.19730000000001 1
68.81659999999999 92.85319999999999 0
70.8484 91.81190000000001 1
64.38650000000001 85.89619999999999 1
62.2941 87.09610000000001 1
60.92270000000001 89.02500000000001 0
61.5 88.21301664722182 1
61.5 30.94266143396046 0
58.5 29.88710322557539 1
58.5 41.3401338859192 0
61.01000000000001 43.8903 1
51.77719999999999 63.5506 0
50.39960000000001 64.48939999999999 1
46.2265 59.5772 0
46.5 59.26521630932616 1
46.5 0 0
43.5 0 1
43.5 100 0
46.5 100 1
46.5 77.8598938948644 0
49.5 82.65368460839267 1
49.5 100 0
52.5 100 1
52.5 87.4474753219209 0
43.5112 73.084 1
54.0728 89.9607 0
55.5 89.10197848175872 1
55.5 100 0
58.5 100 1
58.5 87.29693044733895 0
60.8596 85.87719999999999 1
50.6848 68.47319999999999 0
49.5 69.23472501393999 1
49.5 63.43047135702474 0
52.5 71.57810042064708 1
52.5 62.01147158391821 0
55.5 55.62327948617971 1
55.5 76.70960177693911 0
58.5 81.84110313323112 1
58.5 49.23508738844122 0
61.01000000000001 43.8903 1
58.05419999999999 40.88720000000001 0
55.5 28.83154501719034 1
55.5 43.35787436108822 0
50.4123 48.2792 0