50.4123 48.2792 0
50.4123 48.2792 1
53.2133 51.6073 1
46.2265 59.5772 0
46.5 59.89913973305217 1
46.5 71.16296188245789 0
40.5 70.64161315200874 1
40.5 100 0
37.5 100 1
37.5 71.82324507333232 0
34.5 73.00487699465589 1
34.5 92.86993968183967 0
31.5 89.13574532052291 1
31.5 74.18650891597943 0
30.0874 74.74289999999999 1
25.5406 62.4948 0
28.5 70.46678626286618 1
28.5 85.40155095920616 0
27.2617 83.86019999999999 1
36.7852 95.71440000000001 0
36.7852 97.54818313764704 1
33.95858434336445 99.536 0
29.40324540253697 99.536 1
21.4174 89.89495838468181 0
21.4174 87.54349999999999 1
21.4174 100 1
36.7852 100 1
36.7852 99.536 1
21.4174 99.536 0
21.61222701268485 99.536 1
21.4174 99.30079192340912 0
25.50773620761091 99.536 1
21.4174 94.59787515404548 0
18.9442 97.72966529226014 1
18.65602630126022 99.846 0
15.62834210042007 99.846 1
18.9442 75.49448843075339 0
18.9442 64.37690000000001 1
18.9442 99.846 1
18.9442 100 1
2.60369 100 1
2.60369 99.846 0
1.5 100 1
1.5 0 0
4.5 0 1
4.5 86.17621251321123 0
7.5 66.24578844733256 1
7.5 0 0
10.5 0 1
10.5 47.96112816265061 0
11.005 45.5369 1
9.62388 52.1669 0
10.5 52.38030512552515 1
10.5 63.46954058857318 0
7.95899 63.1965 1
2.60369 98.77430000000001 0
14.1145 99.846 1
2.60369 98.77430000000001 1
2.60369 99.846 1
18.9442 99.846 0
19.5 100 1
19.5 54.57252323460425 0
22.5 55.30326260429729 1
22.5 86.8612043307154 0
25.5 84.97049030166144 1
25.5 42.96104002719508 0
24.391 43.5993 1
18.2994 32.91930000000001 0
19.5 35.02423269420184 1
19.5 48.03338381621465 0
16.5 47.15175327487928 1
16.5 14.84301688803873 0
13.5 16.43525225188817 1
13.5 46.27012273354391 0
22.5 40.2839345787642 1
22.5 50.24706062054618 0
22.0222 48.77460000000001 1
24.2815 55.7372 0
13.5 63.79190128991617 1
13.5 53.11104449521818 0
16.5 53.84178386491122 1
16.5 64.11426199125916 0
28.5 61.39098450384085 1
28.5 41.23445759399875 0
31.5 39.50787516080241 1
31.5 47.07101508222991 0
30.3544 47.44370000000001 1
31.5472 50.9462 0
31.5 50.80760342052314 1
31.5 60.27202576609758 0
34.5 59.15306702835433 1
34.5 49.99449631733509 0
37.5 49.02757981503397 1
37.5 58.03410829061106 0
37.59520000000001 57.9986 1
41.80119999999999 70.12909999999999 0
40.5 66.37631669044222 1
40.5 48.06066331273286 0
42.9547 47.26949999999999 0
41.96210000000001 43.6675 0
40.5 44.14314823522317 1
40.5 18.40848508971245 0
34.5 31.93365625057662 1
34.5 18.98445397705014 0
37.5 18.6964695333813 1
37.5 45.11910385089209 0
34.5 46.095059466561 1
34.5 37.78129272760607 0
37.4816 36.06529999999999 1
33.146 30.0574 0
31.5 30.37469065240526 1
31.5 19.27243842071898 0
28.719 19.5394 1
28.4248 15.6287 0
28.5 15.62094936021572 1
28.5 0 0
25.5 0 1
25.5 31.53127869276467 0
28.5 30.95298467258497 1
28.5 16.62830788579195 0
19.5 13.25078152418928 1
19.5 32.68786673312408 0
22.5 32.10957271294438 1
22.5 11.65854616033983 0
23.9993 10.8628 1
22.4608 7.27352 0
19.5 8.843067430268324 1
19.5 0 0
16.5 0 1
16.5 10.43339514264503 0
13.5 12.02372285502174 1
13.5 0 0
22.5 0 1
22.5 7.364972568085793 0
31.5 15.31174830499185 1
31.5 0 0
34.5 0 1
34.5 15.00254724976798 0
37.5 14.69334619454411 1
37.5 0 0
40.5 0 1
40.5 14.38414513932024 0
42.1091 14.2183 0
51.2552 17.8346 1
52.7581 27.8668 0
52.5 26.1439236808836 1
52.5 46.25977048639737 0
50.4123 48.2792 0