50.5 37.5 0
50.5 30.5 0
46 30.5 1
46 17.5 0
45 17.5 1
45 30.5 0
44.5 30.5 0
35 53.5 1
35 10.90215327233819 0
34 9.759296129481047 1
34 53.5 0
33 53.5 1
33 9.5 0
32 9.5 1
32 53.5 0
31 53.5 1
31 9.5 0
30 9.5 1
30 53.5 0
29 53.5 1
29 9.5 0
28 9.5 1
28 53.5 0
27 53.5 1
27 9.5 0
26 9.5 1
26 53.5 0
25 53.5 1
25 9.5 0
24 9.5 1
24 53.5 0
23 53.5 1
23 9.5 0
22 9.5 1
22 53.5 0
21 53.5 1
21 9.5 0
20 9.5 1
20 53.5 0
19 53.5 1
19 9.5 0
18.5 12.5 0
18 12.5 1
18 53.5 0
17 53.5 1
17 12.5 0
16 12.5 1
16 53.5 0
15 53.5 1
15 12.5 0
14 12.5 1
14 53.5 0
13 53.5 1
13 12.5 0
50.5 30.5 0
50.5 37.5 0