58.4851 59.9708 0
59.24231866079181 60.53860878914121 1
74.30150465361001 58.76661748589389 0
74.04263392454854 55.77638100280399 1
0 64.4888640976005 0
0 61.46816669313138 1
92.07928118080244 50.63333899796511 0
92.28899999999999 53.05370000000001 1
73.95079999999999 54.71559999999999 0
36.0031 44.1467 1
34.7222 45.3708 1
25.8572 42.3647 0
27.95324600197791 43.0754641157976 1
0 46.36467967078579 0
0 49.38537707525491 1
34.56647277510142 45.31799327571713 0
34.7222 45.3708 0
34.80708299606187 45.28968104030031 1
72.52364030057086 40.85163162887181 0
72.20730916107485 37.8681564240887 1
34.41613424100835 42.31498597581826 0
32.0411714196173 39.57374680149836 1
71.89097802157883 34.88468121930558 0
71.53319999999999 31.5103 1
89.70820000000001 30.5579 0
89.75001285647684 29.76253859549178 1
77.59727724876419 31.19253234268374 0
89.80850000000001 28.65 1
94.2971 28.3147 0
95.5 27.98028993019663 1
95.5 40.49014136251139 0
100 25.53574093531283 1
67.77768289340736 29.32729153509888 0
68.27959999999999 26.8386 0
68.36404293844546 26.23759804406341 1
100 22.51504353084371 0
85.83920000000001 11.5987 1
92.9196 14.871 0
93.15167762815304 14.25878290026788 1
100 13.45295131743636 0
100 10.43225391296724 1
94.35021694132075 11.09705521431169 0
94.60820000000001 10.4165 1
87.64169999999999 7.35539 1
100 5.901207806263567 0
100 7.411556508498126 1
90.35292341335597 8.546713204314656 0
87.64169999999999 7.35539 0
87.58027165161158 7.5 1
0 7.5 0
0 4.5 1
100 4.5 0
100 1.5 1
0 1.5 0
0 10.5 1
86.30591271955149 10.5 0
79.07561897292328 16.5 1
60.28099744192353 16.5 0
60.3177 16.2072 1
58.75239999999999 16.2008 1
58.5334 15.0819 1
54.6934 13.5904 1
44.8482449785255 14.74886428123634 0
44.6414 13.4126 1
40.2281 14.0957 0
40.93529273360126 16.5 1
0 16.5 0
0 13.5 1
44.07673535353535 13.5 0
44.6414 13.4126 0
44.65492894885914 13.5 1
89.95311514225469 13.5 0
92.9196 14.871 1
59.99963093928655 18.74464223448563 1
59.76300000000001 20.6324 1
68.97040000000001 21.922 0
61.99741346354216 20.94535475406564 1
100 16.47364872190548 0
100 19.49434612637459 1
68.79559660747719 23.16612038169899 0
71.57464688208285 31.90120601452245 1
67.15366251658403 32.42141645957521 0
66.8647 33.85420000000001 1
64.0958 32.9037 1
60.16930000000001 30.6964 0
59.85074921446127 30.26004165500639 1
0 37.30258745737844 0
0 34.28189005290932 1
57.82001727129885 27.47829736156375 0
57.1895 26.6146 0
56.24091404103292 24.64341061062501 1
0 31.2611926484402 0
0 28.24049524397108 1
54.86517941518015 21.78459378813091 0
45.17859592152776 16.88300439212249 1
54.73221356475233 15.75884486673927 0
54.78616818365985 18.77319351400997 1
45.63781576771221 19.84966610209221 0
46.0077 22.2392 0
41.10420000000001 22.8546 0
41.03861196781119 22.5 1
0 22.5 0
0 19.5 1
40.48372167856581 19.5 0
41.10420000000001 22.8546 1
0 27.69126812812289 0
0 25.5 1
18.62239066357963 25.5 0
30.2219 37.4739 1
26.6359 39.968 0
26.55422288771408 40.21938761399214 1
0 43.34398226631667 0
0 40.32328486184755 1
63.91565084178366 32.80242832371553 0
72.83997144006685 43.83510683365493 1
0 52.40607447972403 0
0 55.42677188419314 1
91.56109126576348 44.65291880102234 0
91.82018622328297 47.64312889949373 1
0 58.44746928866226 0
10.321078236474 77.5 1
100 77.5 0
100 80.5 1
0 80.5 0
0 78.7144654355082 1
100 66.9476189134426 0
98.5 67.12412161127358 1
98.5 27.62728453453467 0
100 27.45078183670368 1
94.2971 28.12183332701056 1
94.2971 28.3147 1
98.13560000000001 67.167 1
75.21940000000001 69.36930000000001 0
86.80716125899738 68.5 1
100 68.5 0
87.04679999999999 86.22139999999999 1
79.4006 84.92330000000001 0
58.44126696602558 89.5 1
78.20613481855904 89.5 0
78.98909973745756 86.5 1
0 86.5 0
0 83.5 1
100 83.5 0
100 86.5 1
86.99446454842092 86.5 0
86.43090979344151 89.5 1
100 89.5 0
100 95.5 1
0 95.5 0
0 98.5 1
100 98.5 0
100 92.5 1
85.86735503846211 92.5 0
85.77449999999999 92.99430000000001 1
77.67089999999999 91.55080000000001 0
82.99957136820228 92.5 1
57.9658483038782 92.5 0
59.0808 89.81720000000001 1
56.7011 88.6369 0
56.30168751250319 89.5 1
0 89.5 0
0 92.5 1
54.91339245690078 92.5 0
35.81643924398179 74.5 1
100 74.5 0
100 71.5 1
61.31180025148959 71.5 0
75.07811684079437 67.73732693516359 1
0 76.57165371547697 0
0 73.55095631100784 1
74.81924611173292 64.74709045207371 0
74.56037538267145 61.75685396898379 1
59.26049247318248 63.5571677089991 0
60.4644 61.455 1
58.4851 59.9708 0
56.18033254984556 63.91960539981234 1
0 70.53025890653873 0
0 67.5095615020696 1
58.07341279111417 60.6761521488136 0
58.4851 59.9708 0