56.33110000000001 53.9563 0
53.81116298273417 56.5 1
30.48105797086633 56.5 0
26.7032 55.5808 1
34.7443 57.5373 0
39.59794636071983 71.5 1
16.95224453878735 71.5 0
16.9069 70.54089999999999 1
10.2589 71.47630000000001 0
10.26101314558764 71.5 1
0 71.5 0
0 74.5 1
10.52849992883286 74.5 0
10.6974 76.39429999999999 1
17.148 75.6405 0
17.09407919248569 74.5 1
39.20386645696526 74.5 0
33.4636 65.14109999999999 1
23.0372 63.4495 0
22.51761180850421 65.5 1
68.26530575048571 65.5 0
69.69197584895633 62.5 1
33.90843768247456 62.5 0
34.41372451274363 59.5 1
56.41944148336151 59.5 0
58.0112 59.67230000000001 0
58.46090225335838 59.5 1
71.11864594742698 59.5 0
68.6224 53.5664 0
70.5036321692663 50.5 1
32.17158350783758 50.5 0
31.0149 50.7842 1
37.7397 49.1319 0
37.42184271506474 47.5 1
72.34412803014513 47.5 0
75.98150000000001 41.5711 0
83.48780128565346 44.5 1
81.77106917442089 44.5 0
81.97210000000001 44.60169999999999 1
75.98150000000001 41.5711 0
74.18462389102399 44.5 1
36.83751043073005 44.5 0
36.25317814639537 41.5 1
85.00299924223074 41.5 0
86.37889999999999 38.7758 1
93.2774 41.80970000000001 1
88.36250000000001 53.7257 0
89.5 54.37004528671785 1
89.5 50.9678717634133 0
92.5 43.69447861197582 1
92.5 56.06941747146824 0
92.6472 56.1528 1
92.6472 67.79339999999999 0
95.5 67.79339999999999 1
95.5 38.7758 0
94.92940892995207 38.7758 1
93.2774 41.80970000000001 0
93.44603679277699 41.5 1
92.57320228418865 41.5 0
97.41908708080658 3.87618 0
95.2037 3.87618 1
95.90948405623101 3.87618 1
95.91890000000001 3.95926 1
95.2037 3.87618 0
95.01506740320545 5.499999999999993 1
80.04671033527265 5.499999999999993 0
75.1876 2.84196 1
82.66900000000001 6.93445 0
81.94255794977539 8.499999999999993 1
88.98900376589202 8.499999999999993 0
88.39733089135797 11.49999999999999 1
80.55050649777843 11.49999999999999 0
79.83359999999999 13.045 1
73.5873 7.072950000000001 0
74.18224158223018 5.499999999999993 1
0 5.499999999999993 0
0 2.499999999999992 1
100 2.499999999999992 0
100 3.87618 1
100 9.47851 1
100 20.8265 1
94.79079999999999 20.8265 1
95.82929999999999 15.1482 0
94.97222766270741 15.04146789319442 1
95.69781428073199 9.47851 0
96.54442897986323 9.47851 1
96.5155 9.22326 1
94.55289999999999 9.47851 1
96.54442897986323 9.47851 0
94.55289999999999 9.47851 1
94.97131814387942 5.876609999999999 1
94.65491105458239 5.876609999999999 1
93.4837 14.8561 0
95.82929999999999 15.1482 1
95.08866910323025 20.8265 0
94.79079999999999 20.8265 1
89.07040000000001 20.3229 0
91.08208157267666 20.49999999999999 1
68.29889295180857 20.49999999999999 0
70.41499999999999 21.7982 1
63.14619999999999 17.3389 0
63.40879809387123 17.49999999999999 1
90.175108106887 17.49999999999999 0
90.88929999999999 15.675 1
88.62540000000001 15.7123 0
88.81050518593241 14.49999999999999 1
38.08366253968256 14.49999999999999 0
33.88379999999999 15.9079 1
40.93129999999999 13.5454 0
40.58231281572543 11.49999999999999 1
78.21765011679406 11.49999999999999 0
75.07988335328739 8.499999999999993 1
40.07045129581552 8.499999999999993 0
39.7753 6.77013 1
32.2302 9.244160000000001 1
24.2576 10.5277 0
24.47243146428354 11.49999999999999 1
0 11.49999999999999 0
0 8.499999999999993 1
34.49968000468873 8.499999999999993 0
39.7753 6.77013 0
45.2469 35.57259999999999 0
45.09371802651481 35.5 1
30.35905740059323 35.5 0
29.56104094916775 32.5 1
38.7638844114245 32.5 0
38.1328 32.2009 1
45.2469 35.57259999999999 0
45.21102037530144 35.5 1
100 35.5 0
100 32.5 1
43.72839125552653 32.5 0
42.2457621357516 29.49999999999999 1
100 29.49999999999999 0
100 26.49999999999999 1
67.9421781147266 26.49999999999999 0
69.51997080174439 23.49999999999999 1
100 23.49999999999999 0
97.24308656680466 20.8265 1
98.72322534253584 9.47851 0
98.0540320044388 9.47851 1
97.41908708080658 3.87618 0
100 0 1
0 0 0
25.13528695420498 14.49999999999999 1
0 14.49999999999999 0
0 17.49999999999999 1
63.0759271091602 17.49999999999999 0
61.76730716800927 20.49999999999999 1
0 20.49999999999999 0
0 23.49999999999999 1
63.24547920829946 23.49999999999999 0
66.08613513410145 26.49999999999999 1
0 26.49999999999999 0
0 29.49999999999999 1
21.63422264210168 29.49999999999999 0
22.11086817916278 32.5 1
0 32.5 0
0 35.5 1
22.58751371622387 35.5 0
23.06415925328497 38.5 1
0 38.5 0
0 41.5 1
28.50381362792491 41.5 0
27.9992 39.6343 1
23.313 40.06619999999999 0
21.4908 28.5973 1
28.215 27.4398 0
28.76302449774226 29.49999999999999 1
40.00369946621932 29.49999999999999 0
30.8247 37.2505 1
35.3073 36.6438 0
35.66884586206068 38.5 1
100 38.5 0
98.5 38.7758 1
98.5 67.79339999999999 0
100 68.5 1
75.0729377748595 68.5 0
76.77324028640888 65.5 1
81.0024476142132 65.5 0
79.6996 64.93690000000001 1
77.58701451555237 64.93690000000001 1
80.72479999999999 58.5279 1
77.09238706782668 64.93690000000001 1
77.58701451555237 64.93690000000001 0
80.72479999999999 58.5279 0
76.63149999999999 55.51000000000001 1
81.97210000000001 44.60169999999999 1
83.4364360749255 44.60169999999999 1
79.8537 51.6953 0
80.10700196994665 51.82247845060193 1
77.85866405722169 56.41476105056783 0
80.72479999999999 58.5279 0
80.31299217166506 58.2242831517035 1
82.78818144228197 53.16865136488731 0
84.34379999999999 53.94970000000001 1
79.6996 64.93690000000001 1
86.30869999999999 67.79339999999999 0
88.01665821118999 67.79339999999999 1
92.6472 59.28945036730744 0
92.6472 65.56275110192232 1
91.43257463356997 67.79339999999999 0
81.66263986056103 80.5 1
0 80.5 0
0 77.5 1
46.00959916891523 77.5 0
38.8475 77.21289999999999 1
61.9603 78.13939999999999 0
62.02896172983746 77.5 1
100 77.5 0
100 86.5 1
86.91663459987348 86.5 0
84.01117042147715 89.5 1
100 89.5 0
100 98.5 1
0 98.5 0
0 95.5 1
83.03577426773015 95.5 0
83.79490000000001 97.15809999999999 0
85.31785106207806 95.5 1
100 95.5 0
100 92.5 1
83.01037225420097 92.5 0
89.45939999999999 83.87450000000001 0
86.01669228731288 80.5 1
100 80.5 0
100 83.5 1
89.07733034867348 83.5 0
89.45939999999999 83.87450000000001 1
83.95269999999999 78.4769 1
77.75059999999999 83.95599999999999 0
78.26677192604626 83.5 1
0 83.5 0
0 86.5 1
78.9153161587929 86.5 0
80.28880219510532 89.5 1
0 89.5 0
0 92.5 1
52.64674071011933 92.5 0
52.4466 91.75489999999999 1
59.3657 89.97329999999999 0
60.10478521061258 92.5 1
81.66228823141773 92.5 0
62.67326948558468 71.5 1
100 71.5 0
100 74.5 1
62.35111560771108 74.5 0
73.4742 71.32079999999999 1
66.98330000000001 68.19579999999999 0
67.61515016959999 68.5 1
0 68.5 0
0 65.5 1
20.85248600647663 65.5 0
22.62199786031264 62.5 1
0 62.5 0
0 59.5 1
24.39150971414865 59.5 0
26.16102156798465 56.5 1
0 56.5 0
29.3152200082512 44.5 1
0 44.5 0
0 47.5 1
30.12662638857748 47.5 0
30.93803276890375 50.5 1
0 50.5 0
0 53.5 1
68.66313630838746 53.5 0
68.6224 53.5664 1
72.71100000000001 56.1516 0
72.54531604589761 56.5 1
59.02726267898721 56.5 0
59.8181 58.98 1
58.0112 59.67230000000001 1
54.7353 59.3177 0
52.768 57.553 0
56.33110000000001 53.9563 0