48.25109999999999 47.24930000000001 0
49.5 46.88579439031651 1
49.5 41.24596961195904 0
55.5 46.68513255028789 1
55.5 30.11310668418128 0
58.5 33.53022384681454 1
58.5 45.53974683564402 0
64.24209999999999 40.0707 1
71.012 6.95323 0
70.5 7.352353030236872 1
70.5 0 0
67.5 0 1
67.5 9.690964535531055 0
66.4315 10.5239 1
64.964 16.1609 1
62.5095 19.7422 0
61.5 19.44433263262137 1
61.5 0 0
64.5 0 1
64.5 16.83791087797922 0
58.5 18.5591398618082 1
58.5 0 0
55.5 0 1
55.5 22.12314335260115 0
55.7988 20.3954 1
54.3456 28.7982 1
64.24209999999999 40.0707 0
64.5 38.8090867541618 1
64.5 43.24897540635629 0
61.5 44.39436112100016 1
61.5 36.94734100944778 0
52.5 37.43324155451799 1
52.5 46.01261252703641 0
46.5 45.05869766940009 1
46.5 100 0
79.5 100 1
79.5 70.40866376063235 0
80.3158 70.6695 0
80.696 68.81059999999999 1
80.3158 70.6695 0
76.5 69.44947190220751 1
76.5 100 0
73.5 100 1
73.5 0 0
100 0 1
100 100 0
97.5 100 1
97.5 0 0
94.5 0 1
94.5 84.27667807594938 0
95.70779999999999 84.75989999999999 1
92.6044 92.5471 0
94.5 87.79056963974995 1
94.5 93.28981895674301 0
94.80520000000001 93.40940000000001 1
94.80520000000001 100 1
86.9777 100 1
86.9777 98.65530000000001 1
94.80520000000001 98.65530000000001 0
94.80520000000001 97.00415694179708 1
94.04706349638892 98.65530000000001 0
87.86442202547354 98.65530000000001 1
86.9777 98.34428946600445 0
85.5 100 1
85.5 0 0
82.5 0 1
82.5 61.36942454888272 0
82.55600000000001 61.38249999999999 1
82.23660000000001 64.34610000000001 0
82.5 64.41297923444975 1
82.5 61.90210425798369 0
84.43109999999999 64.9033 1
82.898 69.02860000000001 0
82.5 68.98919763851043 1
82.5 100 0
87.68520000000001 93.19652015930089 1
88.31049836053592 92.32532639825877 0
86.9777 96.75470000000001 1
87.68520000000001 95.76897922278724 1
87.68520000000001 92.17689999999999 1
88.54640000000001 90.14580000000001 0
88.5 90.1092477894737 1
88.5 90.25523223409195 0
87.78639999999999 89.5471 1
90.96780000000001 82.86349999999999 0
91.5 83.07642491139239 1
91.5 0 0
88.5 0 1
88.5 88.04794335198341 0
74.33170000000001 68.75620000000001 1
76.2302 63.4508 0
79.34729999999999 60.63330000000001 1
78.255 64.0043 0
76.5 63.52455261754247 1
76.5 0 0
79.5 0 1
79.5 60.66895395331443 0
70.5 52.78422361020982 1
70.5 9.457867386076593 0
67.5 24.13347707011919 1
67.5 46.23555391520658 0
65.88890000000001 42.7187 1
73.28569999999999 58.8651 0
70.5 59.6275859316797 1
70.5 100 0
67.5 100 1
67.5 60.44872883832404 0
66.3595 60.76090000000001 0
64.5 60.31099143816678 1
64.5 100 0
61.5 100 1
61.5 59.5851373454001 0
58.9452 58.967 0
58.5 58.61073128020757 1
58.5 100 0
55.5 100 1
55.5 56.20999866705107 0
53.0485 54.2482 1
48.25109999999999 47.24930000000001 0
48.25109999999999 47.24930000000001 0