48.25109999999999 47.24930000000001 0
45.23609999999999 46.66500000000001 1
52.8822 36.94750000000001 0
52.5 36.72232501221299 1
52.5 0 0
49.5 0 1
49.5 35.14249983172951 0
49.607 35.0179 1
42.00020000000001 43.8759 0
46.5 38.6359530577904 1
46.5 0 0
43.5 0 1
43.5 42.1294062838513 0
19.5 51.3429274787356 1
19.5 43.38643060617603 0
16.6318 44.7539 1
20.0693 33.7587 0
19.5 35.57966505018182 1
19.5 0 0
22.5 0 1
22.5 35.04316426717253 0
21.7649 33.15470000000001 1
24.7697 40.874 0
22.5 41.95612303296919 1
22.5 55.70381682478143 0
25.5 60.06470617082724 1
25.5 0 0
28.5 0 1
28.5 64.42559551687305 0
32.05929999999999 69.59950000000001 1
19.4208 51.2278 0
16.5 52.16256742954008 1
16.5 0 0
13.5 0 1
13.5 53.12268188058781 0
10.5 54.08279633163554 1
10.5 0 0
7.5 0 1
7.5 55.04291078268326 0
6.943849999999999 55.2209 0
7.5 56.05368323522227 1
7.5 100 0
4.5 100 1
4.5 0 0
1.5 0 1
1.5 100 0
10.5 100 1
10.5 60.5459060270353 0
6.943849999999999 55.2209 1
21.4767 76.98249999999999 0
19.5 74.02257440247439 1
19.5 100 0
16.5 100 1
16.5 69.53035161066137 0
13.5 65.03812881884832 1
13.5 100 0
22.5 76.26859000623665 1
22.5 100 0
25.5 100 1
25.5 74.17562608432709 0
28.5 72.08266216241756 1
28.5 100 0
31.5 100 1
31.5 69.98969824050801 0
32.05929999999999 69.59950000000001 0
31.5 68.78648486291885 1
31.5 0 0
34.5 0 1
34.5 100 0
37.5 100 1
37.5 0 0
40.5 0 1
40.5 100 0
43.5 100 1
43.5 45.16861367471182 0
52.5 53.44799642097803 1
52.5 100 0
49.5 100 1
49.5 49.07131321757619 0
48.25109999999999 47.24930000000001 0