47.5 58.5 0
47.5 63.5 0
48.5 64 1
58.5 64 0
58.5 63.5 1
58.5 68.5 0
58.5 68 1
48.5 68 0
43.5 81.5 1
29.5 81.5 0
29.00000000000002 84.5 1
28.99999999999996 13.5 0
27.99999999999996 13.5 1
28.00000000000002 84.5 0
27.00000000000002 84.5 1
26.99999999999996 13.5 0
25.99999999999996 13.5 1
26.00000000000002 84.5 0
25.00000000000002 84.5 1
24.99999999999996 13.5 0
23.99999999999996 13.5 1
24.00000000000002 84.5 0
23.00000000000002 84.5 1
22.99999999999996 13.5 0
21.99999999999996 13.5 1
22.00000000000002 84.5 0
21.00000000000002 84.5 1
20.99999999999996 13.5 0
19.99999999999996 13.5 1
20 55.5 0
17 55.5 1
16.99999999999999 38.76829537144108 0
13.5 43.61992407621548 1
12.7456492081847 44.5 0
13.5 44.5 1
13.5 42.85162870477441 0
13.99999999999999 42.26829537144108 1
14 55.5 0
15 55.5 1
14.99999999999999 41.10162870477443 0
15.99999999999999 39.93496203810776 1
16 55.5 0
18 55.5 1
17.99999999999996 13.5 0
18.99999999999996 13.5 1
19 55.5 0
20.5 55.5 1
20.5 84.5 1
29.5 84.5 1
29.5 81.5 0
30.00000000000002 81.5 1
29.99999999999996 13.5 0
30.99999999999996 13.5 1
31.00000000000002 81.5 0
32.00000000000003 81.5 1
31.99999999999996 13.5 0
32.5 13.5 0
36.99999999999996 11.5 1
37.00000000000003 81.5 0
48.5 67 1
58.5 67 0
58.5 66 1
48.5 66 0
47.5 63.5 1
47.5 58.5 0
47.5 58.5 0