50.5 65.5 0
50.5 65.5 1
50.5 39.5 1
55.5 39.5 0
54.99999999999967 39.5 1
54.99999999999984 70.5 0
55.99999999999984 70.5 1
55.9999999999998 63.5 0
56.9999999999998 63.5 1
56.99999999999984 70.5 0
57.99999999999984 70.5 1
57.9999999999998 63.5 0
58.9999999999998 63.5 1
58.99999999999984 70.5 0
59.99999999999984 70.5 1
59.9999999999998 63.5 0
60.9999999999998 63.5 1
61.00000000000004 109.5 0
62.00000000000004 109.5 1
61.9999999999998 63.5 0
62.9999999999998 63.5 1
63.00000000000004 109.5 0
63.5 109.5 0
64.00000000000006 112.5 1
63.99999999999979 60.5 0
64.9999999999998 60.5 1
65.00000000000006 112.5 0
66.00000000000006 112.5 1
65.9999999999998 62.70710678118675 0
66.9999999999998 61.70710678118675 1
67.00000000000006 112.5 0
68.00000000000006 112.5 1
67.9999999999998 60.70710678118677 0
69.99999999999983 69.5 1
69.99999999999977 58.70710678118677 0
68.99999999999977 59.70710678118677 1
68.99999999999997 93.5 0
68.06574145408933 93.5 1
69.5 93.5 1
69.5 69.5 1
70.5 69.5 1
70.5 58.5 1
70.20710678118655 58.5 1
65.50000000000001 63.20710678118654 1
65.5 60.5 1
63.5 60.5 1
63.5 63.5 1
55.5 63.5 1
55.5 39.5 1
55.5 37.5 1
72.5 37.5 1
72.5 45.5 1
69.5 45.5 1
69.50000000000001 43.93247919367445 0
69.41897503240935 44 1
55.5 44 0
55.5 45 1
68.21897503240936 45 0
69.50000000000001 43 1
55.5 43 0
55.5 42 1
69.50000000000001 42 0
69.50000000000001 41 1
55.5 41 0
55.5 40 1
69.50000000000001 40 0
69.50000000000001 39 1
55.5 39 0
55.5 38 1
69.50000000000001 38 0
70 37.5 1
70 45.5 0
71 45.5 1
71 37.5 0
72 37.5 1
72 45.5 0
69.50000000000001 43.93247919367445 1
62.81897503240933 49.5 1
62.5 49.5 1
62.5 47.5 1
65.21897503240933 47.5 0
64.43795006481866 47.5 1
62.5 49.11495838734889 0
62.5 47.81325010803111 1
62.87590012963736 47.5 0
62.5 47.5 1
55.5 47.5 0
55.5 47 1
65.81897503240936 47 0
67.01897503240934 46 1
55.5 46 0
53.99999999999984 70.5 1
53.99999999999967 39.5 0
52.99999999999967 39.5 1
52.99999999999984 70.5 0
51.99999999999984 70.5 1
51.99999999999967 39.5 0
50.99999999999967 39.5 1
50.99999999999984 70.5 0
46.9999999999998 63.1666666666664 1
46.99999999999984 70.5 0
46.5 70.5 1
46.5 71.5 1
44.5 71.5 1
44.5 87.5 0
44.5 86.79289321881345 1
44.79289321881345 86.5 0
44.5 86.5 1
45.5 86.5 1
41.5 90.5 1
41.5 93.5 1
42.5 93.5 1
60.5 93.5 1
60.5 92.5 1
60.5 70.5 1
59.5 70.5 1
46.5 70.5 0
47.99999999999984 70.5 1
47.99999999999982 64.49999999999974 0
48.75 65.5 0
50.5 65.5 0