17.4797 83.3682
14.1446 77.8946
2.85335 76.3058
9.79563 88.0106

30.8261 28.8556
11.2006 23.2763
6.78387 42.3768
26.3191 47.4271

42.1997 75.3402
24.7181 70.5352
20.5902 88.796
37.6232 92.383

53.0517 42.5854
44.4998 35.1749
29.6527 53.7785
35.6698 59.7245

56.8977 23.0123
53.6295 17.853
47.3481 23.8691
39.309 28.4323
42.986 33.3037

57.6236 8.35414
56.3229 0.967123
49.8197 2.00531
51.1746 9.30832

65.0019 27.7718
60.9135 25.9078
58.195 31.3606
61.896 33.7419

67.2874 16.1203
60.3016 14.6552
58.5507 22.1685
65.8353 24.3415

77.0164 52.4007
75.388 49.7044
72.8708 51.7267
74.4992 54.423

98.4495 11.8774
89.4799 9.22926
84.357 28.1202
93.433 30.522