48.9303 45.22320000000001 0
51.32726115839661 43.5 1
100 43.5 0
100 46.5 1
39.33571860382879 46.5 0
32.94847135281815 61.5 1
0 61.5 0
0 58.5 1
37.21221607535786 58.5 0
41.11069999999999 55.75700000000001 1
22.8316 68.6183 0
23.97487655404417 70.5 1
0 70.5 0
0 67.5 1
24.42098190773872 67.5 0
28.68472663027843 64.5 1
0 64.5 0
0 49.5 1
34.38640601280835 49.5 0
35.3326 50.43389999999999 1
29.3525 44.53149999999999 0
29.2576523275069 43.5 1
0 43.5 0
0 46.5 1
31.34691360294118 46.5 0
24.71744318181818 40.5 1
26.68843166776186 40.5 0
26.5258 40.31010000000001 0
27.4584 39.5483 1
32.74630000000001 36.38639999999999 1
38.1318 35.7722 1
44.69589999999999 36.52209999999999 1
49.38760000000001 39.21980000000001 0
46.39661298884235 37.5 1
70.00641951794967 37.5 0
73.27709999999999 40.0749 1
62.29430000000001 31.4285 0
62.38512048019984 31.5 1
0 31.5 0
0 34.5 1
16.2222899130808 34.5 0
10.94482298683182 37.5 1
0 37.5 0
0 40.5 1
18.91290370635631 40.5 0
14.53832895255148 37.5 1
14.38377047987877 37.5 0
22.5944 43.0247 1
14.4504 37.4397 1
11.1692 40.4092 0
9.1343 38.5292 1
20.6098 32.0059 1
27.0418 37.7359 0
30.88393704101964 37.5 1
26.77699916230367 37.5 0
23.40945989528796 34.5 1
66.19576999907477 34.5 0
62.29430000000001 31.4285 0
64.39527634823514 28.5 1
51.68426423235589 28.5 0
53.3539 26.7952 1
54.6981 27.8654 0
50.7187 29.4859 1
48.02809999999999 26.8507 0
49.71207335306619 28.5 1
0 28.5 0
0 25.5 1
49.29561794956868 25.5 0
51.705 22.9325 1
53.0515 24.4975 1
55.3134 22.8273 0
57.4188 24.8251 0
56.81484630135184 25.5 1
66.54754851648013 25.5 0
68.69982068472513 22.5 1
36.04248907729716 22.5 0
36.1052 22.9435 1
28.0585 23.4455 0
27.50060609802918 19.5 1
0 19.5 0
0 22.5 1
27.92480625159969 22.5 0
26.9536 15.6315 0
39.4894 8.129619999999999 1
35.7487 6.94628 0
36.88261573142992 4.5 1
0 4.5 0
0 1.5 1
100 1.5 0
100 4.5 1
45.06029050791965 4.5 0
44.127 7.54874 0
43.91040631917218 7.5 1
40.03638999138965 7.5 0
40.6699 6.77079 1
44.127 7.54874 0
44.14192045217237 7.5 1
100 7.5 0
100 10.5 1
0 10.5 0
0 7.5 1
37.49908484628256 7.5 0
35.0003 15.1295 1
26.9536 15.6315 0
27.07640594445866 16.5 1
0 16.5 0
0 13.5 1
100 13.5 0
100 16.5 1
35.19408877015613 16.5 0
35.61828892372664 19.5 1
70.85209285297012 19.5 0
71.6277 18.4189 1
82.74799999999999 26.7321 0
81.49312065608419 28.5 1
100 28.5 0
100 25.5 1
81.09985949694462 25.5 0
77.08685608069095 22.5 1
100 22.5 0
100 19.5 1
73.07385266443728 19.5 0
82.74799999999999 26.7321 0
79.36368005890819 31.5 1
100 31.5 0
100 34.5 1
77.23423946173216 34.5 0
75.10479886455616 37.5 1
100 37.5 0
100 40.5 1
50.79267590403228 40.5 0
49.38760000000001 39.21980000000001 1
52.8689 42.3917 1
48.9303 45.22320000000001 0
48.9303 45.22320000000001 0