48.9303 45.22320000000001 0
43.12438021935584 58.5 1
100 58.5 0
100 61.5 1
45.32672825364949 61.5 0
45.863 62.23050000000001 0
42.62346070261933 64.5 1
100 64.5 0
100 67.5 1
38.34118800284314 67.5 0
34.05891530306697 70.5 1
100 70.5 0
100 73.5 1
29.77664260329079 73.5 0
45.863 62.23050000000001 1
26.9856 75.45529999999999 0
25.79760582126664 73.5 1
0 73.5 0
0 76.5 1
100 76.5 0
100 79.5 1
0 79.5 0
0 82.5 1
100 82.5 0
100 85.5 1
0 85.5 0
0 88.5 1
100 88.5 0
100 91.5 1
0 91.5 0
0 94.5 1
100 94.5 0
100 97.5 1
0 97.5 0
0 100 1
100 100 0
100 55.5 1
0 55.5 0
0 52.5 1
100 52.5 0
100 49.5 1
36.282932358249 49.5 0
35.3326 50.43389999999999 1
43.67789999999999 42.2329 0
42.3885048494086 43.5 1
44.90193465162984 43.5 0
46.8044 45.46939999999999 0
48.9303 45.22320000000001 0