11.5966 28.5023
10.0599 21.8849
5.75945 23.4754
6.52936 29.1241

22.4672 46.3461
19.6671 32.7719
12.2759 34.1647
15.5925 52.289
19.6106 51.9648

31.6594 89.9569
29.1929 77.1143
24.9273 77.8483
21.6729 65.4688
15.5453 73.6237
17.2764 81.1566
21.5421 80.4226
24.877 91.0733

29.2417 96.6274
27.7732 93.9434
25.6464 91.9684
20.1655 95.2675
23.5115 99.4513

48.8898 34.1388
42.3391 34.1728
42.1123 40.4478
48.6138 40.2514

72.2573 66.3355
69.3344 58.2889
60.0648 61.3739
60.9351 64.1943

83.3312 55.4633
73.7461 51.1334
70.7771 57.8532
74.5288 60.0808

86.4788 20.4849
82.3375 18.6969
85.6084 9.71932
79.1857 8.02084
74.2968 17.7499
78.3077 19.4293
73.7473 31.4178
80.3555 33.8222

81.039 68.7374
76.2225 67.6511
74.9677 74.0231
79.8967 75.3531