51.0645 51.8998 0
51.0645 51.8998 1
51.0645 48.07444902099355 1
50.6947 47.0716 1
47.0415 40.43219999999999 0
49.5 39.44823063918481 1
49.5 28.78634535410452 0
48.5386 30.2789 1
50.3488 27.4686 0
49.5 26.64955328066103 1
49.5 21.78351667025978 0
46.5 23.75471332069766 1
46.5 0 0
49.5 0 1
49.5 19.6269209390878 0
52.5 16.30653397589214 1
52.5 0 0
55.5 0 1
55.5 12.98614701269649 0
56.71210000000001 11.6446 1
48.3082 20.946 0
45.65309999999999 22.9375 0
43.5 26.02327509465101 1
43.5 0 0
64.5 0 1
64.5 100 0
67.5 100 1
67.5 91.67817171751221 0
70.5 94.23906839710097 1
70.5 100 0
73.5 100 1
73.5 95.43459906148036 0
74.15870000000001 95.56219999999999 1
77.22980000000001 88.41460000000001 0
76.5 90.1131179512227 1
76.5 100 0
79.5 100 1
79.5 30.66532711484644 0
76.5 31.72672312496064 1
76.5 88.26806480077065 0
73.5 87.66570032051843 1
73.5 27.42335616339318 0
75.203 32.18559999999999 1
71.05350000000001 20.582 0
73.5 19.63559701538462 1
73.5 0 0
76.5 0 1
76.5 18.47507833406593 0
79.5 17.31455965274726 1
79.5 0 0
82.5 0 1
82.5 16.40372776777446 0
82.42850000000001 16.1817 1
86.31610000000001 28.2538 0
85.5 25.71957816390575 1
85.5 0 0
88.5 0 1
88.5 49.17873373031118 0
89.16820000000001 50.8651 1
85.7843 42.325 0
85.5 42.44762247541659 1
85.5 28.54253509461807 0
82.5 29.60393110473225 1
82.5 43.74156347523994 0
80.68940000000001 44.52249999999999 1
84.17850000000001 52.5791 0
82.5 48.70331452523573 1
82.5 100 0
85.5 100 1
85.5 52.12515467262561 0
88.5 51.09463179549873 1
88.5 100 0
91.5 100 1
91.5 0 0
94.5 0 1
94.5 100 0
97.5 100 1
97.5 0 0
100 0 1
100 100 0
77.22980000000001 88.41460000000001 0
70.5 87.06333584026623 1
70.5 0 0
67.5 0 1
67.5 86.46097136001401 0
48.5869 79.86070000000001 1
53.22750000000001 86.88890000000001 0
52.5 85.7870994785157 1
52.5 74.84265218658891 0
49.5 73.90427199189602 1
49.5 81.24359217342584 0
48.5869 79.86070000000001 0
46.5 81.22354485770123 1
46.5 51.81938690323143 0
43.5 51.76653570588107 1
43.5 71.06092038193168 0
49.5 51.87223810058178 1
49.5 71.43968295733038 0
52.5 71.99467338939806 1
52.5 46.48962169015508 0
56.63379999999999 45.157 1
53.5185 37.8399 0
52.5 38.24753587308939 1
52.5 22.9941439795444 0
52.01900000000001 23.5537 1
59.9777 14.2952 0
58.5 13.09579051322881 1
58.5 0 0
61.5 0 1
61.5 100 0
58.5 97.68398062045887 1
58.5 16.01423520047244 0
55.5 19.50418959000842 1
55.5 42.49397301062498 0
56.63379999999999 45.157 0
55.5 45.5225054604233 1
55.5 93.11130734119209 0
53.22750000000001 86.88890000000001 0
52.5 87.25513649393605 1
52.5 88.53863406192528 0
51.867 87.57380000000001 1
58.5008 97.68520000000001 1
52.80549999999999 97.9357 1
58.5008 97.9357 0
58.5008 97.68520000000001 1
58.5008 100 0
58.5008 99.4357 1
43.6747 99.4357 0
43.5 100 1
43.5 72.34312262607907 0
42.2216 74.01830000000001 1
43.9824 71.71100000000001 1
40.17019999999999 66.5737 0
40.5 67.01813668747704 1
40.5 51.71368450853072 0
37.5 51.66083331118035 1
37.5 69.16883385740687 0
36.32850000000001 70.3074 1
39.6917 75.73869999999999 0
40.5 75.18903427408199 1
40.5 100 0
43.6747 97.39959373123079 1
44.00395581444114 97.9357 0
43.6747 97.9357 1
43.6747 83.0686 0
43.6747 85.93479874624617 1
51.04519116288823 97.9357 0
47.52457348866469 97.9357 1
43.6747 91.66719623873848 0
37.5 100 1
37.5 72.1992791478354 0
22.5 58.19870829205944 1
22.5 100 0
19.5 100 1
19.5 83.22057891010513 0
21.9789 73.38050000000001 1
18.2501 88.18209999999999 0
10.5 100 1
10.5 0 0
7.5 0 1
7.5 100 0
4.5 100 1
4.5 0 0
1.5 0 1
1.5 100 0
16.5 87.81144211280582 1
16.5 100 0
13.5 100 1
13.5 87.17606489917085 0
11.4118 86.7338 1
15.2327 72.15379999999999 0
13.5 78.76553179093932 1
13.5 0 0
16.5 0 1
16.5 72.38424038273399 0
19.5 72.92974748302748 1
19.5 61.64860129521017 0
21.3597 62.3141 1
27.6187 39.7251 0
23.7779 38.5299 0
22.5 43.23563426815277 1
22.5 0 0
19.5 0 1
19.5 54.28282325356498 0
17.6769 60.9962 1
23.7779 38.5299 0
25.5 39.06579198083733 1
25.5 0 0
28.5 0 1
28.5 100 0
25.5 100 1
25.5 47.37157935772488 0
34.5 50.87962536156022 1
34.5 0 0
31.5 0 1
31.5 100 0
34.5 100 1
34.5 51.60798211382999 0
32.7073 51.57640000000001 0
37.5 49.71360543891873 1
37.5 0 0
40.5 0 1
40.5 48.54758551627727 0
43.5 47.38156559363578 1
43.5 28.83159960292411 0
46.5 31.32743539677045 1
46.5 46.21554567099432 0
47.0415 40.43219999999999 1
47.0415 40.98995248389109 1
51.0645 51.8998 0
51.0645 51.8998 0