67.1063 69.79069999999999 0
67.1063 69.79069999999999 1
67.1063 100 0
67.1063 99.97040000000001 1
85.18260000000001 99.97040000000001 0
98.5 100 1
98.5 0 0
95.5 0 1
95.5 100 0
92.5 100 1
92.5 0 0
89.5 0 1
89.5 100 0
86.5 100 1
86.5 0 0
83.5 0 1
83.5 88.16950857581926 0
80.5 80.42561562886681 1
80.5 0 0
78.91999999999999 0 1
78.91999999999999 20.7065 0
78.91999999999999 6.985424134842614 1
75.39558817237236 4.020630000000001 0
70.73530583740882 4.020630000000001 1
78.91999999999999 10.90573152488758 0
78.91999999999999 14.82603891493255 1
66.0750235024453 4.020630000000001 0
61.41474116748176 4.020630000000001 1
78.91999999999999 18.74634630497751 0
78.91999999999999 20.7065 1
76.5385 23.5642 0
77.5 22.41044037371405 1
77.5 72.68172268191435 0
75.16139999999999 66.64510000000001 0
74.5 66.90338355203536 1
74.5 21.92786910085376 0
71.5 19.5197294405944 1
71.5 68.074914631724 0
67.1063 69.79069999999999 0