67.1063 69.79069999999999 0
67.1063 82.37848736536785 1
72.11768575668358 95.47040000000001 0
76.93610000000001 95.47040000000001 1
85.18260000000001 95.47040000000001 0
85.18260000000001 94.10635441909582 1
81.37931291488829 95.47040000000001 0
75.32996191889453 95.47040000000001 1
67.1063 73.98662912178929 0
67.1063 69.79069999999999 0
68.5 69.24644571141263 1
68.5 17.11158978033504 0
65.5 16.19662642298864 1
65.5 100 0
62.5 100 1
62.5 18.39221985448808 0
59.5 15.63547020511922 1
59.5 100 0
56.5 100 1
56.5 12.87872055575035 0
53.7685 10.3687 0
53.7685 8.032392110602078 1
57.12809253067022 4.020630000000001 0
53.7685 10.3687 1
53.7685 4.020630000000001 1
78.91999999999999 4.020630000000001 0
78.91999999999999 1.5 1
53.7685 1.5 0
53.5 0 1
53.5 100 0
50.5 100 1
50.5 0 0
47.5 0 1
47.5 100 0
44.5 100 1
44.5 0 0
41.5 0 1
41.5 100 0
38.5 100 1
38.5 0 0
35.5 0 1
35.5 100 0
32.5 100 1
32.5 0 0
29.5 0 1
29.5 100 0
26.5 100 1
26.5 0 0
23.5 0 1
23.5 100 0
20.5 100 1
20.5 0 0
17.5 0 1
17.5 100 0
14.5 100 1
14.5 0 0
11.5 0 1
11.5 100 0
8.5 100 1
8.5 0 0
5.5 0 1
5.5 100 0
2.5 100 1
2.5 0 0
0 0 1
0 100 0
67.1063 90.77034560894643 1
68.90540959447262 95.47040000000001 0
67.1063 96.97040000000001 1
85.18260000000001 96.97040000000001 0
85.18260000000001 92.5128 1
75.16139999999999 66.64510000000001 0
67.1063 69.79069999999999 0