12.2465 48.1443
6.92353 46.0996
4.25384 52.0211
9.83688 55.1072

19.7636 15.2102
19.4663 2.41819
5.43738 4.0398
5.92166 13.7351

18.5314 77.925
11.4654 76.2186
10.4182 81.6097
8.98207 87.17
6.97077 92.8264
13.814 94.5526
15.6987 89.4911
17.4308 83.7249

30.6796 43.6706
27.9389 38.2495
21.4636 42.3201
13.7996 44.8168
16.3072 49.9629
23.8414 48.0852

32.2645 25.8763
32.1847 22.707
29.3043 21.9889
29.3207 25.5324

20.928 62.4735
17.0536 60.2916
15.3596 63.623
19.234 65.8049

47.1429 91.9377
35.7792 77.9309
29.2147 82.8866
40.5784 96.8934

62.5913 25.1101
51.957 18.1666
50.4376 21.7192
61.4573 26.998

64.0122 83.9547
52.3924 80.2159
51.3075 83.7533
62.7068 87.4556

89.1121 56.2759
86.3967 47.2856
72.0985 52.1759
74.7867 60.9278

82.3818 34.3855
81.951 31.8538
75.7027 32.9058
76.0127 46.4924

96.4026 13.4593
86.2643 6.46316
84.1111 9.85783
94.2498 16.6304