58.669 23.5303 0
59.5 23.5876830399406 1
59.5 93.52480281720509 0
80.5 100 1
80.5 0 0
83.5 0 1
83.5 100 0
86.5 100 1
86.5 0 0
89.5 0 1
89.5 100 0
92.5 100 1
92.5 0 0
95.5 0 1
95.5 100 0
98.5 100 1
98.5 0 0
71.5 0 1
71.5 86.5790822194829 0
74.5 86.5285259444193 1
74.5 0 0
77.5 0 1
77.5 100 0
74.5 100 1
74.5 91.41568723448441 0
71.5 91.21726252818323 1
71.5 100 0
68.5 100 1
68.5 0 0
65.5 0 1
65.5 10.78322888075934 0
66.77770000000001 10.6182 1
68.36590000000001 24.1999 0
65.5 24.00200101785106 1
65.5 100 0
62.5 100 1
62.5 23.79484202889584 0
11.5 47.15175513078006 1
11.5 100 0
14.5 100 1
14.5 43.99635655747166 0
17.5 40.84095798416327 1
17.5 100 0
20.5 100 1
20.5 37.68555941085486 0
23.5 34.53016083754646 1
23.5 100 0
26.5 100 1
26.5 31.37476226423806 0
29.5 28.21936369092966 1
29.5 100 0
32.5 100 1
32.5 25.06396511762126 0
32.8835 24.6606 1
11.225 47.441 0
8.5 44.90699714421146 1
8.5 100 0
5.5 100 1
5.5 42.11726922958188 0
2.5 39.32754131495228 1
2.5 100 0
0 100 1
0 0 0
2.5 0 1
2.5 11.50277363570941 0
2.29581 11.9472 0
2.5 14.2492711963445 1
2.5 36.41633361760657 0
5.5 33.42623192211212 1
5.5 17.84711753208016 0
2.65691 16.0183 1
2.29581 11.9472 1
5.047129999999999 5.95886 0
2.94975 4.086270000000001 0
2.94975 2.573630022212696 1
9.614650000000001 1.706570022212696 0
2.94975 0 1
9.614650000000001 0 1
9.614650000000001 3.21921 1
8.916 5.870369999999999 0
11.9675 8.45065 0
11.5 9.190255229896472 1
11.5 27.44602853112322 0
8.5 30.43613022661767 1
8.5 13.93638504741394 0
5.87541 18.0886 1
11.9675 8.45065 0
11.5 8.055342479108635 1
11.5 0 0
14.5 0 1
14.5 24.45592683562877 0
17.5 21.46582514013432 1
17.5 0 0
20.5 0 1
20.5 18.47572344463987 0
23.4631 15.5224 0
23.5 15.55819461381682 1
23.5 0 0
26.5 0 1
26.5 18.46832581843658 0
29.5 21.37845702305635 1
29.5 0 0
32.5 0 1
32.5 24.28858822767611 0
35.5 0 1
35.5 100 0
38.5 100 1
38.5 0 0
41.5 0 1
41.5 100 0
44.5 100 1
44.5 0 0
47.5 0 1
47.5 100 0
53.5 91.65266256006856 1
53.5 100 0
56.5 100 1
56.5 94.7840564031678 0
54.90819999999999 95.0831 1
51.64109999999999 87.12430000000001 0
53.5 86.68263089271213 1
53.5 0 0
56.5 0 1
56.5 85.96983982172196 0
56.9362 85.86619999999999 1
59.7191 94.17930000000001 0
59.5 94.22046123386477 1
59.5 100 0
50.5 100 1
50.5 0 0
59.5 8.415617154406597 1
59.5 0 0
62.5 0 1
62.5 9.967508001972178 0
59.9913 7.864129999999999 1
56.86190000000001 11.3769 0
57.86499999999999 12.5287 1
58.669 23.5303 0
58.669 23.5303 0