16.1542 30.1082
15.2099 16.456
10.1813 16.8165
8.51509 4.43895
1.23979 5.25546
1.67826 19.9204
6.80338 19.3095
8.41248 31.0898

38.1593 34.0977
28.9828 21.7516
7.69609 36.9879
16.306 49.565

35.5127 4.02165
34.6736 0.64219
28.651 2.90029
29.7178 5.61813

37.2201 75.0641
33.1657 62.8593
21.0229 67.0408
22.7405 77.0772

52.4425 73.6159
49.6115 67.3524
37.8423 73.0534
39.6536 76.9845
28.5353 83.327
37.9966 87.1395
44.8264 83.5208
43.0151 79.5896

46.815 10.3639
40.0841 10.092
39.1778 18.5713
43.699 18.4245

68.4102 87.9177
62.8493 76.2179
51.7021 81.0409
60.3534 91.2745

78.0461 82.4605
70.7356 79.6753
68.3907 84.5632
76.2274 87.8543

78.1529 65.2267
69.3905 48.8288
53.086 57.2436
62.3656 74.0291

88.6373 24.2144
86.6023 17.7718
73.7539 20.8825
74.8015 24.8855
63.1614 27.8024
77.7838 28.5423
77.5875 27.394

89.4306 10.5043
86.2284 8.52194
83.1088 13.4305
86.576 15.3699

94.2916 6.55123
90.6084 4.28098
88.1154 8.45242
89.3394 9.77767
91.4611 10.6867

89.1678 72.3584
86.8553 54.9152
78.4685 56.4951
81.1774 73.4722

87.2736 41.8639
82.0809 34.3665
81.1247 34.8828
83.3879 42.3655