48.46210000000001 54.01609999999999 0
48.46210000000001 54.01609999999999 1
24.0101 72.91239999999999 0
27.13176957552537 70.5 1
46.10792505576306 70.5 0
48.16021695065133 73.5 1
0 73.5 0
0 76.5 1
50.21250884553962 76.5 0
51.6015 78.53039999999999 0
52.990363513749 76.5 1
100 76.5 0
100 79.5 1
0 79.5 0
0 82.5 1
100 82.5 0
100 85.5 1
0 85.5 0
0 88.5 1
4.306889357484621 88.5 0
3.98452 88.333 1
9.632739999999998 91.25899999999999 0
3.98452 88.333 0
4.43835 85.9855 1
10.1133 88.107 0
10.05338246192893 88.5 1
100 88.5 0
100 91.5 1
0 91.5 0
0 94.5 1
100 94.5 0
100 97.5 1
0 97.5 0
0 100 1
100 100 0
52.04791507838722 70.5 1
100 70.5 0
100 73.5 1
55.04246681420555 73.5 0
55.5269 72.79179999999999 1
41.2351 63.377 0
42.93982993584569 64.5 1
100 64.5 0
100 67.5 1
47.49387250711645 67.5 0
42.65988883696808 58.5 1
100 58.5 0
100 61.5 1
38.7778590216074 61.5 0
34.89582920624673 64.5 1
42.00334126598651 64.5 0
44.05563316087479 67.5 1
31.01379939088605 67.5 0
46.54191865232876 55.5 1
100 55.5 0
100 52.5 1
47.13593390207392 52.5 0
44.5117677561876 49.5 1
100 49.5 0
100 46.5 1
0 46.5 0
0 43.5 1
100 43.5 0
100 40.5 1
0 40.5 0
0 37.5 1
36.15677956767738 37.5 0
35.03633051998645 34.5 1
0 34.5 0
0 31.5 1
33.91588147229554 31.5 0
32.79543242460461 28.5 1
0 28.5 0
0 25.5 1
31.67498337691369 25.5 0
30.55453432922278 22.5 1
0 22.5 0
0 19.5 1
29.43408528153185 19.5 0
27.824 15.189 0
50.3562 12.1315 0
50.55025948442311 13.5 1
0 13.5 0
0 16.5 1
28.31363623384093 16.5 0
27.824 15.189 1
40.88420000000001 14.1633 0
49.57325785472497 10.5 1
0 10.5 0
0 7.5 1
83.61808996496484 7.5 0
83.08420000000001 8.377220000000001 1
89.9479 13.0084 0
86.23029345479986 10.5 1
57.91350246519774 10.5 0
57.85760000000001 9.882159999999999 1
53.88379999999999 10.1806 0
53.0849 8.992380000000001 1
45.6396 12.1888 0
41.79379501352248 16.5 1
50.9756730417993 16.5 0
51.4010865991755 19.5 1
42.96158935621409 19.5 0
44.12938369890568 22.5 1
83.81963535569224 22.5 0
79.91869535337125 19.5 1
58.72782686436197 19.5 0
76.01775535105025 16.5 1
58.4563853979739 16.5 0
58.18494393158582 13.5 1
73.82770468024515 13.5 0
76.0102 11.0502 1
86.71969999999999 19.5127 0
86.70362784047268 19.5 1
100 19.5 0
100 16.5 1
82.90705472378139 16.5 0
79.11048160709009 13.5 1
100 13.5 0
100 10.5 1
91.28412979941328 10.5 0
92.88223592213686 7.5 1
100 7.5 0
87.0814 1.80953 1
93.74850000000001 5.87383 0
91.49486173683044 4.5 1
100 4.5 0
100 1.5 1
0 1.5 0
0 4.5 1
85.44393740904337 4.5 0
76.0102 11.0502 0
73.13210000000001 14.2808 1
84.33690000000001 22.8978 0
84.61691472334644 22.5 1
100 22.5 0
100 25.5 1
45.29717804159729 25.5 0
46.46497238428888 28.5 1
100 28.5 0
100 31.5 1
47.63276672698049 31.5 0
48.80056106967209 34.5 1
100 34.5 0
100 37.5 1
42.53113797798134 37.5 0
36.9796 39.70310000000001 1
48.97320000000001 34.9435 0
39.61111557696394 49.5 1
0 49.5 0
0 52.5 1
36.01775802426658 52.5 0
32.42440047156923 55.5 1
0 55.5 0
0 58.5 1
28.83104291887188 58.5 0
25.23768536617452 61.5 1
0 61.5 0
0 64.5 1
21.64432781347717 64.5 0
18.7706 66.89920000000001 0
21.90809610856117 70.5 1
0 70.5 0
0 67.5 1
19.29409690680503 67.5 0
18.7706 66.89920000000001 1
42.4434 47.1354 0
48.46210000000001 54.01609999999999 0