39.8991 50.2137 0
63.52276825897518 76.81710000000001 1
68.81140833323377 81.27293193692989 0
68.75200000000001 83.18430000000001 0
68.09685745748988 83.9537 1
68.13841055870446 83.9049 0
68.75200000000001 83.18430000000001 1
68.13841055870446 83.9049 1
69.09950000000001 83.9049 1
74.5736 83.88 0
73.11108526070865 85.5 1
100 85.5 0
100 88.5 1
75.37012670294237 88.5 0
74.81673105579685 82.5 1
100 82.5 0
100 79.5 1
75.3452768292683 79.5 0
75.41730000000001 79.09119999999999 1
73.37129999999999 78.63749999999999 1
73.4563 77.07980000000001 0
69.31979999999999 76.81710000000001 1
68.94990261576228 76.81710000000001 1
68.7296026157623 83.9049 0
69.09950000000001 83.9049 1
69.31979999999999 76.81710000000001 0
68.17880171372914 76.81710000000001 1
68.93022499970132 77.45019581078972 0
68.94990261576228 76.81710000000001 1
61.1947515315982 76.81710000000001 1
60.092 75.88800000000001 0
60.81838460589614 76.5 1
100 76.5 0
100 73.5 1
57.91040938345864 73.5 0
55.16971765413534 70.5 1
100 70.5 0
100 67.5 1
0 67.5 0
0 70.5 1
52.831297256799 70.5 0
50.01314493540204 73.5 1
0 73.5 0
0 76.5 1
48.26712018800006 76.5 0
52.12750341889746 79.5 1
0 79.5 0
0 82.5 1
13.2723474275205 82.5 0
13.07457949898334 85.5 1
0 85.5 0
0 100 1
100 100 0
100 97.5 1
0 97.5 0
0 94.5 1
72.07097108148761 94.5 0
73.09110000000001 95.97710000000001 0
75.87928823632282 94.5 1
100 94.5 0
100 91.5 1
78.8764201983237 91.5 0
79.56729999999999 92.5462 1
73.09110000000001 95.97710000000001 0
69.99908241075633 91.5 1
0 91.5 0
0 88.5 1
12.87681157044619 88.5 0
12.8548 88.8339 1
17.7029 89.3246 0
17.85480606359792 88.5 1
63.70865311158967 88.5 0
64.0198 88.74180000000001 0
66.46659518298441 85.86828150343692 1
69.28032114553517 83.9537 0
71.94669999999999 83.9537 1
68.09685745748988 83.9537 1
65.27490801619433 87.26779999999999 0
67.92719374002502 88.5 1
64.22569221052632 88.5 0
64.0198 88.74180000000001 1
47.6474 76.01840000000001 0
18.4074597026881 85.5 1
59.84826988069227 85.5 0
55.98788664979486 82.5 1
16.94265393022278 82.5 0
24.0118171064389 55.5 1
0 55.5 0
0 58.5 1
100 58.5 0
100 61.5 1
0 61.5 0
0 64.5 1
100 64.5 0
86.43260000000001 53.6127 1
83.2048196389247 53.6127 1
83.23621796845552 53.6918 1
77.1140777288789 53.6918 0
79.09473275429929 53.6918 1
63.16641556830508 35.21980000000001 0
72.78416200632049 41.7795446185818 1
67.12772561914588 35.21980000000001 0
71.08903566998669 35.21980000000001 1
71.87866950283779 36.1355349134943 0
71.79329999999999 35.21980000000001 1
72.2884 40.53060000000001 1
74.28919999999999 45.5711 1
77.9134 49.4435 1
82.6591 52.2379 0
80.91864966134918 51.21307448925852 1
83.05604280514009 53.6918 0
83.2048196389247 53.6127 1
82.6591 52.2379 1
86.43260000000001 53.6127 1
90.43180000000001 53.6918 1
90.43459999999999 48.49079999999999 1
91.1404 48.2047 1
91.1404 40.4785 0
91.1404 48.2047 1
89.8929 40.4785 1
79.07320000000001 41.36490000000001 0
79.01518955936618 40.5 1
89.63046368456679 40.5 0
89.8929 40.4785 1
100 40.4785 0
98.5 40.4785 1
98.5 53.6918 0
95.5 53.6918 1
95.5 40.4785 0
92.5 40.4785 1
92.5 53.6918 0
90.43180000000001 53.6918 1
100 53.6918 0
100 55.5 1
78.67327993414713 55.5 0
79.1046 56.00020000000001 0
77.6293 57.3394 0
76.09886754575666 55.5 1
34.57017437255847 55.5 0
39.8991 50.2137 0