39.8991 50.2137 0
33.6849 58.2841 1
20.4648 54.4791 0
20.90940854568134 52.5 1
0 52.5 0
0 49.5 1
30.76971079887494 49.5 0
31.12645609756098 50.5508 1
21.3473 50.5508 0
9.796296186439498 47.1477 1
3.40156 28.45032234979796 0
3.40156 37.7207670493939 1
6.625688559318494 47.1477 0
11.3816 47.1477 0
13.31086134335285 46.5 1
29.75121451408421 46.5 0
22.24676381372269 43.5 1
28.73271822929348 43.5 0
28.0691 41.5453 1
11.3816 47.1477 1
0 47.1477 1
0 14.3646 0
0 13.5 1
73.77738376022981 13.5 0
74.23519999999999 12.2239 1
81.584 15.4409 0
77.150277301834 13.5 1
100 13.5 0
100 16.5 1
81.08159867902611 16.5 0
79.65849985651491 19.5 1
100 19.5 0
100 22.5 1
66.51544694119877 22.5 0
66.1831 25.2032 1
48.9376 22.2279 0
49.4788928723686 19.5 1
33.16787587470814 19.5 0
32.51039493376403 16.5 1
50.07417811636795 16.5 0
50.5108 14.2996 1
67.15639999999999 17.2867 0
66.88428417987748 19.5 1
78.85509959023489 19.5 0
79.50120000000001 19.8316 1
72.7491 16.3662 0
73.00980034628037 16.5 1
62.77251813464564 16.5 0
55.14860907421961 7.5 1
100 7.5 0
100 10.5 1
54.87587399705473 10.5 0
54.83150000000001 10.9881 1
43.5351 10.7693 0
43.70710851549151 10.5 1
0 10.5 0
0 7.5 1
45.62328210061787 7.5 0
47.53945568574424 4.5 1
0 4.5 0
0 1.5 1
100 1.5 0
100 4.5 1
52.26328268430797 4.5 0
55.2445 6.44523 1
51.0224 3.69033 1
48.12179999999999 3.58827 0
8.107368115233715 14.3646 1
3.40156 15.91735612003755 0
3.40156 19.07645367202253 1
17.68138086914023 14.3646 0
27.25539362304674 14.3646 1
3.40156 22.23555122400751 0
3.40156 23.8151 1
3.40156 47.1477 0
3.45508093219749 47.1477 1
3.40156 46.99121174898984 0
1.90156 47.1477 1
1.90156 14.3646 0
3.40156 14.3646 1
32.0424 14.3646 0
33.82535681565227 22.5 1
50.51475206869895 22.5 0
57.97819480725988 31.5 1
100 31.5 0
76.78829999999999 35.51860000000001 1
77.2586 37.0282 1
78.76419999999999 36.75790000000001 0
78.81397401779901 37.5 1
100 37.5 0
100 34.5 1
60.56508044812078 34.5 0
57.63 31.0962 0
57.28489272326351 31.5 1
35.79779963848465 31.5 0
35.14031869754052 28.5 1
100 28.5 0
100 25.5 1
34.4828377565964 25.5 0
36.45528057942877 34.5 1
58.62627782133032 34.5 0
37.1127615203729 37.5 1
61.12236206767695 37.5 0
63.61844631402357 40.5 1
37.77024246131703 40.5 0
38.42772340226115 43.5 1
66.11453056037018 43.5 0
68.6106148067168 46.5 1
39.08520434320526 46.5 0
39.74268528414939 49.5 1
71.10669905306344 49.5 0
73.60278329941005 52.5 1
34.40820017581197 52.5 0
32.1127 53.4558 0
26.64168788625765 50.5508 1
31.62640285051293 52.02340258211353 0
32.1127 53.4558 1
39.8991 50.2137 0
39.8991 50.2137 0