60.5 43.5 0
55.75968757625672 43.50000000000001 1
51.50000000000001 48.82460947032089 1
51.5 75.5 1
21.5 75.5 1
21.5 52.5 1
24.06752080632556 52.5 0
23 52.5 1
23 75.5 0
22 75.5 1
22 52.5 0
24 52.5 1
24 75.5 0
25 75.5 1
25 14.5 0
26 14.5 1
26 75.5 0
27 75.5 1
27 14.5 0
28 14.5 1
28 75.5 0
29 75.5 1
29 14.5 0
30 14.5 1
30 75.5 0
31 75.5 1
31 14.5 0
32 14.5 1
32 75.5 0
33 75.5 1
33 17.5 0
34 17.5 1
34 75.5 0
35 75.5 1
35 17.5 0
35.5 33.5 0
36 33.5 1
36 75.5 0
37 75.5 1
37 33.5 0
38 33.5 1
38 75.5 0
39 75.5 1
39 33.5 0
55 44.44960947032091 1
55 17.5 0
56 17.5 1
56 43.5 0
57 43.5 1
57 17.5 0
58 17.5 1
58 43.5 0
59 43.5 1
59 17.5 0
60 17.5 1
60 43.5 0
60.5 43.5 0