46.7675 45.6854 0
50.5 46.55838467106894 1
50.5 23.15007342145245 0
48.96810000000001 19.9868 0
50.5 19.10308221404276 1
50.5 0 0
55.27160000000001 5.252998825011783 1
57.6481277429841 2.09407 0
55.27160000000001 1.5 1
72.3655 1.5 0
72.3655 2.09407 1
63.2794 2.09407 0
61.40230924766136 2.09407 1
55.27160000000001 10.24313294167059 0
55.0538 16.4761 1
55.27160000000001 16.83616349198217 1
55.27160000000001 0 0
53.5 0 1
53.5 17.37245139096571 0
48.96810000000001 19.9868 1
55.5501 33.5782 0
56.5 33.03321545142451 1
56.5 100 0
53.5 100 1
53.5 58.32472531271546 0
54.83669999999999 55.1563 1
52.8061 59.9695 0
50.5 58.65735373958387 1
50.5 85.09898721319158 0
86.5 72.4500812581359 1
86.5 0 0
89.5 0 1
89.5 69.94972327844312 0
65.5 18.25613938356427 1
65.5 100 0
68.5 100 1
68.5 14.1151652155222 0
98.5 0 1
98.5 100 0
95.5 100 1
95.5 0 0
92.5 0 1
92.5 72.77991960380757 0
90.11410000000001 69.43790000000001 1
93.61240000000001 74.3381 0
92.5 75.26548381816241 1
92.5 100 0
89.5 100 1
89.5 77.7665189264753 0
86.5 80.26755403478816 1
86.5 100 0
83.5 100 1
83.5 81.03597350330276 0
84.2414 82.15049999999999 1
80.89570000000001 77.12100000000001 0
83.5 74.9504392378287 1
83.5 0 0
80.5 0 1
80.5 100 0
77.5 100 1
77.5 0 0
72.3655 3.192656171837502 1
70.87242716033583 2.09407 0
65.81040905344528 2.09407 1
72.3655 6.917232057279167 0
72.3655 8.779520000000002 0
71.5 9.974191047480137 1
71.5 100 0
74.5 100 1
74.5 0 0
72.3655 0 1
72.3655 8.779520000000002 1
64.5496 19.568 1
62.8614 18.32526790687648 0
60.28383139249132 16.4278462561368 1
62.8614 20.68904163558215 0
62.8614 26.48534721186071 1
55.27160000000001 13.93801070384289 0
55.27160000000001 12.7382 1
62.8614 18.32526790687648 1
62.8614 29.3835 0
62.5 29.59084542147087 1
62.5 100 0
59.5 100 1
59.5 31.31203043644769 0
55.5501 33.5782 0
53.5 29.34487743239137 1
53.5 47.26004683133867 0
46.7675 45.6854 0