46.7675 45.6854 0
47.5 45.85672251079919 1
47.5 0 0
44.5 0 1
44.5 38.01821543925318 0
41.5 37.16715112970145 1
41.5 0 0
38.5 0 1
38.5 61.80161267544518 0
41.5 59.69296600243662 1
41.5 47.047638436574 0
35.5 60.8381048782737 1
35.5 100 0
32.5 100 1
32.5 65.7117894702902 0
34.29770000000001 66.22749999999999 1
36.4665 56.5057 0
35.5 56.41708029448321 1
35.5 0 0
32.5 0 1
32.5 56.14200619562099 0
29.5 55.86693209675877 1
29.5 0 0
26.0088 1.545081964262693 1
24.977 1.63086 1
26.0088 19.5634 0
26.5 55.88442839708989 1
26.5 0 0
26.0088 0.03990739790885026 1
17.2204 0.7705254336461578 0
17.2204 0 1
17.2204 2.2757 1
18.2791 20.1119 0
17.5 6.986195437801078 1
17.5 62.74051814500949 0
17.3959 62.65900000000001 0
14.5 67.50659316646801 1
14.5 0 0
0 0 1
0 100 0
2.5 100 1
2.5 0 0
5.5 0 1
5.5 100 0
8.5 100 1
8.5 0 0
11.5 0 1
11.5 72.52844457687723 0
9.014289999999999 76.68940000000001 1
17.3959 62.65900000000001 0
20.5 65.08974422597441 1
20.5 19.95430479578768 0
23.5 19.74142460638835 1
23.5 58.0723232170423 0
23.6446 57.1322 1
22.9968 61.3439 0
23.5 61.39191245629726 1
23.5 67.43897030693935 0
26.5 69.78819638790426 1
26.5 61.67815524026344 0
29.5 61.96439802422961 1
29.5 72.1374224688692 0
31.4736 73.68289999999999 1
21.7985 87.60570000000001 0
11.5 100 1
11.5 78.81192114702435 0
14.5 81.37358901699832 1
14.5 100 0
17.5 100 1
17.5 83.9352568869723 0
20.5 86.49692475694627 1
20.5 100 0
23.5 100 1
23.5 85.15718327149074 0
26.5 80.84008060588522 1
26.5 100 0
29.5 100 1
29.5 76.52297794027967 0
44.5 65.51103062220415 1
44.5 100 0
41.5 100 1
41.5 67.61066461976412 0
41.0523 67.92400000000001 1
37.5017 62.5033 0
38.5 64.02740432321298 1
38.5 100 0
50.5 91.90060787408402 1
50.5 100 0
47.5 100 1
47.5 56.76752235977553 0
47.4457 63.4494 1
43.4936 58.29170000000001 0
44.5 59.60510534905494 1
44.5 53.84246181818182 0
45.34780000000001 55.2606 1
42.8398 51.0654 1
40.7137 44.6897 1
41.0881 37.05029999999999 0
45.52290000000001 38.30840000000001 1
45.4192 40.18429999999999 1
47.10509999999999 40.64 0
46.7675 45.6854 0