59.6443 64.1455 0
59.6443 64.1455 1
62.1313 67.35310000000001 1
62.7071 72.5018 0
61.5 73.0599849488149 1
61.5 100 0
58.5 100 1
58.5 74.44723939869039 0
58.3699 74.50739999999999 1
59.6443 64.1455 0
61.5 66.53888291917974 1
61.5 0 0
64.5 0 1
64.5 100 0
67.5 100 1
67.5 0 0
70.5 0 1
70.5 100 0
73.5 100 1
73.5 0 0
76.5 0 1
76.5 100 0
79.5 100 1
79.5 0 0
82.5 0 1
82.5 100 0
85.5 100 1
85.5 0 0
88.5 0 1
88.5 100 0
91.5 100 1
91.5 0 0
94.5 0 1
94.5 100 0
97.5 100 1
97.5 0 0
100 0 1
100 100 0
1.5 100 1
1.5 0 0
4.5 0 1
4.5 100 0
7.5 100 1
7.5 0 0
10.5 0 1
10.5 100 0
13.5 100 1
13.5 0 0
16.5 0 1
16.5 100 0
19.5 100 1
19.5 0 0
22.5 0 1
22.5 100 0
25.5 100 1
25.5 0 0
28.5 0 1
28.5 100 0
31.5 100 1
31.5 0 0
34.5 0 1
34.5 100 0
37.5 100 1
37.5 0 0
40.5 0 1
40.5 100 0
43.5 100 1
43.5 0 0
46.5 0 1
46.5 100 0
49.5 100 1
49.5 0 0
52.5 0 1
52.5 100 0
55.5 100 1
55.5 0 0
58.5 0 1
58.5 73.44958205430007 0
59.6443 64.1455 0