57.2589 50.3171 0
57.2589 50.3171 1
87.792 45.89830000000001 0
87.8673315096998 46.5 1
83.63436302389789 46.5 0
92.88035445710818 50.3171 1
90.01673046664541 27.4443 0
86.99331015554847 27.4443 1
89.85693414601124 50.3171 0
62.90491158911921 49.5 1
88.24292487699145 49.5 0
88.34522399046278 50.3171 1
100 50.3171 1
100 27.4443 1
85.48159999999999 27.4443 1
54.3282 32.6056 0
54.64166402506847 34.5 1
0 34.5 0
0 31.5 1
61.00155730145505 31.5 0
55.57761502870652 25.5 1
100 25.5 0
100 25.2966 1
100 4.764089999999999 0
100 4.5 1
0 4.5 0
0 7.5 1
26.30694068559875 7.5 0
25.8792 8.695440000000001 1
35.5622 6.363020000000001 0
30.84204782329083 7.5 1
80.10920168898181 7.5 0
81.4041 4.764089999999999 1
89.8263 7.97603 0
88.57807622682864 7.5 1
90.02073206747815 7.5 0
100 10.83657924529178 1
94.0938770012082 25.2966 0
100 18.77055695779309 1
97.33447043012484 25.2966 0
99.08699139993621 27.4443 1
100 34.73682973752481 0
95.9037747682051 50.3171 1
93.04015077774233 27.4443 0
96.06357108883927 27.4443 1
98.92719507930204 50.3171 0
100 52.5 1
35.56460257745378 52.5 0
33.76251978651393 49.5 1
57.12369547356238 49.5 0
56.13088289416481 43.5 1
0 43.5 0
4.75061 26.5182 1
4.75061 14.7068 0
7.75061 14.7068 1
7.75061 26.5182 0
8.825959999999998 26.5182 0
15.5974 25.3436 0
43.33077198896771 19.5 1
14.63978312650421 19.5 0
15.13140654708183 22.5 1
45.80580812633957 22.5 0
48.08013818467649 25.5 1
14.69577117657074 25.5 0
15.5974 25.3436 1
8.825959999999998 26.5182 1
0 26.5182 1
0 14.7068 0
0 13.5 1
41.96400471345994 13.5 0
46.41549999999999 11.3046 1
40.27679999999999 14.3321 0
42.04791249327596 16.5 1
14.1481597059266 16.5 0
13.8543 14.7068 1
9.250610000000002 14.7068 1
9.250610000000002 15.7266 1
13.8543 14.7068 0
0 1.5 1
100 1.5 0
99.23968436597215 4.764089999999999 1
90.85328357229156 25.2966 0
87.61269014337495 25.2966 1
95.99909093705551 4.764089999999999 0
92.7584975081389 4.764089999999999 1
84.37209671445831 25.2966 0
82.7518 25.2966 1
73.70179999999999 21.0378 0
76.80899216680754 22.5 1
59.1907862546437 22.5 0
79.10943709918044 28.5 1
51.96444380276934 28.5 0
50.91 29.3755 1
61.6086 20.4925 0
62.5162 21.814 1
66.24449999999999 19.2764 0
65.91598176229508 19.5 1
74.42963630407573 19.5 0
75.84952765030224 16.5 1
63.67194312926325 16.5 0
62.9708 15.7433 1
59.05 12.8437 1
52.4759 11.2593 0
59.05 12.8437 0
59.937440005518 13.5 1
77.26941899652877 13.5 0
78.68931034275528 10.5 1
0 10.5 0
1.75061 14.7068 1
1.75061 26.5182 0
0 28.5 1
50.22462918163797 28.5 0
55.13807031476725 37.5 1
0 37.5 0
0 40.5 1
55.63447660446603 40.5 0
57.2589 50.3171 0