57.2589 50.3171 0
56.6272891838636 46.5 1
0 46.5 0
0 49.5 1
33.69852953087708 49.5 0
33.7454 49.47150000000001 1
29.3353 52.15309999999999 0
29.57042976614272 52.5 1
0 52.5 0
0 55.5 1
31.60383794840901 55.5 0
33.04810000000001 57.63079999999999 1
37.2063 55.233 0
36.74327581116023 55.5 1
100 55.5 0
100 58.5 1
46.49408691340035 58.5 0
47.67188088235294 61.5 1
100 61.5 0
100 64.5 1
72.34644220615186 64.5 0
74.26778551191242 67.5 1
100 67.5 0
100 70.5 1
76.18912881767298 70.5 0
78.11047212343357 73.5 1
100 73.5 0
100 76.5 1
80.03181542919413 76.5 0
81.6403 79.01150000000001 0
65.91319999999999 88.4615 1
81.6403 79.01150000000001 0
80.8273171058201 79.5 1
100 79.5 0
100 82.5 1
75.83458694708995 82.5 0
70.84185678835979 85.5 1
100 85.5 0
100 100 1
0 100 0
0 97.5 1
100 97.5 0
100 94.5 1
0 94.5 0
0 91.5 1
100 91.5 0
100 88.5 1
0 88.5 0
0 85.5 1
14.38421493616222 85.5 0
14.5965 86.53049999999999 1
17.6774 85.23349999999999 0
17.04435462606013 85.5 1
64.07553243975465 85.5 0
62.21397489096653 82.5 1
19.59332193129485 82.5 0
18.74108193520041 79.5 1
60.3524173421784 79.5 0
58.49085979339026 76.5 1
0 76.5 0
0 73.5 1
56.62930224460213 73.5 0
56.1103 72.6636 1
71.2963 62.8603 0
68.75628957493905 64.5 1
44.5158569598981 64.5 0
37.12032176681819 67.5 1
64.1090789417849 67.5 0
59.46186830863077 70.5 1
0 70.5 0
14.79849627602158 79.5 1
0 79.5 0
0 82.5 1
13.76620892790086 82.5 0
13.2799 80.13929999999999 1
16.3608 78.84229999999999 0
32.20579372713308 64.5 1
0 64.5 0
0 67.5 1
33.73792611087838 67.5 0
34.3184 68.63659999999999 1
48.2543 62.98350000000001 0
45.614 56.25830000000001 1
36.0329 60.70489999999999 1
30.6612 61.4756 0
30.6736613433878 61.5 1
0 61.5 0
0 58.5 1
40.78380347456483 58.5 0
57.2589 50.3171 0