56.086 42.6677 0
52.81867913574219 40.5 1
0 40.5 0
0 37.5 1
50.79426778627656 37.5 0
53.26343206623335 34.5 1
0 34.5 0
0 31.5 1
55.73259634619012 31.5 0
58.20176062614691 28.5 1
0 28.5 0
0 25.5 1
52.28591361300852 25.5 0
52.5839 26.3768 1
82.45529999999999 16.592 0
82.4261831535421 16.5 1
100 16.5 0
100 13.5 1
81.4767207690451 13.5 0
80.52725838454813 10.5 1
100 10.5 0
100 7.5 1
79.57779600005114 7.5 0
78.62833361555417 4.5 1
100 4.5 0
100 1.5 1
0 1.5 0
0 4.5 1
77.08376809885402 4.5 0
78.49520000000001 4.07934 1
48.0861 13.1424 0
48.20763276914707 13.5 1
23.57347834091576 13.5 0
22.02224992115152 10.5 1
56.95209071836665 10.5 0
67.01792940861034 7.5 1
20.47102150138727 7.5 0
19.6319 5.877179999999999 1
15.6781 7.6342 0
15.98008857155866 7.5 1
0 7.5 0
0 10.5 1
17.20800981442571 10.5 0
18.80956241519239 13.5 1
0 13.5 0
0 16.5 1
20.41111501595907 16.5 0
22.01266761672574 19.5 1
0 19.5 0
0 22.5 1
51.26634340204316 22.5 0
50.24677319107779 19.5 1
23.35902992054807 19.5 0
22.3349 20.1036 1
25.9012 18.0017 0
25.12470676068001 16.5 1
49.22720298011244 16.5 0
49.9122 38.57170000000001 1
56.086 42.6677 0
56.086 42.6677 0