43.66889999999999 64.4213 0
43.66889999999999 64.4213 1
28.7038 68.9761 0
29.1999853432661 70.5 1
0 70.5 0
0 67.5 1
33.55362526345833 67.5 0
43.41032588697638 64.5 1
0 64.5 0
0 1.5 1
100 1.5 0
100 4.5 1
0 4.5 0
0 7.5 1
100 7.5 0
100 10.5 1
0 10.5 0
0 13.5 1
100 13.5 0
100 16.5 1
0 16.5 0
0 19.5 1
100 19.5 0
100 22.5 1
73.86452457786118 22.5 0
73.67230000000001 21.8201 1
65.42910000000001 29.8978 0
67.01462396840628 31.5 1
0 31.5 0
0 28.5 1
66.85553883283609 28.5 0
69.91700434901023 25.5 1
0 25.5 0
0 22.5 1
72.97846986518439 22.5 0
73.67230000000001 21.8201 0
74.71269891759272 25.5 1
100 25.5 0
100 28.5 1
75.56087325732429 28.5 0
76.21899999999999 30.8278 1
70.79150000000001 35.31659999999999 0
71.77886778203529 34.5 1
100 34.5 0
100 31.5 1
75.40622921493494 31.5 0
70.79150000000001 35.31659999999999 0
69.98339934302797 34.5 1
0 34.5 0
0 37.5 1
100 37.5 0
100 40.5 1
0 40.5 0
0 43.5 1
100 43.5 0
100 46.5 1
0 46.5 0
0 49.5 1
100 49.5 0
100 52.5 1
0 52.5 0
0 55.5 1
100 55.5 0
100 58.5 1
69.48064614661368 58.5 0
67.24950000000001 56.9554 1
72.0121 60.2525 0
70.96678232126831 61.5 1
100 61.5 0
100 64.5 1
43.69685333556916 64.5 0
43.66889999999999 64.4213 0