43.66889999999999 64.4213 0
66.10419958546325 58.5 1
0 58.5 0
0 61.5 1
65.43698807237814 61.5 0
64.3339 60.8875 1
69.21090000000001 63.5955 0
61.5 80.6003 1
74.48769999999999 86.83000000000001 1
64.25239999999999 89.9933 0
69.08418120633516 88.5 1
100 88.5 0
100 85.5 1
71.71491142270094 85.5 0
65.46050109796619 82.5 1
100 82.5 0
100 79.5 1
0 79.5 0
0 82.5 1
62.05666286383477 82.5 0
62.9357430299159 85.5 1
10.13626587277861 85.5 0
12.9127 87.9684 1
8.84928 84.35579999999999 0
7.942455430677599 85.5 1
0 85.5 0
0 88.5 1
6.266279383517949 88.5 0
7.538349999999999 89.82419999999999 1
9.623860000000001 91.60390000000001 0
9.502106620778783 91.5 1
0 91.5 0
0 100 1
100 100 0
100 97.5 1
0 97.5 0
0 94.5 1
100 94.5 0
100 91.5 1
9.717852704167239 91.5 0
12.43179026433778 88.5 1
63.81482319599702 88.5 0
40.08143118132158 73.5 1
100 73.5 0
100 76.5 1
0 76.5 0
0 73.5 1
30.17679223991175 73.5 0
31.0946 76.31880000000001 1
46.2107 71.57749999999999 0
45.82798438277298 70.5 1
100 70.5 0
100 67.5 1
44.76241885917106 67.5 0
43.66889999999999 64.4213 0