45.1733 52.721 0
45.1733 52.721 1
43.6054 55.80501638612351 1
41.5672 59.8141 1
40.9743 67.51339999999999 1
43.4191 73.6062 0
44.2401 74.62924115214682 1
44.2401 100 0
47.2401 100 1
47.2401 78.24899875368661 0
46.9499 78.0059 1
43.4191 73.6062 0
41.2401 68.17581256544503 1
41.2401 100 0
38.2401 100 1
38.2401 0 0
35.2401 0 1
35.2401 100 0
24.8767 98.3981 1
10.4764 98.3981 0
10.4764 95.3981 1
24.8767 95.3981 0
22.93175016134221 93.8981 1
24.8767 93.52967466322414 0
24.8767 93.8981 1
14.8723 93.8981 0
13.27586559328436 93.8981 1
10.4764 86.21353223889449 0
10.4764 81.8313 1
10.4764 100 1
24.8767 100 0
26.2401 100 1
26.2401 33.31605450116784 0
23.2401 33.55716227560895 1
23.2401 81.58738103296312 0
24.8767 92.00299999999999 1
22.6075 77.56139999999999 0
41.2401 64.06176576151125 1
41.2401 0 0
53.09488976324218 3.9372 1
50.2765 8.378416221464938 0
48.94119999999999 8.057580000000002 0
47.2401 7.736576446231155 1
47.2401 0 0
44.2401 0 1
44.2401 7.170465893467336 0
43.9662 7.118779999999999 1
43.6054 9.736750000000001 1
43.6054 55.80501638612351 0
44.5 54.04536267158426 1
44.5 11.42885735017207 0
43.6054 9.736750000000001 1
45.1455 12.6498 0
46.7307 13.7593 1
50.2765 9.264720000000001 0
50.2401 9.231813614917996 1
50.2401 0 0
50.2765 1.5 1
76.78829999999999 1.5 0
73.4113133732854 3.9372 1
76.78829999999999 6.286145937010438 0
76.78829999999999 3.9372 1
50.2765 3.9372 1
50.2765 27.97475554644662 1
48.6974 30.4631 0
47.5 36.84543289673501 1
47.5 12.78415182638615 0
50.2765 13.97737031431685 1
56.64797840231584 3.9372 0
60.20106704138951 3.9372 1
50.2765 19.57632440716876 0
50.2765 25.17527850002067 1
63.75415568046317 3.9372 0
68.15757112442847 3.9372 1
76.78829999999999 9.940515312336814 0
86.5 21.84184360404751 1
86.5 0 0
83.5 0 1
83.5 25.12307545622525 0
82.3914 26.3356 1
88.07390000000001 20.1204 0
89.5 21.26164915961791 1
89.5 0 0
92.5 0 1
92.5 23.66242573829663 0
93.55950000000001 24.5103 1
87.61580000000001 30.9732 0
89.5 33.12049406579457 1
89.5 28.92440948567391 0
92.5 25.66235049884752 1
92.5 80.55632067998599 0
92.59710000000001 80.28020000000001 1
92.31180000000001 81.0915 0
98.5 83.26765880628903 1
98.5 100 0
95.5 100 1
95.5 82.21267085844198 0
92.5 81.15768291059493 1
92.5 100 0
89.5 100 1
89.5 38.35324410240973 0
86.5 52.53704808458723 1
86.5 38.6228776517372 0
85.7988 38.6859 1
85.21000000000001 33.4802 0
86.5 33.37203667712704 1
86.5 29.98272567184748 0
83.5 27.31968302580201 1
83.5 52.36734495323302 0
81.9736 52.28100000000001 1
80.495 65.1369 0
80.5 65.13733028004668 1
80.5 100 0
83.5 100 1
83.5 82.69596446241675 0
85.71430000000001 82.97110000000001 1
86.74199999999999 76.35400000000001 0
86.5 77.91217670526419 1
86.5 100 0
56.2401 100 1
56.2401 70.6925721808183 0
53.6296 76.63499999999999 0
53.2401 77.40492063588252 1
53.2401 100 0
50.2401 100 1
50.2401 80.76208028731804 0
51.15430000000001 81.52789999999999 1
53.6296 76.63499999999999 0
53.2401 75.80003125464467 1
53.2401 76.39541893564356 0
52.9832 76.23740000000001 1
57.69289999999999 68.2192 0
58.66249999999999 68.81569999999999 1
60.7401 64.5692 0
59.2401 67.63511740469772 1
59.2401 100 0
60.7401 100 1
60.7401 64.5692 0
59.5 63.85060989672219 1
59.5 46.02160144722561 0
59.057 46.6156 1
62.0973 42.539 0
62.5 42.73891744401956 1
62.5 100 0
63.5698 98.89694095706281 1
64.6026 98.63630000000001 1
63.5698 92.70480000000001 0
65.5 92.21739965677861 1
65.5 44.22824531106372 0
68.5 45.71757317810788 1
68.5 91.45986104437361 0
71.5 90.70232243196861 1
71.5 56.04545819930451 0
83.5 75.88214791546466 1
83.5 65.39549830805134 0
85.637 65.57939999999999 1
86.89160000000001 52.5592 0
86.5 56.62321268930336 1
86.5 76.31877846870526 0
86.74199999999999 76.35400000000001 0
95.5 80.74363935800844 1
95.5 0 0
98.5 0 1
98.5 81.22258044244995 0
80.495 65.1369 0
80.5 65.09342678209117 1
80.5 0 0
77.5 0 1
77.5 100 0
76.23820000000001 100 1
63.5698 100 0
65.32904540591639 100 1
76.23820000000001 97.24692825895809 0
76.23820000000001 95.69990000000001 1
75.3989 89.71780000000001 0
74.5 89.94478381956361 1
74.5 56.03008110736796 0
74.67189999999999 56.0292 1
74.64570000000001 48.3849 0
74.5 44.96815469056013 1
74.5 48.38525801580124 0
70.51995795147266 48.39503782323411 1
68.78540000000001 47.53392932519034 0
68.78540000000001 48.3993 1
72.97763992229079 48.38899877738666 0
72.9761 47.9397 1
76.03970000000001 41.9658 0
74.5 41.00947171609018 1
74.5 18.26912256307999 0
71.5 22.95617678502953 1
71.5 39.14613155129868 0
68.5 27.64323100697906 1
68.5 37.28279138650717 0
65.5 35.41945122171568 1
65.5 32.3302852289286 0
64.08519999999999 34.5407 1
76.03970000000001 15.86357010123476 1
76.03970000000001 12.93358579565129 0
76.03970000000001 15.70982686195731 1
61.36683148526627 38.56166894422702 0
60.00576654249286 37.90517979314738 1
49.465 32.821 0
49.86187420066304 33.01242628605787 1
48.6974 32.25352765501498 0
49.465 32.821 1
46.30419999999999 39.2945 0
47.5 39.98098229251616 1
47.5 54.58656377847603 0
48.9923 55.7831 1
48.25920000000001 57.337 0
50.5 58.63545714331498 1
50.5 41.70321584122702 0
53.5 43.4254493899379 1
53.5 60.37384139445072 0
56.5 62.11222564558646 1
56.5 45.14768293864877 0
29.4858 33.0552 1
29.2905 27.7952 0
19.9379 2.71358 1
12.7464 2.71358 0
16.33587057090625 2.71358 1
19.9379 4.370433397675324 0
19.9379 6.021509999999999 1
8.61816 31.7735 0
8.240099999999991 31.62179100438047 1
8.240099999999991 100 0
5.240099999999993 100 1
5.240099999999993 30.4179424436796 0
2.240099999999992 29.21409388297872 1
2.240099999999992 100 0
0 100 1
0 0 1
1.84264 0 1
1.84264 29.0546 0
1.84264 25.13274850709372 1
11.12296524180568 2.71358 0
7.876095725417043 2.71358 1
1.84264 17.28904552128117 0
1.84264 9.445342535468626 1
4.629226209028404 2.71358 0
1.84264 1.5 1
19.9379 1.5 0
20.24009999999999 0 1
20.24009999999999 78.39467655859733 0
17.24009999999999 79.45061542646587 1
17.24009999999999 12.1589052601385 0
14.24009999999999 18.98379434769705 1
14.24009999999999 80.50655429433439 0
11.24009999999999 81.56249316220294 1
11.24009999999999 25.8086834352556 0
23.2401 28.22819631284666 1
23.2401 0 0
26.2401 0 1
26.2401 28.01350159207779 0
29.2401 27.79880687130892 1
29.2401 0 0
32.2401 0 1
32.2401 100 0
29.2401 100 1
29.2401 33.07494672672672 0
45.1733 52.721 0