57.643 51.99469999999999 0
0 25.5 1
63.80125320180639 25.5 0
69.98229147428299 22.5 1
0 22.5 0
0 19.5 1
100 19.5 0
100 16.5 1
0 16.5 0
0 13.5 1
100 13.5 0
100 10.5 1
0 10.5 0
0 7.5 1
100 7.5 0
100 1.5 1
0 1.5 0
0 4.5 1
100 4.5 0
86.33284762311277 28.5 1
100 28.5 0
100 31.5 1
88.41405534888068 31.5 0
86.6084751273543 34.5 1
100 34.5 0
100 37.5 1
0 37.5 0
0 34.5 1
61.56103309673632 34.5 0
61.958 35.36069999999999 1
77.9853 28.0985 0
76.63302008823607 25.5 1
100 25.5 0
100 22.5 1
75.07179640715398 22.5 0
74.0455 20.5279 1
58.5791 28.0346 0
58.79374900288012 28.5 1
0 28.5 0
0 31.5 1
60.17739104980822 31.5 0
61.958 35.36069999999999 0
77.09921025446835 28.5 1
83.55554503551957 28.5 0
82.35849999999999 29.951 0
83.14947461168984 31.5 1
70.47836533144226 31.5 0
63.85752040841618 34.5 1
81.20035187102849 34.5 0
81.16229999999999 34.4692 1
84.83690000000001 37.4435 0
100 52.5 1
60.91742571643742 52.5 0
73.99180000000001 54.5176 1
57.643 51.99469999999999 0
57.643 51.99469999999999 0