57.643 51.99469999999999 0
56.1962 54.9606 1
73.61699999999999 57.3389 0
73.86129153936128 55.5 1
100 55.5 0
100 58.5 1
47.07360075870773 58.5 0
47.0729 58.49939999999999 0
47.07221021488854 58.5 1
0 58.5 0
0 61.5 1
43.62328465757311 61.5 0
36.6421155872403 67.2045 1
14.36692930844344 76.97689725968414 0
13.2949 77.94280000000001 1
23.36623659981768 77.94280000000001 1
17.8371 80.36850000000001 0
19.81675747493163 79.5 1
11.79766708165763 79.5 0
10.8523 78.7509 1
14.461 81.6104 0
13.75520982364087 82.5 1
18.5258635450724 82.5 0
16.6466929622614 94.5 1
100 94.5 0
100 97.5 1
15.97796056519637 97.5 0
17.726 95.0692 1
12.5206 92.32400000000001 0
11.46708621553885 94.5 1
0 94.5 0
0 97.5 1
13.29776549101193 97.5 0
15.049 98.79179999999999 1
10.8786 95.71549999999999 0
0 100 1
100 100 0
100 91.5 1
0 91.5 0
0 88.5 1
100 88.5 0
100 85.5 1
11.37507208861682 85.5 0
10.1063 87.0992 1
6.573130000000001 84.30510000000001 0
8.084094114741777 85.5 1
0 85.5 0
0 82.5 1
7.963848693421197 82.5 0
10.27516445446689 79.5 1
0 79.5 0
0 76.5 1
11.40715851844772 76.5 0
7.819559999999999 73.75800000000001 1
13.2949 77.94280000000001 1
17.1294 74.4879 1
22.8937066263919 67.2045 1
24.6491 64.98650000000001 1
21.2013 61.8516 1
7.819559999999999 73.75800000000001 0
8.109529169522276 73.5 1
0 73.5 0
0 70.5 1
11.48126369885104 70.5 0
14.8529982281798 67.5 1
0 67.5 0
0 64.5 1
18.22473275750857 64.5 0
21.2013 61.8516 0
24.11404156113433 64.5 1
44.05141952414276 64.5 0
44.10943852908009 67.2045 1
19.63257512889778 77.94280000000001 0
19.55287819803242 71.42575180914326 1
29.17479264540049 67.2045 0
22.8937066263919 67.2045 1
47.84310000000001 67.2045 0
47.93858286094026 67.5 1
50.63834344696591 67.5 0
48.88849999999999 70.43979999999999 0
41.48862352155162 73.5 1
100 73.5 0
100 76.5 1
34.23431679802206 76.5 0
26.98001007449252 79.5 1
100 79.5 0
100 82.5 1
19.72570335096297 82.5 0
18.6673 82.93770000000001 1
48.88849999999999 70.43979999999999 0
48.74293024508118 70.5 1
57.22526736978907 70.5 0
62.93129999999999 73.09880000000001 1
43.16459999999999 64.09610000000001 0
42.2098 62.7295 1
47.0729 58.49939999999999 1
55.1238 65.39269999999999 1
58.419 62.553 0
56.15969289009402 64.5 1
54.08118783601468 64.5 0
50.57739429736121 61.5 1
100 61.5 0
100 64.5 1
60.34682662042859 64.5 0
63.31728366269142 67.5 1
100 67.5 0
100 70.5 1
65.51072218209785 70.5 0
65.8997 70.10810000000001 0
60.14724886683766 55.5 1
0 55.5 0
0 52.5 1
23.69994329501915 52.5 0
22.1252 51.044 1
33.0822 41.4593 1
37.6571 45.6344 1
26.8676 55.4288 1
22.1252 51.044 0
23.89026390393023 49.5 1
5.296900076326169 49.5 0
7.03054 48.65940000000001 1
2.16682 51.0177 0
2.423763927260015 45.2625 1
0.5927339272600145 51.0177 0
0 51.0177 1
0 45.2625 1
3.99785 45.2625 1
7.657389999999999 47.0823 0
6.486409594460929 46.5 1
27.31979221467547 46.5 0
30.74932052542072 43.5 1
0 43.5 0
0 40.5 1
100 40.5 0
100 43.5 1
35.31831372901247 43.5 0
37.6571 45.6344 0
36.70355601568244 46.5 1
100 46.5 0
100 49.5 1
33.39875939720656 49.5 0
30.09396277873071 52.5 1
57.39650887083179 52.5 0
57.643 51.99469999999999 0