22.7017 65.1076
22.3583 58.3539
20.5976 52.5548
15.9546 47.5256
13.2497 51.4921
12.2847 51.2954
7.91979 57.7628
6.92088 58.6473
4.5409 61.9858
16.0915 69.7288
15.0813 70.9736
18.5714 73.83
21.032 69.6893

20.04 86.6856
19.6573 79.3275
13.956 79.4323
13.7065 85.923

27.2663 98.3974
24.878 95.3595
19.1114 98.6843

36.2955 25.088
32.5539 23.3168
26.0401 35.3117
29.7138 37.5972

59.3418 5.25853
54.3296 5.85102
54.1186 6.91023
46.3766 7.69325
42.0935 7.69679
43.7033 19.2742
42.3858 19.7459
42.2014 24.3587
49.9658 22.2343
54.6693 18.2767
57.4664 14.0618
58.9684 8.9772
58.8726 7.00043

58.5626 91.6078
43.8013 86.5559
44.8075 94.3279
43.4835 94.9069
43.9737 99.6088
49.8084 98.3514
54.5706 95.7357

53.9313 36.589
51.5486 35.9237
50.7073 41.2307
53.1094 42.0646

61.9585 31.8399
60.5154 23.5119
53.7904 26.5222
55.1129 33.825

86.2289 39.7259
84.8529 36.6606
81.3744 35.0653
79.9533 39.5178
85.505 41.6294