42.82210000000001 51.5248 0
43.07010549743129 52.5 1
100 52.5 0
100 49.5 1
0 49.5 0
0 46.5 1
18.41869013595858 46.5 0
17.68657432460991 43.5 1
0 43.5 0
0 40.5 1
16.95445851326124 40.5 0
16.22234270191258 37.5 1
0 37.5 0
0 34.5 1
15.49022689056391 34.5 0
0 1.5 1
68.20883472099598 1.5 0
68.5701 0.786516 0
77.69333112566528 4.5 1
100 4.5 0
100 1.5 1
70.32297666150282 1.5 0
68.5701 0.786516 1
83.30619999999999 6.78464 0
83.01887537891545 7.5 1
100 7.5 0
100 10.5 1
81.81392421690805 10.5 0
80.60897305490064 13.5 1
100 13.5 0
100 16.5 1
79.40402189289324 16.5 0
79.20400000000001 16.998 1
63.3421 11.1116 0
60.3137 30.5425 1
67.59739999999999 28.3401 0
67.65491506012 28.5 1
72.00202799378195 28.5 0
68.73399686349745 31.5 1
74.33010218168172 31.5 0
67.59739999999999 28.3401 0
67.06858433073012 28.5 1
0 28.5 0
0 31.5 1
14.75811107921524 31.5 0
14.6552 31.0783 1
23.3604 29.0983 0
25.60204602638471 37.5 1
100 37.5 0
100 40.5 1
26.40247190199965 40.5 0
27.20289777761461 43.5 1
100 43.5 0
100 46.5 1
23.25214543639703 46.5 0
23.0427 46.8991 1
18.8123 48.1129 0
7.909412877940982 55.5 1
27.40531105663153 55.5 0
27.3848 55.3747 1
42.82210000000001 51.5248 0
42.82210000000001 51.5248 0
66.68981560212004 4.5 1
0 4.5 0
0 7.5 1
65.17079648324412 7.5 0
63.3421 11.1116 0
63.65177736436817 10.5 1
0 10.5 0
0 13.5 1
69.77804760125034 13.5 0
77.86205480429464 16.5 1
0 16.5 0
0 19.5 1
100 19.5 0
100 22.5 1
0 22.5 0
0 25.5 1
76.38621121117441 25.5 0
74.1063 26.3278 1
77.10339999999999 25.2396 0
77.29740441759625 25.5 1
100 25.5 0
100 28.5 1
79.53247835303711 28.5 0
81.124 30.6362 1
78.55719999999999 31.6786 1
76.21979999999999 33.93510000000001 0
78.9969836531082 31.5 1
100 31.5 0
100 34.5 1
63.25858580206069 34.5 0
69.2098 32.8228 1
61.70229999999999 34.93859999999999 0
61.56375902959441 34.5 1
24.80162015076976 34.5 0
24.00119427515481 31.5 1
60.61614637292145 31.5 0
60.3137 30.5425 0
66.464 61.93859999999999 1
70.2679 61.2675 1
75.5642 62.3206 0
76.18522378116771 64.5 1
100 64.5 0
100 61.5 1
71.43719992403379 61.5 0
70.2679 61.2675 0
68.95005355386681 61.5 1
60.76000896809602 61.5 0
57.28711831011398 58.5 1
100 58.5 0
100 55.5 1
43.83304283571455 55.5 0
44.59598017399783 58.5 1
54.87852811356611 58.5 0
55.8931 57.2958 1
61.6515 62.2701 0
62.1723689780693 64.5 1
59.91797657006116 64.5 0
58.7277 66.03110000000001 1
52.9226 60.8215 0
45.3589175122811 61.5 1
53.6786581138667 61.5 0
57.02158271460381 64.5 1
37.37250054948636 64.5 0
45.5348 62.19159999999999 1
29.2544 66.79589999999999 0
28.87857130949462 64.5 1
9.44485543471124 64.5 0
9.543579999999999 64.3348 0
9.980000007327845 61.5 1
28.38748455854026 61.5 0
27.89639780758589 58.5 1
11.6584484328056 58.5 0
11.832 58.18980000000001 1
7.34446 55.1126 1
0 55.1126 0
0.5047599999999999 55.1126 1
0.5047599999999999 67.68530000000001 0
0 67.68530000000001 1
7.5413 67.68530000000001 0
7.652036452469783 67.5 1
62.5679864433352 67.5 0
62.74550000000001 68.84610000000001 1
67.48949999999999 67.03649999999999 0
66.27440053050398 67.5 1
100 67.5 0
100 70.12020000000001 1
100 76.26779999999999 0
100 76.5 1
17.97196164090136 76.5 0
17.3546 76.20439999999999 0
15.23990881984814 79.5 1
0 79.5 0
0 82.5 1
13.31489560815509 82.5 0
12.7406 83.39500000000001 1
25.8389 89.6069 1
29.9285 92.78989999999999 0
31.1111923697186 91.5 1
100 91.5 0
100 94.5 1
0 94.5 0
0 97.5 1
100 97.5 0
100 100 1
0 100 0
0 91.5 1
28.27120341187558 91.5 0
23.50491067789243 88.5 1
0 88.5 0
0 85.5 1
17.1791649318244 85.5 0
12.7406 83.39500000000001 0
17.3546 76.20439999999999 0
24.23747220485303 79.5 1
100 79.5 0
98.549040398524 76.26779999999999 1
98.14830000000001 74.18520000000001 1
84.16749999999999 76.26779999999999 0
83.95758781030526 73.5 1
0 73.5 0
0 70.5 1
94.56399513991167 70.5 0
83.84030000000001 71.95349999999999 1
97.36609999999999 70.12020000000001 1
100 70.12020000000001 0
98.89361758816798 70.12020000000001 1
100 75.86993728470611 0
100 88.5 1
33.86185297066115 88.5 0
36.6125135716037 85.5 1
100 85.5 0
100 82.5 1
30.50298276880469 82.5 0
36.6601 85.44810000000001 1
17.3546 76.20439999999999 0
17.16492203154118 76.5 1
0 76.5 0
4.891908422463137 67.68530000000001 1
2.00476 65.70224776504048 0
2.00476 63.88249999999999 1
2.00476 55.1126 0
2.075963760218349 55.1126 1
2.00476 55.22954474534879 0
2.00476 60.99818158178293 1
5.588294586739449 55.1126 0
0 52.5 1
38.91175039091925 52.5 0
42.82210000000001 51.5248 0