30.081 55.5855 0
30.081 55.5855 1
27.6408 62.4481 0
31.5 100 1
31.5 0 0
34.5 0 1
34.5 100 0
37.5 100 1
37.5 0 0
40.5 0 1
40.5 100 0
43.5 100 1
43.5 0 0
46.5 0 1
46.5 100 0
49.5 100 1
49.5 0 0
52.5 0 1
52.5 100 0
55.5 100 1
55.5 0 0
58.5 0 1
58.5 100 0
61.5 100 1
61.5 0 0
64.5 0 1
64.5 100 0
67.5 100 1
67.5 0 0
69.03479999999999 2.43599483179193 1
71.03110318613602 0.51858 0
69.03479999999999 0.51858 1
84.22059999999999 0.51858 1
84.22059999999999 0 1
69.03479999999999 0 1
69.03479999999999 8.67548 1
75.49270000000001 15.941 1
84.22059999999999 5.67422 0
82.5 7.698191593166742 1
82.5 27.66638582375479 0
82.51759999999999 27.6867 1
80.58699999999999 30.2242 0
79.5 28.61369161210554 1
79.5 100 0
82.5 100 1
82.5 27.70983270485859 0
82.51759999999999 27.6867 1
78.5504 23.1077 0
79.5 24.20374214559387 1
79.5 11.22714357474306 0
76.5 14.75609555631939 1
76.5 100 0
73.5 100 1
73.5 13.69909447281624 0
70.5 10.32391678347451 1
70.5 100 0
85.03389999999999 86.29920000000001 1
84.35560000000001 92.65020000000001 0
85.5 92.44250058545799 1
85.5 100 0
88.5 100 1
88.5 93.18717308159324 0
91.26509999999999 93.10939999999999 0
91.5 90.74794236600087 1
91.5 100 0
94.5 100 1
94.5 39.8184370972475 0
95.6592 40.22790000000001 1
98.08840000000001 32.0827 0
97.5 31.95269726520331 1
97.5 0 0
100 0 1
100 100 0
97.5 100 1
97.5 34.05562758109666 0
98.08840000000001 32.0827 0
94.5 31.28986890967974 1
94.5 0 0
79.98540058345398 0.51858 1
84.22059999999999 3.780821871710713 0
85.5 0 1
85.5 86.2639475362497 0
90.54750000000001 38.42230000000001 0
91.5 34.78714996721973 1
91.5 0 0
88.5 0 1
88.5 82.16129038138911 0
90.559 82.37729999999999 0
91.5 85.76953154588287 1
91.5 38.75875049592112 0
90.54750000000001 38.42230000000001 1
92.53039999999999 30.8547 0
80.58699999999999 30.2242 1
77.0283 24.9516 0
69.03479999999999 8.67548 0
69.03479999999999 6.59565161059731 1
75.36190106204535 0.51858 0
22.5 53.55813288261595 1
22.5 0 0
25.5 0 1
25.5 54.58542650392788 0
28.5 55.2403534823641 1
28.5 0 0
19.5 10.61069557975005 1
19.5 52.31242906319022 0
16.5 50.72771253257176 1
16.5 20.87475334943123 0
17.3062 21.1481 1
17.7808 16.0929 1
19.0728 11.2866 1
21.4333 7.551880000000001 0
19.5 7.199188831578459 1
19.5 0 0
16.5 0 1
16.5 7.575550342309448 0
17.1215 6.765280000000001 1
13.835 11.05 1
12.7549 14.7586 0
13.5 12.2002462734932 1
13.5 0 0
10.5 0 1
10.5 100 0
7.5 100 1
7.5 0 0
4.5 0 1
4.5 100 0
1.5 100 1
1.5 0 0
12.7549 14.7586 1
12.0053 19.3508 0
13.5 19.85758645324379 1
13.5 50.91705267873303 0
14.0249 49.3386 1
11.8149 55.98439999999999 0
13.5 56.9739057527058 1
13.5 100 0
16.5 100 1
16.5 58.71887311020237 0
19.5 60.0326663952121 1
19.5 100 0
22.5 100 1
22.5 61.26079333717392 0
25.5 61.95366603957009 1
25.5 100 0
28.5 100 1
28.5 60.0317628473076 0
30.081 55.5855 0