54.5 51.5 0
54.5 51.5 1
54.5 83.5 1
67.5 83.5 1
67.5 89.5 1
73.5 89.5 1
73.5 86.5 0
81.5 82 1
54.5 82 0
54.5 78 1
86.5 78 0
86.5 78.5 0
93.5 79 1
54.5 79 0
54.5 80 1
93.5 80 0
93.5 81 1
54.5 81 0
54.5 83 1
81.5 83 0
81.5 84 1
67.5 84 0
67.5 85 1
81.5 85 0
81.5 86 1
67.5 86 0
67.5 88 1
73.5 88 0
73.5 89 1
67.5 89 0
67.5 87 1
73.5 87 0
73.5 86.5 1
81.5 86.5 1
81.5 81.5 1
93.5 81.5 1
93.5 78.5 1
86.5 78.5 1
86.5 63.5 1
94.5 63.5 1
94.5 57.5 1
87.5 57.5 1
87.5 39.5 1
76.5 39.5 1
76.5 27.79289321881346 0
77.29289321881345 27 1
38.70710678118654 27 0
37.70710678118654 26 1
78.29289321881345 26 0
79.29289321881345 25 1
38.5 25 0
38.5 24 1
80.29289321881345 24 0
80.79289321881345 23.5 1
76.5 27.79289321881346 0
76.5 28 1
39.70710678118654 28 0
40.70710678118654 29 1
76.5 29 0
76.5 30 1
41.70710678118654 30 0
42.70710678118654 31 1
76.5 31 0
76.5 32 1
43.70710678118654 32 0
44.20710678118655 32.5 0
42.5 33 1
76.5 33 0
76.5 34 1
42.5 34 0
54.5 51.5 0