54.5 51.5 0
42.5 37.5 1
42.5 32.5 1
44.20710678118655 32.5 1
37.5 25.79289321881346 1
37.5 25.5 1
38.5 25.5 1
38.5 13.5 1
44.5 13.5 1
44.5 12.5 1
91.5 12.5 1
91.5 23.5 1
80.79289321881345 23.5 0
91.5 23 1
38.5 23 0
38.5 22 1
91.5 22 0
91.5 21 1
38.5 21 0
38.5 20 1
91.5 20 0
91.5 19 1
38.5 19 0
38.5 18 1
91.5 18 0
91.5 17 1
38.5 17 0
38.5 16 1
91.5 16 0
91.5 15 1
38.5 15 0
38.5 14 1
91.5 14 0
91.5 13 1
44.5 13 0
44.5 13.5 0
44.20710678118655 32.5 0
42.5 35 1
76.5 35 0
76.5 36 1
42.5 36 0
54.5 51.5 0