54.5 51.5 0
54.5 74 1
86.5 74 0
86.5 75 1
54.5 75 0
54.5 77 1
86.5 77 0
86.5 76 1
54.5 76 0
54.5 73 1
86.5 73 0
86.5 72 1
54.5 72 0
54.5 71 1
86.5 71 0
86.5 70 1
54.5 70 0
54.5 69 1
86.5 69 0
86.5 68 1
54.5 68 0
54.5 67 1
86.5 67 0
86.5 66 1
54.5 66 0
54.5 65 1
86.5 65 0
86.5 64 1
54.5 64 0
54.5 63 1
94.5 63 0
94.5 62 1
54.5 62 0
54.5 61 1
94.5 61 0
94.5 60 1
54.5 60 0
54.5 59 1
94.5 59 0
94.5 58 1
54.5 58 0
54.5 57 1
87.5 57 0
87.5 56 1
54.5 56 0
54.5 55 1
87.5 55 0
87.5 54 1
54.5 54 0
54.5 53 1
87.5 53 0
87.5 52 1
54.5 52 0
54.5 51.5 0