49.93340000000001 53.0633 0
49.93340000000001 53.0633 1
44.3436 55.405 0
39.813 60.5356 1
44.0342 62.8228 0
41.59287289261979 61.5 1
0 61.5 0
0.6168226578240126 59.81229999999999 1
9.673807480179377 42.53319999999999 0
6.286673303024429 42.53319999999999 1
0 54.52704329342836 0
0 48.06499976476785 1
2.899539125869482 42.53319999999999 0
0 40.5 1
79.90428537582733 40.5 0
87.71239315426467 34.5 1
0 34.5 0
0 37.5 1
100 37.5 0
100 34.5 1
94.1863027362665 34.5 0
93.89410000000001 31.4795 0
93.71491553332433 31.5 1
49.51016978892126 31.5 0
48.5823 33.6383 1
45.0176 32.0034 0
45.2318571891294 31.5 1
0 31.5 0
0 28.5 1
46.5087176726181 28.5 0
47.78557815610681 25.5 1
0 25.5 0
0 22.5 1
49.06243863959551 22.5 0
50.4051 19.3454 0
50.83782250110734 19.5 1
100 19.5 0
87.42859999999999 32.2192 1
93.89410000000001 31.4795 0
93.89608316705628 31.5 1
100 31.5 0
100 28.5 1
50.81195595866535 28.5 0
52.11374212840946 25.5 1
100 25.5 0
100 22.5 1
53.41552829815355 22.5 0
54.1966 20.7 1
50.4051 19.3454 0
50.33929912308422 19.5 1
0 19.5 0
0 16.5 1
100 16.5 0
100 13.5 1
0 13.5 0
0 10.5 1
100 10.5 0
100 7.5 1
0 7.5 0
0 4.5 1
100 4.5 0
100 1.5 1
0 1.5 0
21.8855 45.6289 0
18.89989972785087 49.5 1
80.5448184989078 49.5 0
77.72764550259419 46.5 1
100 46.5 0
100 48.09689645967858 1
99.9328951577306 46.6632 0
100 46.6632 1
100 65.7208 1
90.3134 65.7208 1
81.4331 65.64500000000001 0
81.37010326300708 64.5 1
58.50597415014741 64.5 0
59.45489999999999 65.26050000000001 1
58.10168638932777 65.26050000000001 1
55.3596 70.4186 1
56.79602854705854 70.4186 1
59.45489999999999 65.26050000000001 0
60.10079766422882 61.5 1
81.20504631018721 61.5 0
81.03998935736738 58.5 1
63.57060282251635 58.5 0
63.2281 59.0183 1
61.887 58.14 0
61.69562117831023 58.5 1
62.43669372651713 58.5 0
60.97107102716929 67.5 1
100 67.5 0
100 70.5 1
63.00211058131434 70.5 0
59.45489999999999 65.26050000000001 0
54.1669 75.51900000000001 1
60.9603 78.9787 0
62.51495021116847 76.5 1
100 76.5 0
100 73.5 1
64.39656179526713 73.5 0
68.45507678464705 79.5 1
0 79.5 0
0 76.5 1
56.09317262479405 76.5 0
50.105 80.1962 0
49.19781050615532 85.5 1
0 85.5 0
0 82.5 1
49.71094608470919 82.5 0
50.105 80.1962 1
62.8398 82.06059999999999 0
62.61104698850359 82.5 1
65.86296805959481 82.5 0
67.4305971031211 85.5 1
61.04923762462276 85.5 0
59.48742826074192 88.5 1
100 88.5 0
100 85.5 1
72.05631438055005 85.5 0
68.4923 87.5318 1
74.59610000000001 84.0521 0
73.44470216634429 82.5 1
100 82.5 0
100 79.5 1
71.21920541937752 79.5 0
70.37729999999999 78.36510000000001 1
65.27610000000001 81.37690000000001 0
58.40649999999999 90.5763 1
48.6225 88.86349999999999 0
48.68467492760145 88.5 1
0 88.5 0
0 91.5 1
100 91.5 0
100 94.5 1
0 94.5 0
0 97.5 1
100 97.5 0
100 100 1
0 100 0
0 73.5 1
55.20764396841643 73.5 0
56.75406888433982 70.5 1
0 70.5 0
0 67.5 1
50.82881917671794 67.5 0
51.7962 68.39070000000001 1
50.8147 67.48699999999999 1
43.9367 63.80289999999999 0
45.23814507478082 64.5 1
0 64.5 0
8.81177012538928 58.5 1
6.385376947288973 58.5 0
6.97668 57.3719 1
10.9465 59.81229999999999 0
11.95861625562277 58.5 1
41.61054597123143 58.5 0
44.25970981171793 55.5 1
14.27237741303214 55.5 0
16.5861385704415 52.5 1
53.59257796676062 52.5 0
75.75040000000001 42.095 1
81.9281 39.7229 0
82.18326669113748 40.5 1
100 40.5 0
100 43.5 1
83.16833949182268 43.5 0
93.92632649617025 46.6632 1
94.81832649617027 65.7208 0
97.82161082695043 65.7208 1
96.92961082695044 46.6632 0
91.81504216539008 65.7208 1
90.92304216539009 46.6632 0
83.53829999999999 44.6267 1
77.1414 46.68899999999999 0
77.08417340008708 46.5 1
21.21366088526023 46.5 0
21.8855 45.6289 1
15.7286 42.53319999999999 1
0 42.53319999999999 1
0 59.81229999999999 1
5.697523923556433 59.81229999999999 0
4.003956834978959 59.81229999999999 1
13.06094165733433 42.53319999999999 0
14.7545087459118 42.53319999999999 1
12.602 46.63979999999999 1
15.7286 42.53319999999999 0
17.65142550634751 43.5 1
76.17581467131041 43.5 0
58.45947000334785 52.5 1
80.70987545172764 52.5 0
80.87493240454751 55.5 1
65.55306176048478 55.5 0
65.71449999999999 55.2557 1
61.3449 53.22920000000001 1
56.61709999999999 52.03440000000001 1
49.93340000000001 53.0633 0
49.93340000000001 53.0633 0