45.4028 49.0727 0
61.9988 42.419166485247 1
54.51349999999999 44.72175943217232 0
52.5 47.07139492682238 1
52.5 26.30479779736141 0
49.5 23.5708936022557 1
49.5 47.91735040497332 0
46.5 48.76330588312426 1
46.5 17.98385410628019 0
49.5 17.4070425120773 1
49.5 23.1149511359307 0
49.27670000000001 23.3674 1
54.2638 17.7293 0
52.5 19.72334078121553 1
52.5 0 0
55.5 0 1
55.5 18.74546326738847 0
58.5 21.21147993311037 1
58.5 0 0
61.5 0 1
61.5 23.67749659883226 0
63.0843 24.9798 1
58.8879 32.12609999999999 0
58.5 31.77260618757283 1
58.5 38.5674453083071 0
55.5 39.36856510639532 1
55.5 29.03870199246712 0
54.51349999999999 39.63200000000001 1
55.2046 42.93980000000001 1
54.51349999999999 43.15239294692532 1
54.51349999999999 46.5036178084034 1
61.9988 44.39287429486899 1
61.9988 40.8498 1
61.4076 37.791 0
61.5 38.26906684709066 1
61.5 27.67779902058908 0
88.5 0 1
88.5 89.83254191015368 0
91.5 90.63045967631018 1
91.5 0 0
94.5 0 1
94.5 91.42837744246668 0
96.55179999999999 91.97409999999999 1
95.56379999999999 96.79990000000001 1
96.55179999999999 97.04326527332708 0
96.55179999999999 98.58810077248151 1
82.8629 95.21623549915441 0
82.8629 98.30590649746324 1
89.74048100251528 100 0
100 100 1
100 0 0
97.5 0 1
97.5 100 0
96.55179999999999 100 1
82.8629 100 0
82.5 100 1
82.5 0 0
79.5 0 1
79.5 100 0
76.5 100 1
76.5 86.8425039883974 0
84.04599999999999 88.64789999999999 0
85.5 89.03462414399718 1
85.5 0 0
64.5 0 1
64.5 43.68757301421861 0
67.5 42.84161753606767 1
67.5 0 0
70.5 0 1
70.5 41.99566205791673 0
73.5 41.14970657976579 1
73.5 0 0
76.5 0 1
76.5 44.59317479136359 0
75.1455 40.6857 1
77.7577 48.2214 0
76.5 48.62784383217127 1
76.5 55.36046154050996 0
73.5 49.5973369517656 1
73.5 100 0
70.5 100 1
70.5 50.56683007135993 0
67.5 51.53632319095426 1
67.5 100 0
64.5 100 1
64.5 52.5058163105486 0
61.5 53.47530943014293 1
61.5 100 0
58.5 100 1
58.5 54.44480254973726 0
55.5 55.41429566933159 1
55.5 100 0
52.5 100 1
52.5 56.38378878892593 0
49.5 57.35328190852026 1
49.5 75.3852804772647 0
46.6052 71.00739999999999 0
43.5 68.94739949719073 1
43.5 0 0
40.5 0 1
40.5 67.22558554394229 0
39.3168 66.81219999999999 1
36.6388 72.1036 1
34.97369999999999 79.70670000000001 0
1.5 100 1
1.5 0 0
4.5 0 1
4.5 100 0
7.5 100 1
7.5 0 0
7.599410000000001 1.5 1
38.3379 1.5 0
38.3379 0 1
38.3379 10.475 1
35.04689999999999 16.9693 0
34.5 16.73644120740342 1
34.5 100 0
37.5 100 1
37.5 80.29146703490264 0
40.5 80.98588222894449 1
40.5 100 0
43.5 100 1
43.5 81.68029742298634 0
45.4199 82.12469999999999 1
44.7602 87.04660000000001 1
46.4008 87.26650000000001 1
46.494 89.34520000000001 0
46.5 89.34791583091962 1
46.5 100 0
49.5 100 1
49.5 90.70583129073137 0
50.9132 91.34549999999999 0
52.2244 84.1095 1
50.28449999999999 76.57169999999999 1
46.6052 71.00739999999999 0
46.5 70.93760995333778 1
46.5 52.21838081841432 0
37.5 70.40197427931292 1
37.5 12.12847127620784 0
46.5 16.80821730790512 1
46.5 0 0
49.5 0 1
49.5 14.68722427975949 0
38.3379 8.764387517510681 1
28.62077577301906 3.43739 0
34.86152731905716 3.43739 1
38.3379 5.343162552532046 0
38.3379 3.43739 1
25.5004 3.43739 0
24.94513767349309 4.5 1
15.51488023659937 4.5 0
21.86992056027542 7.5 1
23.37750045991449 7.5 0
23.0792 8.07086 1
11.3826 2.54929 0
9.688952634799499 2.54929 1
7.599410000000001 6.534885496200634 0
7.599410000000001 2.54929 1
7.599410000000001 9.765350000000002 0
10.5 11.23524229850969 1
10.5 100 0
13.5 100 1
13.5 39.45050197180625 0
12.2714 36.9196 1
19.1027 50.992 1
24.11169006551876 48.43974760599737 1
18.6158 58.02670000000001 1
18.6158 51.84134142877534 0
18.6158 54.85737919632361 1
21.54512965721671 49.74749824250475 0
25.5 51.85871520528667 1
25.5 47.73235603453287 0
25.9831 47.4862 1
18.9441 33.2936 0
16.5 34.6217440196622 1
16.5 14.27578018599402 0
13.5 12.75551124225185 1
13.5 36.25196866635694 0
12.2714 36.9196 0
16.5 45.63046771771113 1
16.5 100 0
19.5 100 1
19.5 58.27259344659511 0
22.5 59.10688471529598 1
22.5 100 0
25.5 100 1
25.5 59.94117598399684 0
25.7144 60.0008 1
29.3566 53.53440000000001 0
28.5 53.16220905586489 1
28.5 14.18176438242723 0
25.5 12.90442596993913 1
25.5 46.51213478334991 0
22.5 40.46329261826963 1
22.5 12.72170762775866 0
22.9714 11.8278 1
20.588 16.3474 0
19.5 15.79604912973618 1
19.5 34.41445045318937 0
31.5 15.45910279491532 1
31.5 100 0
28.5 100 1
28.5 55.05521660534842 0
48.4135 57.70440000000001 1
45.4028 49.0727 0
45.4028 49.0727 0