53.086 57.2436 0
53.086 57.2436 1
69.3905 48.8288 0
68.08998419451441 49.5 1
16.39783661660406 49.5 0
20.63644969063767 46.5 1
100 46.5 0
100 49.5 1
69.74916317516266 49.5 0
83.75092590037343 55.5 1
72.95532981845236 55.5 0
71.35224649680751 52.5 1
100 52.5 0
100 53.34838845768768 1
86.8553 54.9152 1
89.1678 72.35839999999999 0
89.1678 72.51976662778972 1
89.1678 72.35839999999999 1
81.17740000000001 73.47219999999999 1
100 71.22859862938461 0
98.5 71.40739444164876 1
98.5 53.52718426995182 0
95.5 53.8847758944801 1
95.5 71.76498606617704 0
100 73.5 1
63.31455260724348 73.5 0
68.69511927088067 70.5 1
80.70314982888715 70.5 0
80.22446383422374 67.5 1
74.07568593451785 67.5 0
70.73560000000001 79.67529999999999 1
78.0461 82.4605 0
78.0327812544032 82.5 1
100 82.5 0
100 85.5 1
77.02123095591233 85.5 0
76.22739999999999 87.85429999999999 1
68.39070000000001 84.56319999999999 0
70.62138899759958 85.5 1
67.26107027726971 85.5 0
69.38049064219808 82.5 1
65.83517410810441 82.5 0
64.40927793893914 79.5 1
100 79.5 0
100 76.5 1
62.98338176977384 76.5 0
62.8493 76.21789999999999 1
51.7021 81.04089999999999 0
44.3560665038665 82.5 1
52.93559670008599 82.5 0
55.47174233798468 85.5 1
41.09093141735983 85.5 0
44.82640000000001 83.52080000000001 1
37.9966 87.1395 1
28.5353 83.327 0
33.92793079344263 85.5 1
0 85.5 0
0 88.5 1
58.00788797588336 88.5 0
60.35339999999999 91.27449999999999 1
68.4102 87.9177 0
67.01259673498569 88.5 1
100 88.5 0
100 100 1
0 100 0
0 97.5 1
100 97.5 0
100 94.5 1
0 94.5 0
0 91.5 1
100 91.5 0
92.5 54.2423675190084 1
92.5 72.12257769070533 0
89.5 72.48016931523361 1
89.5 54.59995914353668 0
86.8553 54.9152 1
78.46850000000001 56.49509999999999 0
78.78840585023354 58.5 1
74.5584131400972 58.5 0
76.16149646174205 61.5 1
79.26709184489695 61.5 0
79.74577783956036 64.5 1
77.76457978338689 64.5 0
78.15289999999999 65.22669999999999 1
62.3656 74.0291 0
62.07309537636651 73.5 1
52.39011508741119 73.5 0
52.4425 73.61590000000001 1
43.0151 79.58959999999999 0
43.15650232017008 79.5 1
55.2635183039602 79.5 0
47.89095500443611 76.5 1
62.19729396226415 76.5 0
60.41459250186172 70.5 1
51.03416394188552 70.5 0
49.61150000000001 67.35239999999999 0
49.30679312050518 67.5 1
34.70732739905611 67.5 0
35.70391890403775 70.5 1
43.11356386248026 70.5 0
33.71073589407446 64.5 1
57.09758675285217 64.5 0
58.75608962735694 67.5 1
49.67821279635986 67.5 0
49.61150000000001 67.35239999999999 1
37.84229999999999 73.05340000000001 0
36.7005104090194 73.5 1
38.04807613899418 73.5 0
39.6536 76.9845 1
28.5353 83.327 0
29.98501763500197 82.5 1
0 82.5 0
0 79.5 1
35.24396915254238 79.5 0
26.89211945258556 76.5 1
39.43036099565008 76.5 0
37.2201 75.0641 1
22.7405 77.0772 0
22.64171968833446 76.5 1
0 76.5 0
0 73.5 1
22.12830850504165 73.5 0
21.61489732174883 70.5 1
0 70.5 0
0 67.5 1
21.10148613845602 67.5 0
21.0229 67.04079999999999 1
33.1657 62.8593 0
28.4012154944398 64.5 1
0 64.5 0
0 61.5 1
55.43908387834739 61.5 0
53.086 57.2436 0