41.0393 53.9562 0
26.9613 45.0765 0
27.57664140899666 43.5 1
0 43.5 0
5.750019999999999 33.506 1
12.3263 34.5294 0
12.33463222347054 34.5 1
100 34.5 0
100 31.5 1
37.57108746407616 31.5 0
36.76913260837026 28.5 1
100 28.5 0
100 25.5 1
75.72070387860194 25.5 0
75.73009999999999 25.8534 1
60.0269 24.0989 0
60.05664473596107 22.5 1
10.44126530836431 22.5 0
12.3989 20.0371 0
18.09640699859681 10.5 1
0 10.5 0
0 7.5 1
15.15533267421571 7.5 0
13.7814 6.09854 0
15.27074428092358 4.5 1
0 4.5 0
0 1.5 1
100 1.5 0
100 4.5 1
18.28389775162847 4.5 0
21.24171792160688 7.5 1
100 7.5 0
100 10.5 1
23.22557611194495 10.5 0
29.115 26.6448 0
29.81515202292137 28.5 1
14.0350859929673 28.5 0
14.2687 27.6757 1
8.111460000000001 26.3796 0
6.180726117503706 25.4171 1
1.26375 19.43660447120033 0
1.26375 14.51231063114988 1
2.173883584410812 13.2518 0
1.26375 13.2518 1
1.26375 25.4171 1
0 25.4171 1
0 13.2518 1
4.02402 13.2518 1
12.3989 20.0371 0
11.73597455116207 19.5 1
60.11245448509062 19.5 0
60.16826423422016 16.5 1
8.0331699588817 16.5 0
4.330365366601329 13.5 1
100 13.5 0
100 16.5 1
62.8336257020007 16.5 0
68.64908726746228 19.5 1
100 19.5 0
100 22.5 1
74.46454883292384 22.5 0
75.65729999999999 23.1153 1
60.1936 15.1381 0
60.0269 24.0989 0
72.56708439441437 25.5 1
35.96717775266436 25.5 0
35.7958 24.8589 1
32.33880000000001 25.5696 0
32.67734959898691 25.5 1
0 25.5 0
1.26375 24.16041341360098 1
2.296958352511116 25.4171 0
0 28.5 1
6.913103528000505 28.5 0
6.216089827640634 31.5 1
0 31.5 0
0 34.5 1
12.13737813953488 34.5 0
12.3263 34.5294 0
13.18485910821892 31.5 1
30.94735128379033 31.5 0
31.8416 33.8695 1
37.5817 31.5397 0
33.99509999999999 39.9877 1
29.5592 38.4207 0
28.74760507978004 40.5 1
0 40.5 0
0 37.5 1
100 37.5 0
100 40.5 1
33.81830308412387 40.5 0
33.16930000000001 42.3806 0
32.45653401387317 43.5 1
100 43.5 0
83.25800000000001 48.23609999999999 1
90.7268 48.2818 0
90.65576014302951 49.5 1
100 49.5 0
100 46.5 1
0 46.5 0
0 49.5 1
83.21250469202758 49.5 0
83.1045167784923 52.5 1
23.73755538672009 52.5 0
21.327 50.98820000000001 0
20.55789101310589 52.5 1
0 52.5 0
0 55.5 1
19.03167923861036 55.5 0
21.327 50.98820000000001 1
27.8539 55.08159999999999 0
41.0393 53.9562 0