41.0393 53.9562 0
41.0393 53.9562 1
34.0314 55.5772 0
34.36515069710056 55.5 1
27.64967603489841 55.5 0
26.1853550614166 58.5 1
34.80230009951192 58.5 0
35.7012 61.9081 0
37.35322065077696 61.5 1
100 61.5 0
100 64.5 1
0 64.5 0
0 67.5 1
45.09706250895486 67.5 0
47.7894 66.93530000000001 0
50.1422 69.3845 1
47.47709999999999 71.29220000000001 0
48.583821297898 70.5 1
100 70.5 0
100 67.5 1
48.33187352604932 67.5 0
47.7894 66.93530000000001 1
41.7997 68.19159999999999 0
40.3279 69.3586 0
41.34501949662986 70.5 1
0 70.5 0
0 73.5 1
44.01836669295855 73.5 0
45.2989 74.93700000000001 1
48.3353 72.46090000000001 0
47.06106905617705 73.5 1
100 73.5 0
100 76.5 1
0 76.5 0
0.1858399999999998 77.30350000000001 1
0.1858399999999998 87.73779999999999 0
0 88.5 1
100 88.5 0
100 85.5 1
12.22706334541447 85.5 0
11.9477 87.73779999999999 1
8.151810000000001 87.73779999999999 1
8.151810000000001 87.3158 1
11.9477 87.73779999999999 0
0 100 1
100 100 0
100 97.5 1
0 97.5 0
0 94.5 1
100 94.5 0
100 91.5 1
0 91.5 0
4.685840000000001 87.73779999999999 1
4.685840000000001 83.17490000000001 1
4.685840000000001 77.30350000000001 1
5.717919999999999 77.30350000000001 1
4.685840000000001 83.17490000000001 0
6.54893121080428 87.73779999999999 1
4.685840000000001 85.5119081443811 0
3.18584 87.73779999999999 1
3.18584 77.30350000000001 0
5.717919999999999 77.30350000000001 0
11.4503 77.98249999999999 0
11.3424575200514 79.5 1
100 79.5 0
100 82.5 1
11.12925986611677 82.5 0
19.70648434168113 61.5 1
0 61.5 0
0 58.5 1
19.23602673181496 58.5 0
18.1198 60.56619999999999 1
23.602 63.79259999999999 0
24.7210340879348 61.5 1
35.59356200540208 61.5 0
35.7012 61.9081 1
42.6307 60.19629999999999 0
42.19809606416564 58.5 1
100 58.5 0
90.48081385267372 52.5 1
100 52.5 0
100 55.5 1
41.4330121712793 55.5 0
41.0393 53.9562 0