32.0256 75.8532
28.7327 68.2799
16.005 71.5779
17.3511 76.7729
5.59674 81.26
8.16043 88.8005
22.8065 84.562
21.1757 79.5516

19.1689 64.4265
16.5616 59.4254
10.0062 62.1663
11.9196 67.3939

39.2552 97.1633
35.6812 89.5653
31.0497 91.5165

65.2884 94.5509
50.3415 77.6725
47.2292 80.8663
61.819 97.5004

71.0493 65.1636
65.6693 60.8038
57.1886 70.2878
60.3807 73.493
54.1404 81.5005
59.1258 86.1589
67.1631 77.7769
63.9873 74.3039

64.6819 47.3466
49.959 31.1009
55.352 56.0864

66.3004 15.7368
65.1449 12.6457
51.428 23.6452
53.2165 25.8591

83.7671 18.2288
77.3994 12.5062
71.6258 18.498
77.7354 24.2939

84.3299 6.71349
82.7009 0.2594
80.7564 8.18434

92.8209 55.3295
92.0115 46.3884
85.6302 46.9902
79.258 56.446

95.281 66.7986
93.3698 63.3137
89.2868 65.2719
91.0694 68.9595