47.7944 49.2711 0
47.48305012168933 49.5 1
48.0131286296201 49.5 0
50.87982102306835 52.5 1
41.19798031984689 52.5 0
39.21144029928709 55.5 1
53.74651341651659 55.5 0
54.48009999999999 56.2677 1
59.87860000000001 51.5279 0
58.77140521330014 52.5 1
78.18999838456699 52.5 0
75.68518552479676 55.5 1
55.35448888771678 55.5 0
74.49902082764646 61.5 1
35.2383602581675 61.5 0
33.2518202376077 64.5 1
77.91715698531419 64.5 0
81.33529314298193 67.5 1
31.26528021704792 67.5 0
29.27874019648812 70.5 1
100 70.5 0
100 73.5 1
27.29220017592832 73.5 0
43.72865026855594 88.5 1
0 88.5 0
0 85.5 1
43.17304640135045 85.5 0
42.7246 83.07859999999999 0
48.938 82.50239999999999 0
49.81182102181353 85.5 1
100 85.5 0
100 88.5 1
50.68634166013773 88.5 0
79.40690000000001 97.28550000000001 0
80.20628602045787 97.5 1
0 97.5 0
0 100 1
100 100 0
100 97.5 1
85.69415759078117 97.5 0
85.52770000000001 98.92789999999999 1
79.40690000000001 97.28550000000001 0
80.08611805375457 94.5 1
0 94.5 0
0 91.5 1
100 91.5 0
100 94.5 1
86.0438829023181 94.5 0
86.13669999999999 93.7038 1
80.648 92.19569999999999 0
100 76.5 1
0 76.5 0
0 74.9487 1
26.3329 74.9487 0
23.70845766352021 74.9487 1
2.99508 60.52120374673586 0
2.99508 64.17721124020758 1
18.45957299056064 74.9487 0
13.21068831760107 74.9487 1
2.99508 67.8332187336793 0
2.99508 71.48922622715105 1
7.961803644641497 74.9487 0
0 82.5 1
100 82.5 0
100 79.5 1
0 79.5 0
1.49508 74.9487 1
1.49508 26.6332 0
0 25.5 1
50.38478710246829 25.5 0
50.3664 24.7284 1
82.89529999999999 21.3531 0
82.92262130631298 22.5 1
100 22.5 0
100 19.5 1
0 19.5 0
0 16.5 1
100 16.5 0
100 13.5 1
0 13.5 0
0 10.5 1
100 10.5 0
100 7.5 1
0 7.5 0
0 4.5 1
100 4.5 0
100 1.5 1
0 1.5 0
2.99508 29.8280389753269 1
5.220806525599061 26.6332 0
8.877041702762867 26.6332 1
2.99508 35.07625007072201 0
2.99508 40.32446116611712 1
12.53327687992667 26.6332 0
16.18951205709048 26.6332 1
2.99508 45.57267226151222 0
2.99508 50.82088335690733 1
19.84574723425429 26.6332 0
23.5019824114181 26.6332 1
2.99508 56.06909445230245 0
2.99508 58.6932 1
2.99508 26.6332 0
0 22.5 1
71.84223940983023 22.5 0
82.89529999999999 21.3531 0
82.95959999999999 24.0523 1
50.4474 28.1275 0
71.40975902532392 25.5 1
100 25.5 0
100 28.5 1
26.61995604113954 28.5 0
28.6927909047664 31.5 1
100 31.5 0
100 34.5 1
30.76562576839326 34.5 0
32.83846063202012 37.5 1
100 37.5 0
100 40.5 1
34.91129549564697 40.5 0
36.98413035927382 43.5 1
52.07143619833418 43.5 0
49.5253 45.6305 1
52.58150000000001 43.0732 0
52.94986342862549 43.5 1
100 43.5 0
100 46.5 1
55.53910964670538 46.5 0
58.12835586478526 49.5 1
80.69481124433722 49.5 0
82.77940000000001 47.0033 1
93.05119999999999 56.4834 0
91.98567451820128 55.5 1
100 55.5 0
100 52.5 1
88.7351391862955 52.5 0
85.48460385438972 49.5 1
100 49.5 0
91.35011135188137 58.5 1
100 58.5 0
100 61.5 1
88.81948259835764 61.5 0
86.28885384483394 64.5 1
100 64.5 0
100 67.5 1
83.75822509131021 67.5 0
82.72749999999999 68.72190000000001 1
72.29249999999999 59.5634 0
73.18037266502654 58.5 1
37.2249002787273 58.5 0
47.35617101369863 46.5 1
39.05696522290069 46.5 0
41.12980008652754 49.5 1
45.54371247007931 49.5 0
43.994 52.0651 1
47.7944 49.2711 0
47.7944 49.2711 0