59.9609 53.58199999999999 0
59.71398975106906 52.5 1
0 52.5 0
1.366368873497129 55.6794 1
4.212868873497129 64.17769999999999 0
1.049054789161882 64.17769999999999 1
0 61.04571956271407 0
0 67.5 1
100 67.5 0
100 64.5 1
0 64.5 0
0 64.17769999999999 1
0 55.6794 0
0 55.5 1
100 55.5 0
78.37370000000001 33.506 1
61.1931 37.3417 0
60.48872663748591 34.5 1
73.92144450556614 34.5 0
64.72623325512279 28.5 1
100 28.5 0
100 19.5 1
74.77709424331064 19.5 0
75.57950625059939 22.5 1
100 22.5 0
100 25.5 1
76.38191825788817 25.5 0
76.48230000000001 25.8753 1
59.3017 29.7111 0
59.74511538804288 31.5 1
100 31.5 0
100 34.5 1
78.61731162846868 34.5 0
79.35255799205626 37.5 1
100 37.5 0
100 40.5 1
80.08780435564381 40.5 0
80.82305071923139 43.5 1
100 43.5 0
100 46.5 1
81.55829708281897 46.5 0
82.0266 48.41079999999999 0
79.88730000000001 49.1901 0
79.48769999999999 47.7606 1
64.4563 51.1769 0
64.49270000000001 52.49639999999999 1
59.9609 53.58199999999999 0
59.9609 53.58199999999999 0