59.9609 53.58199999999999 0
59.02939571521622 49.5 1
0 49.5 0
0 46.5 1
58.34480167936337 46.5 0
57.66020764351052 43.5 1
0 43.5 0
0 40.5 1
56.97561360765766 40.5 0
56.29101957180482 37.5 1
0 37.5 0
0 34.5 1
55.60642553595197 34.5 0
54.92183150009912 31.5 1
0 31.5 0
0 28.5 1
54.23723746424626 28.5 0
53.55264342839342 25.5 1
0 25.5 0
0 22.5 1
52.86804939254057 22.5 0
52.18345535668772 19.5 1
0 19.5 0
0 16.5 1
59.56440351663578 16.5 0
51.90300000000001 18.271 1
73.13560000000001 13.3629 0
73.97468223602186 16.5 1
100 16.5 0
100 13.5 1
73.17227022873308 13.5 0
73.13560000000001 13.3629 0
72.54250094741346 13.5 1
0 13.5 0
0 10.5 1
100 10.5 0
100 7.5 1
0 7.5 0
0 4.5 1
100 4.5 0
100 1.5 1
0 1.5 0
23.3551 58.0119 0
24.3414 60.5672 1
8.958590000000001 64.17769999999999 0
7.376682957832376 64.17769999999999 1
4.530182957832377 55.6794 0
6.11209 55.6794 1
23.3551 58.0119 0
23.54349785152428 58.5 1
100 58.5 0
100 61.5 1
20.36713461625816 61.5 0
0 70.5 1
100 70.5 0
100 73.5 1
26.93109530287784 73.5 0
26.9732 73.28440000000001 1
21.8505 71.1422 0
21.71035202788765 73.5 1
0 73.5 0
0 76.5 1
20.53466357606021 76.5 0
20.0876 76.25200000000001 1
24.9249 78.93539999999999 0
26.12710234959735 76.5 1
100 76.5 0
100 79.5 1
0 79.5 0
0 82.5 1
100 82.5 0
100 85.5 1
0 85.5 0
0 88.5 1
100 88.5 0
100 91.5 1
0 91.5 0
0 94.5 1
100 94.5 0
100 97.5 1
0 97.5 0
0 100 1
100 100 0
71.83450292714343 49.5 1
100 49.5 0
100 52.5 1
64.47767192336036 52.5 0
59.9609 53.58199999999999 0