50.5 61.5 0
50.5 62 1
24.5 62 0
24.5 63 1
50.5 63 0
50.5 65 1
24.5 65 0
24.5 64 1
50.5 64 0
50.5 61.5 1
50.5 65.5 1
48.5 65.5 1
48.5 66.5 0
48.5 72 1
24.5 72 0
24.5 73 1
48.5 73 0
48.5 75 1
24.5 75 0
24.5 74 1
48.5 74 0
48.5 71 1
24.5 71 0
24.5 70 1
48.5 70 0
48.5 69 1
24.5 69 0
24.5 68 1
48.5 68 0
48.5 67 1
24.5 67 0
24.5 66 1
48.5 66 0
48.5 66.5 1
48.5 78.5 0
52.86023252670425 92 1
90.5 92 0
90.5 93 1
54.26023252670426 93 0
55.66023252670426 94 1
90.5 94 0
90.5 95 1
57.06023252670427 95 0
65.5 95.5 0
65.5 98 1
90.5 98 0
90.5 99 1
65.5 99 0
65.5 97 1
90.5 97 0
90.5 96 1
65.5 96 0
65.5 95.5 0
59 78.5 1
59 39.5 0
60 39.5 1
60 78.5 0
62 78.5 1
62 39.5 0
61 39.5 1
61 78.5 0
58 78.5 1
58 39.5 0
57 39.5 1
57 78.5 0
55 78.5 1
55 39.5 0
50.5 39.5 0
50.5 40 1
24.5 40 0
24 39.5 1
24 78.5 0
23 78.5 1
23 39.5 0
22 39.5 1
22 78.5 0
21 78.5 1
21 39.5 0
20 39.5 1
20 78.5 0
19 78.5 1
19 39.5 0
18 39.5 1
18 78.5 0
24.5 78 1
48.5 78 0
48.5 78.5 1
49.5 78.5 1
54.5 78.5 1
54.5 77.5 1
54.5 39.5 1
53.5 39.5 1
50.5 39.5 1
50.5 40.5 1
24.5 40.5 1
24.5 41.5 1
24.5 54.5 1
25.5 54.5 1
29.5 54.5 1
29.5 57.5 0
24.5 61 1
44.5 61 0
44.5 60 1
24.5 60 0
24.5 59 1
44.5 59 0
44.5 58 1
24.5 58 0
24.5 57 1
29.5 57 0
29.5 55 1
24.5 55 0
24.5 56 1
29.5 56 0
29.5 57.5 1
30.5 57.5 1
44.5 57.5 1
44.5 61.5 1
45.5 61.5 1
50.5 61.5 0
50.5 61.5 0