50.5 61.5 0
48.5 65.5 0
48.5 76 1
24.5 76 0
24.5 77 1
48.5 77 0
48.5 78.5 0
56 78.5 1
56 39.5 0
29.5 16.5 1
45.5 16.5 0
45.5 14 1
58.5 14 0
58.5 13 1
45.5 13 0
45.5 11 1
58.5 11 0
58.5 12 1
45.5 12 0
45.5 15 1
58.5 15 0
58.5 16 1
45.5 16 0
45.5 16.5 1
45.5 10.5 1
58.5 10.5 1
58.5 16.5 1
71.5 16.5 1
71.5 17.5 1
86.5 17.5 1
86.5 22.5 1
83.5 22.5 1
83.5 24.5 1
82.848612181134 24.5 1
77.49999999999999 28.06574145408934 1
77.5 25.5 0
78.64444872453601 25.5 1
77.5 26.26296581635734 0
77.5 27.464816241512 1
80.447224362268 25.5 0
81.348612181134 25.5 1
77.5 25.5 1
62.5 25.5 1
62.5 37.5 1
83.5 37.5 1
83.5 61.5 1
81.5 61.5 0
82 61.5 1
82 39.5 0
83 39.5 1
83 61.5 0
81.5 61.5 1
81.5 78.5 1
90.5 78.5 1
90.5 99.5 1
65.5 99.5 1
65.5 95.5 1
58.5 95.5 0
57.76023252670427 95.5 1
58.5 95.5 1
58.5 96.02840533806838 1
52.16023252670426 91.5 1
50.5 91.5 1
50.5 100.5 1
30.5 100.5 1
30.5 98.79289321881346 1
25.79289321881344 103.5 1
25.5 103.5 1
25.5 101.5 1
17.5 101.5 1
17.5 79.5 1
15.5 79.5 1
15.5 14.5 1
19.5 14.5 1
19.5 11.5 1
29.5 11.5 1
29.5 16.5 0
29.5 16 1
15.5 16 0
15.5 15 1
29.5 15 0
29.5 14 1
19.5 14 0
19.5 13 1
29.5 13 0
29.5 12 1
19.5 12 0
19.5 14.5 0
15.5 23 1
83.5 23 0
83.5 22.5 0
86.5 22 1
15.5 22 0
15.5 21 1
86.5 21 0
86.5 20 1
15.5 20 0
15.5 19 1
86.5 19 0
86.5 18 1
15.5 18 0
15.5 17 1
71.5 17 0
62.5 25.5 0
62.5 26 1
15.5 26 0
15.5 25 1
82.098612181134 25 0
83.5 24 1
15.5 24 0
15.5 27 1
62.5 27 0
62.5 28 1
15.5 28 0
15.5 29 1
62.5 29 0
62.5 30 1
15.5 30 0
15.5 31 1
62.5 31 0
62.5 32 1
15.5 32 0
15.5 33 1
62.5 33 0
62.5 34 1
15.5 34 0
15.5 35 1
62.5 35 0
62.5 36 1
15.5 36 0
15.5 37 1
62.5 37 0
62.5 37.5 0
63 39.5 1
63 78.5 0
64 78.5 1
64 39.5 0
65 39.5 1
65 78.5 0
66 78.5 1
66 39.5 0
67 39.5 1
67 78.5 0
68 78.5 1
68 39.5 0
69 39.5 1
69 78.5 0
70 78.5 1
70 39.5 0
71 39.5 1
71 78.5 0
72 78.5 1
72 39.5 0
73 39.5 1
73 78.5 0
74 78.5 1
74 39.5 0
75 39.5 1
75 78.5 0
76 78.5 1
76 39.5 0
77 39.5 1
77 78.5 0
78 78.5 1
78 39.5 0
79 39.5 1
79 78.5 0
80 78.5 1
80 39.5 0
81 39.5 1
81 78.5 0
90.5 79 1
15.5 79 0
16 78.5 1
16 39.5 0
15.5 39 1
83.5 39 0
83.5 38 1
15.5 38 0
17 39.5 1
17 78.5 0
17.5 79.5 0
17.5 80 1
90.5 80 0
90.5 81 1
17.5 81 0
17.5 82 1
90.5 82 0
90.5 83 1
17.5 83 0
17.5 84 1
90.5 84 0
90.5 85 1
17.5 85 0
17.5 86 1
90.5 86 0
90.5 87 1
17.5 87 0
17.5 88 1
90.5 88 0
90.5 89 1
17.5 89 0
17.5 90 1
90.5 90 0
90.5 91 1
17.5 91 0
27.08578643762691 101.5 1
25.5 103.0857864376269 0
25.5 101.6715728752538 1
25.67157287525382 101.5 0
25.5 101.5 1
27.79289321881346 101.5 0
28.29289321881346 101 1
17.5 101 0
17.5 100 1
29.29289321881346 100 0
30.29289321881346 99 1
17.5 99 0
17.5 98 1
50.5 98 0
50.5 99 1
30.5 99 0
30.5 100 1
50.5 100 0
50.5 97 1
17.5 97 0
17.5 96 1
50.5 96 0
50.5 95 1
17.5 95 0
17.5 94 1
50.5 94 0
50.5 93 1
17.5 93 0
17.5 92 1
50.5 92 0
48.5 78.5 0
48.5 65.5 0
50.5 61.5 0