22.3245 69.4281
17.0288 66.0478
16.1858 67.7476
14.1129 66.9736
11.5756 70.5695
13.5545 71.6695
12.4876 74.4528
15.398 75.9979
17.3162 73.0184
19.1321 74.0714

21.8513 88.2989
18.3822 84.5246
12.7942 89.1418
15.893 92.8329

38.0244 26.0125
37.0224 19.2427
30.1955 17.7957
26.0413 18.4258
25.1241 24.8113
37.6365 27.912

46.8957 31.0692
33.7199 28.6262
29.6094 36.3257
41.3216 41.8604

55.9694 79.9434
54.3504 73.3413
43.9478 74.5116
44.6728 78.9621
33.8858 81.2692
35.6406 88.0693
47.7001 86.3444
47.0741 81.8259

56.6929 64.9953
50.8823 63.7637
50.4601 65.7559
52.2917 68.5728
55.9743 69.6136

61.5036 26.4498
55.3096 26.554
54.5673 33.4294
58.0481 34.0125
61.4427 34.1717

88.3154 14.678
84.2097 9.00411
79.3593 11.1498
74.0073 14.3193
69.7231 18.0804
73.8706 24.0677
78.2008 20.173
83.3292 17.0013