55.3275 54.3188 0
54.99850000000001 60.9815 0
56.5 65.07584562551858 1
56.5 100 0
53.5 100 1
53.5 0 0
74.5 0 1
74.5 100 0
71.5 100 1
71.5 0 0
68.5 0 1
68.5 59.66617795571966 0
65.5 56.1742282755857 1
65.5 49.64673207081701 0
65.98099999999999 49.14749999999999 1
62.5355 52.7236 1
69.52279999999999 60.8567 0
68.5 61.7567086870208 1
68.5 100 0
65.5 100 1
65.5 64.39654644715225 0
77.5 67.5974989146832 1
77.5 100 0
80.5 100 1
80.5 68.53644460693931 0
83.5 69.47539029919545 1
83.5 100 0
86.5 100 1
86.5 70.41433599145157 0
87.11269999999999 70.6061 1
89.02019999999999 65.56110000000001 0
86.5 65.15664946312609 1
86.5 0 0
89.5 0 1
89.5 100 0
92.5 100 1
92.5 0 0
95.5 0 1
95.5 100 0
98.5 100 1
98.5 0 0
77.5 0 1
77.5 63.7122978910821 0
80.5 64.19374841509676 1
80.5 0 0
83.5 0 1
83.5 64.67519893911143 0
76.5778 63.5643 0
62.5 66.59569122249943 1
62.5 100 0
59.5 100 1
59.5 68.11474316171467 0
58.3888 68.67740000000001 0
57.1679 66.89709999999999 1
54.99850000000001 60.9815 1
55.3275 54.3188 0
55.3275 54.3188 0