55.3275 54.3188 0
55.3275 54.3188 1
58.2266 47.0956 0
63.5673 42.0402 1
65.94450000000001 46.2685 0
65.5 46.93413451886465 1
65.5 48.6840921483097 0
64.78890000000001 47.999 1
65.94450000000001 46.2685 0
65.5 45.4778726442874 1
65.5 0 0
62.5 0 1
62.5 43.05048487276949 0
59.5 45.89022498174397 1
59.5 0 0
56.5 0 1
56.5 51.39747890034839 0
8.208110000000001 79.51859999999999 1
13.1333 92.7499 0
11.5 93.29134138412817 1
11.5 100 0
7.7653 94.52940000000001 0
5.5 88.44383586708466 1
5.5 100 0
8.5 100 1
8.5 94.28584585506707 0
7.7653 94.52940000000001 1
2.84006 81.29810000000001 0
5.5 80.41633413902628 1
5.5 0 0
2.5 0 1
2.5 100 0
0 100 1
0 0 0
8.5 0 1
8.5 80.30274927281994 0
11.5 88.36211348008911 1
11.5 0 0
14.5 0 1
14.5 100 0
17.5 100 1
17.5 0 0
20.5 0 1
20.5 100 0
23.5 100 1
23.5 0 0
26.5 0 1
26.5 100 0
29.5 100 1
29.5 0 0
32.5 0 1
32.5 100 0
35.5 100 1
35.5 80.43428746246411 0
38.5 85.6498147184534 1
38.5 100 0
41.5 100 1
41.5 90.86534197444271 0
42.7851 93.09950000000001 1
33.6605 77.2363 0
35.5 76.1647766925355 1
35.5 0 0
38.5 0 1
38.5 74.41725295108751 0
39.5363 73.81360000000001 1
49.4746 89.0872 0
47.5 90.27154674938336 1
47.5 100 0
44.5 100 1
44.5 92.07091889976829 0
50.5 100 1
50.5 0 0
47.5 0 1
47.5 86.05255116066127 0
44.5 81.44202420937182 1
44.5 0 0
41.5 0 1
41.5 76.83149725808238 0
55.3275 54.3188 0