5.60769 18.6103
2.74033 14.1557
2.06238 14.3981
3.96142 19.7088

28.4785 46.8591
9.82217 34.2008
7.59629 38.065
25.8462 50.5749

59.6579 9.29628
53.0033 8.25037
51.1257 16.5687
55.6336 16.944

92.5667 34.1125
81.1136 26.896
64.7659 53.2363
76.1422 60.8933

72.5703 26.2756
71.0271 22.9971
67.2889 24.8208
68.392 28.0197

78.1733 29.4521
77.2434 24.9863
73.324 24.6223
73.0604 28.9625

85.9411 83.8188
79.3587 82.4821
78.8251 86.3487
79.7642 86.9923
79.1203 92.8994
84.4535 93.978

89.5977 61.7401
87.2883 56.9377
79.1608 60.1145
81.331 65.0139