42.06440000000001 47.42270000000001 0
37.09336198139283 48.28999456490496 1
32.5865142115528 47.70496049424874 0
31.81235845062132 46.09188211875113 1
28.41814001324428 57.66283711739366 0
29.0531 56.38720000000001 1
16.0699 82.47049999999999 0
15.5814 88.14949999999999 1
30.9943 57.1564 0
32.48955083711073 54.44130768760604 1
19.12538569709795 100 0
15.99897678434608 100 1
25.07529574348833 69.05865660469422 0
85.85239999999999 63.89960000000001 1
82.17500000000001 72.74780000000001 1
91.43520000000001 63.3691 0
89.75817260432672 61.71324820999246 1
100 26.79866445951956 0
100 37.45665171173728 1
81.65356395213536 100 0
84.77997286488721 100 1
100 48.114638963955 0
100 58.77262621617272 1
87.9063817776391 100 0
78.16927845560389 95.69719352585889 1
68.95375407918308 97.62871629673833 0
72.26444685085841 100 1
77.21123536681168 98.96318057757668 0
78.52715503938347 100 1
88.35832766451654 66.48534614725372 0
100 69.43061346839045 1
91.03279069039098 100 0
94.15919960314284 100 1
100 80.08860072060816 0
100 90.74658797282586 1
97.28560851589472 100 0
100 100 1
100 0 0
98.48188075168392 0 1
71.84668269407479 90.79989511302372 0
70.90299999999999 90.9837 1
71.786 95.5025 0
71.25873816061673 92.80420917349363 1
70.38082965663284 95.79701590645482 0
69.43277562357918 95.99572277087944 1
68.2581628452005 100 1
76.90709525043988 100 1
78.64830000000001 94.0642 1
77.78020000000001 89.64420000000001 0
78.04420455197152 90.98840011486482 1
83.9104984956773 70.99009285097421 0
75.16254303222431 90.15405161233286 1
83.35192853885522 62.23628117060819 0
82.18809999999999 61.46210000000001 1
84.7748 56.7928 0
87.33391493156043 59.31960132190571 1
100 16.14067720730184 0
100 5.482689955084123 1
84.90965725879414 56.92595443381897 0
84.7748 56.7928 0
77.36846280408795 50.66006753484909 1
62.89511047562414 100 0
66.02151938837599 100 1
83.76118331536392 39.52514937463994 0
83.3383 39.2854 1
77.0505 51.2659 0
74.47612201872388 49.86212485125635 1
59.76870156287227 100 0
56.6422926501204 100 1
71.97102022421419 47.74407710678885 0
65.06540000000001 45.41070000000001 0
63.51418856168999 44.59961480738966 1
47.26306591186479 100 0
50.38947482461666 100 1
66.50981874049731 45.04544199063402 0
69.24041948235575 46.39475954871143 1
53.51588373736853 100 0
47.066 78.70169999999999 1
32.0873 87.9348 0
29.92918083829255 84.48563205602184 1
25.37820352260169 100 0
22.25179460984982 100 1
37.83581269067167 46.87378692970356 0
40.84753981069684 47.26473933517977 1
31.66252966442025 78.57661304793095 0
35.53038144361257 76.0490202603917 1
57.83856488590961 0 0
54.71215597315773 0 1
51.5780557502419 10.68420707437403 0
48.91285722378878 9.111932124122692 1
51.58574706040586 0 0
48.45933814765399 0 1
45.99013473809158 8.417561232924168 0
46.4216 7.64227 1
42.8096 14.1326 0
44.08686506881133 14.90584361658284 1
40.47619635290874 27.2146817180578 0
40.5797 27.0569 1
38.72369999999999 29.8862 0
39.55398271712792 30.35852548522577 1
37.00677251276247 39.0420133604411 0
34.01440036049722 38.58507950295105 1
45.33292923490212 0 0
42.20652032215025 0 1
31.02202820823197 38.12814564546099 0
28.02965605596673 37.67121178797093 1
39.08011140939838 0 0
35.95370249664651 0 1
32.29675220966901 12.46661285464853 0
32.0795 11.6082 1
33.6521 17.8219 0
30.48973152964315 18.62678060930649 1
25.03728390370148 37.21427793048089 0
24.9464 37.2004 1
23.9413 41.10420000000001 0
24.26488105963106 39.84741386868201 1
6.619750046090466 100 0
3.493341133338596 100 1
28.21180041035544 15.73430372643734 0
28.7664 19.0654 1
27.6568 12.4008 0
29.27827777783821 12.09866216302932 1
32.82729358389464 0 0
29.70088467114277 0 1
0.3669322205867256 100 0
0 100 1
0 0 0
1.563204456375935 0 1
0 5.32899362610886 0
0 15.98698087832658 1
4.689613369127805 0 0
7.816022281879675 0 1
0 26.6449681305443 0
3.130107663276883 26.63235901988576 1
0 37.30295538276202 0
4.599869999999999 27.1093 0
7.91666 15.8023 0
6.433548848865565 15.37086539349222 1
10.94243119463155 0 0
14.06884010738342 0 1
0 47.96094263497973 0
0 58.61892988719745 1
17.19524902013529 0 0
20.32165793288716 0 1
16.56490653285746 12.80683674101505 0
19.41816118595307 13.73802479048325 1
23.44806684563903 0 0
26.5744757583909 0 1
0 90.59289164385061 0
0 79.9349043916329 1
17.77837344056988 19.3280923006394 0
14.94557274460596 18.32717632355501 1
0 69.27691713941519 0
20.8053736166779 72.95691482948004 1
28.80063133059615 45.7009297132749 0
28.3197 45.63849999999999 0
26.30467007875487 43.55172168556966 1
9.746158958842337 100 0
12.87256787159421 100 1
17.45245314406469 84.38708428333985 0
27.808 81.09549999999999 1
42.1994 71.6909 0
42.80548618708025 72.56402477713027 1
64.09138271141333 0 0
60.96497379866148 0 1
39.39823322280488 73.52142747285248 0
42.1994 71.6909 0
45.00318422600738 75.73001775196082 1
67.21779162416522 0 0
70.34420053691707 0 1
65.68739890135436 15.87512505657747 0
62.5535 20.5091 0
64.01252405177306 21.58480517010592 1
41.01024808636105 100 0
37.88383917360918 100 1
43.4837299791342 80.9098660844837 0
39.66722445352131 83.26241852017813 1
34.7574302608573 100 0
31.63102134810543 100 1
35.85071892790845 85.61497095587256 0
32.0873 87.9348 0
32.05769295096621 87.88748116503712 1
28.50461243535356 100 0
44.13665699911292 100 1
60.80353684765629 43.18229063527561 0
59.6046 42.55540000000001 1
61.65600000000001 40.614 1
67.4359 35.55110000000001 0
69.60942817298596 34.4788146746826 1
76.73220756984981 10.19712468125379 0
77.50110000000001 9.16629 0
74.40723542524103 7.465011545480575 1
76.59701836242081 0 0
73.47060944966896 0 1
71.20864884697545 7.711066575519167 0
72.197 6.24963 1
62.5535 20.5091 0
65.7301932469984 37.04521282544192 1
71.57929960008332 17.10549838381017 0
85.27700137266697 34.35769688129437 1
95.35547183893206 0 0
92.22906292618018 0 1
82.53455460179896 33.04876266068081 0
79.55368404877984 32.55261963332001 1
89.10265401342832 0 0
85.97624510067644 0 1
76.47890461739848 32.37661375256616 0
73.16927934098283 33.0012018096056 1
82.84983618792455 0 0
79.7234272751727 0 1
77.09938955878425 8.945394320153035 0
77.50110000000001 9.16629 1
66.7389 23.5949 0
66.58300788679099 23.47996429900599 1
61.5188413849903 40.7438039071755 0
39.99914466502771 39.49894721793115 1
42.23328802664227 31.88271014459325 0
42.6592 32.125 1
44.309 28.8988 0
43.26049458022648 28.3809435302387 1
46.74179811697634 16.51311377692544 0
48.3865 17.5088 1
52.0937 10.9884 0
50.8441121927581 13.18623457551253 1
42.99151681729296 39.9558810754212 0
43.1606 39.9817 1
42.06440000000001 47.42270000000001 0
42.06440000000001 47.42270000000001 0