61.9858 48.593 0
34.5 61.82457735832831 1
34.5 13.79195879501027 0
31.5 13.28190858710468 1
31.5 59.77858540447504 0
28.8469 60.54940000000001 1
36.5842 90.21420000000001 0
34.5 82.2233794088377 1
34.5 100 0
31.5 100 1
31.5 70.72138258824137 0
11.9099 63.9277 1
8.38982 76.3288 0
10.5 68.89472088872981 1
10.5 100 0
7.5 100 1
7.5 76.1702555887785 0
4.5 75.63572811843119 1
4.5 100 0
1.5 100 1
1.5 0 0
4.5 0 1
4.5 64.10472454387426 0
7.5 63.76341336066804 1
7.5 0 0
10.5 0 1
10.5 63.59006880768007 0
34.0759 59.03019999999999 1
35.18337414120998 66.32730130896311 1
38.72750000000001 89.67939999999999 0
37.5 89.98568796715347 1
37.5 100 0
38.06392111073355 100 1
49.21594332987935 0 0
46.19734583441583 0 1
37.26841672248931 80.06556063524795 0
46.759 83.34960000000001 1
43.6361 89.00200000000001 0
45.75539485988342 85.16610955650034 1
55.25313832080641 0 0
52.23454082534288 0 1
41.08251860619707 100 0
43.75518812434488 100 1
44.90060371975791 89.72907717627584 0
47.73730343792521 91.36015155652552 1
46.77378561980841 100 0
49.79238311527193 100 1
50.76270453302497 91.29914379037743 0
49.9776 92.64830000000001 1
53.4014 86.7647 1
53.53058714054634 85.60628103339715 1
57.3549 90.76050000000001 1
65.44210000000001 83.9659 0
63.47013498684623 85.62268027974758 1
61.86677309712606 100 0
58.84817560166252 100 1
60.13946860530521 88.42099685359497 0
57.3549 90.76050000000001 0
56.92463816317925 90.18061446200986 1
55.82957810619899 100 0
52.81098061073547 100 1
54.30045857937496 86.64387552884935 0
53.53058714054634 85.60628103339715 1
53.0498 84.95830000000001 0
51.71122367341808 85.89571873224889 1
61.29033331173346 0 0
58.27173581626994 0 1
48.85631686178981 84.42790705990279 0
54.99952219120927 83.47731409649921 1
64.30893080719699 0 0
42.229 3.14929 1
35.18337414120998 66.32730130896311 0
35.52839263502277 68.60061389400201 1
43.1787483389523 0 0
42.41292918725814 1.5 1
30.03837508098744 1.5 0
30.017 1.69167 1
42.229 3.14929 1
40.36790000000001 14.7896 0
40.5 13.96337628767933 1
40.5 18.65320459076946 0
37.5 14.30200900291586 1
37.5 45.55415529771474 0
25.5 31.12723022706339 1
25.5 100 0
28.5 100 1
28.5 0 0
30.20565541427462 0 1
30.017 1.69167 1
28.7761 12.8188 0
13.5 0 1
13.5 100 0
16.5 100 1
16.5 0 0
25.5 0 1
25.5 30.60536378685165 0
25.789 30.8365 1
20.7948 35.86060000000001 0
22.5 34.14519106163149 1
22.5 100 0
19.5 100 1
19.5 34.75090125016449 0
18.5151 33.9068 1
17.052 31.0739 0
19.5 28.70606439602241 1
19.5 0 0
22.5 0 1
22.5 27.47654724444119 0
21.8891 26.3952 1
23.2518 28.8073 0
61.9858 48.593 0