39.8991 50.2137
32.0424 14.3646
3.40156 23.8151
11.3816 47.1477
28.0691 41.5453
32.1127 53.4558

18.6918 83.9565
16.8976 83.4007
17.0166 81.0217
13.4319 80.0797
12.8548 88.8339
17.7029 89.3246

34.8733 54.5467
21.3473 50.5508
20.4648 54.4791
33.6849 58.2841

55.2445 6.44523
51.0224 3.69033
48.1218 3.58827
43.5351 10.7693
54.8315 10.9881

68.752 83.1843
60.092 75.888
54.0168 69.238
47.6474 76.0184
64.0198 88.7418

79.1046 56.0002
57.63 31.0962
56.6998 32.1846
77.6293 57.3394

91.1404 48.2047
89.8929 40.4785
79.0732 41.3649
78.7642 36.7579
77.2586 37.0282
76.7883 35.5186
71.7933 35.2198
72.2884 40.5306
74.2892 45.5711
77.9134 49.4435
82.6591 52.2379
86.4326 53.6127
90.4318 53.6918
90.4346 48.4908

81.584 15.4409
74.2352 12.2239
72.7491 16.3662
79.5012 19.8316

67.1564 17.2867
50.5108 14.2996
48.9376 22.2279
66.1831 25.2032

79.5673 92.5462
77.3297 89.1578
76.0568 89.4119
71.9467 83.9537
67.0762 87.2678
73.0911 95.9771

75.4173 79.0912
73.3713 78.6375
73.4563 77.0798
69.3198 76.8171
69.0995 83.9049
74.5736 83.88