53.1289 56.5812 0
51.27411559805284 58.5 1
77.99230159877558 58.5 0
77.3296 56.89879999999999 1
85.84399999999999 53.5331 0
80.86822278872151 55.5 1
51.85385456570157 55.5 0
48.31599265033408 52.5 1
100 52.5 0
100 53.5331 1
100 70.81569999999999 1
93.31405127927849 70.81569999999999 0
93.17759639466229 70.5 1
83.89922446138061 70.5 0
83.08949999999999 70.81569999999999 1
91.83949999999999 67.4042 0
91.88090759564849 67.5 1
91.5937869705408 67.5 0
94.94817197872879 70.81569999999999 1
87.4781206994503 53.5331 0
90.74636209835091 53.5331 1
98.21641337762941 70.81569999999999 0
100 67.38082469840288 1
94.01460349725153 53.5331 0
97.28284489615211 53.5331 1
100 59.81946980418385 0
100 49.5 1
44.7781307349666 49.5 0
41.24026881959911 46.5 1
100 46.5 0
97.6439 36.2687 1
91.06319999999999 33.86369999999999 0
92.80428083575885 34.5 1
71.03685141434167 34.5 0
64.95481959769836 37.5 1
100 37.5 0
99.2217 36.2687 1
97.6439 36.2687 1
99.2217 31.9432 0
97.15024240451567 29.6305 1
99.2217 30.35427398112655 0
99.2217 29.6305 1
100 29.6305 1
100 36.2687 1
99.2217 36.2687 1
99.2217 29.6305 1
92.6027 29.6305 0
91.92281356656903 31.5 1
71.51946771751662 31.5 0
70.01969481290834 28.5 1
100 28.5 0
100 25.5 1
68.51992190830003 25.5 0
72.62710000000001 33.71559999999999 1
55.8561 41.988 0
54.65587623939335 39.64782258698496 1
52.8918105715985 40.1982 0
45.72505314864144 36.14894323274886 1
51.87698277517413 34.22957981294257 0
51.42919999999999 33.3565 1
68.33439999999999 25.1289 1
58.49996543674041 25.1289 0
57.86561143000787 22.5 1
100 22.5 0
100 19.5 1
60.49148987308705 19.5 0
57.4589 20.8145 1
68.05670000000001 16.2208 0
67.41257744955047 16.5 1
100 16.5 0
100 13.5 1
66.95167808375896 13.5 0
65.73326226902688 10.5 1
100 10.5 0
100 7.5 1
86.55760628048591 7.5 0
86.93190000000001 7.19637 1
83.37100000000001 10.085 0
81.76659908871989 7.5 1
45.23521859223224 7.5 0
44.068 8.645379999999999 1
39.27800000000001 4.843719999999999 0
39.58750759300915 4.5 1
23.89538636690815 4.5 0
20.938 8.07985 1
18.276 6.923120000000001 0
15.9997 4.87907 0
16.3705375767989 4.5 1
0 4.5 0
0 1.5 1
19.30538531045411 1.5 0
20.467 0.312598 1
25.0124 3.14788 0
22.37059091293212 1.5 1
42.28890052629048 1.5 0
42.6486 1.10054 0
47.51382917664276 4.5 1
79.90462511044507 4.5 0
79.7885 4.312900000000001 1
84.3869 2.09503 0
85.5867119415683 4.5 1
100 4.5 0
100 1.5 1
43.22029798935763 1.5 0
42.6486 1.10054 1
47.9686 4.81776 1
44.068 8.645379999999999 0
42.62484879763051 7.5 1
21.41702579293872 7.5 0
20.938 8.07985 0
19.60358254735332 7.5 1
0 7.5 0
0 10.5 1
63.46881433868856 10.5 0
65.45099999999999 9.805009999999999 1
53.4448 14.0146 0
54.91249412698149 13.5 1
0 13.5 0
0 16.5 1
26.71721339694739 16.5 0
26.6752 16.3483 1
33.82040000000001 13.9523 0
34.74077054771921 16.5 1
54.15787847105632 16.5 0
54.6923 18.3627 1
45.361 22.3613 0
52.0382492097234 19.5 1
35.82453694217602 19.5 0
36.90830333663284 22.5 1
45.4062447623599 22.5 0
44.64031547355596 24.9888 1
45.89920939496437 28.848 0
46.21810607859157 24.9888 1
43.0029 24.9888 0
40.74308076392084 25.5 1
37.99206973108967 25.5 0
38.1999 26.0753 1
43.0029 24.9888 1
43.94422603965241 28.848 0
44.3003914614502 30.30818864654977 1
60.90100963530786 25.1289 0
63.62081000453617 27.42295940460203 1
45.01272230504583 33.22856593964931 0
53.26642950728375 36.93870119996377 1
42.81910773972898 40.1982 0
39.3321 40.1982 1
54.9381522945027 40.1982 0
55.09293864913398 40.5 1
0 40.5 0
0 37.5 1
38.38384467064165 37.5 0
37.32952475807957 34.5 1
0 34.5 0
0 31.5 1
36.27520484551748 31.5 0
35.3771 28.9445 1
30.5383 30.297 0
27.54806501752851 19.5 1
0 19.5 0
0 22.5 1
28.37891663810964 22.5 0
29.20976825869077 25.5 1
0 25.5 0
0 28.5 1
30.0406198792719 28.5 0
34.06968240574506 43.5 1
0 43.5 0
4.08468678440031 57.1554 1
0.308453 57.65818794222673 0
0.308453 57.1554 1
0.308453 65.05629999999999 1
0 65.05629999999999 1
0 57.1554 1
38.1806 57.1554 0
38.33464558918686 58.5 1
43.02966748495187 58.5 0
39.47717934315276 55.5 1
0 55.5 0
0 52.5 1
35.92469120135364 52.5 0
46.58215562675099 61.5 1
27.00150188572207 61.5 0
38.49930000000001 59.9372 1
0.8371690000000001 65.05629999999999 1
0.308453 62.1979 0
0.308453 60.68466264740891 1
26.81529559480011 57.1554 0
32.37220305955452 49.5 1
0 49.5 0
0 46.5 1
31.63790502692998 46.5 0
30.4927 47.9128 1
47.5688 62.33320000000001 0
48.37420252433935 61.5 1
79.23393587077581 61.5 0
80.47557014277606 64.5 1
4.929967240960295 64.5 0
0.8371690000000001 65.05629999999999 1
0.308453 65.05629999999999 0
0 67.5 1
81.71720441477629 67.5 0
82.95883868677652 70.5 1
38.00007453585025 70.5 0
39.0545 70.8845 1
31.9941 68.3099 0
31.2660754229846 70.5 1
0 70.5 0
0 73.5 1
30.31226653486977 73.5 0
31.29554320066462 76.5 1
0 76.5 0
0 79.5 1
32.27881986645949 79.5 0
33.26209653225435 82.5 1
0 82.5 0
9.249834556719719 85.5 1
0 85.5 0
0 88.5 1
11.00891424267365 88.5 0
12.76799392862758 91.5 1
0 91.5 0
0 100 1
100 100 0
100 97.5 1
0 97.5 0
0 94.5 1
14.52707361458151 94.5 0
15.2361 95.70920000000001 1
18.8397 92.95529999999999 0
17.93733601896648 91.5 1
36.21192652963892 91.5 0
35.22864986384405 88.5 1
16.07717526647521 88.5 0
14.21701451398393 85.5 1
34.24537319804921 85.5 0
16.81839170267619 94.5 1
100 94.5 0
100 91.5 1
37.20883574759876 91.5 0
38.31128866816245 88.5 1
100 88.5 0
100 85.5 1
39.41374158872614 85.5 0
39.5973 85.00049999999999 1
35.45959999999999 83.22040000000001 0
35.66953733412235 82.5 1
100 82.5 0
100 79.5 1
66.77219009488931 79.5 0
66.93340000000001 80.13390000000001 1
63.2336 81.24350000000001 0
62.75924802213456 79.5 1
36.54379053007888 79.5 0
37.41804372603539 76.5 1
61.94304157900504 76.5 0
61.12683513587552 73.5 1
38.29229692199191 73.5 0
64.64189999999999 71.1234 0
72.31117201482797 73.5 1
65.24630362909937 73.5 0
66.00924686199434 76.5 1
71.21296285699367 76.5 0
71.09819999999999 76.8135 1
77.3552 78.75309999999999 0
78.15709274798837 76.5 1
100 76.5 0
100 73.5 1
79.22481199878288 73.5 0
79.4606 72.83750000000001 1
73.20160000000001 71.0676 0
58.87278778105507 40.5 1
100 40.5 0
100 43.5 1
37.70240690423162 43.5 0
35.54949999999999 41.67440000000001 1
53.1289 56.5812 0
53.1289 56.5812 0