56.5741 39.0382 0
56.5741 39.0382 1
60.2436 33.0467 0
61.5 33.94026564273136 1
61.5 0 0
64.5 0 1
64.5 36.07389898258657 0
67.399 38.1357 1
63.4511 43.899 0
64.5 42.36777444464147 1
64.5 100 0
61.5 100 1
61.5 42.51992382143376 0
58.5 40.39946431874364 1
58.5 100 0
55.5 100 1
55.5 24.14811679311852 0
52.5 23.08390735138004 1
52.5 100 0
49.5 100 1
49.5 0 0
46.5 0 1
46.5 100 0
43.5 100 1
43.5 0 0
40.5 0 1
40.5 100 0
37.5 100 1
37.5 0 0
34.5 0 1
34.5 100 0
31.5 100 1
31.5 0 0
22.5 30.60226982886989 1
22.5 0 0
19.5 0 1
19.5 23.81857644269318 0
18.8677 22.3888 0
14.6995 23.1803 1
16.3077 29.8846 0
16.5 29.95054198062122 1
16.5 100 0
13.5 100 1
13.5 0 0
10.5 0 1
10.5 100 0
7.5 100 1
7.5 0 0
4.5 0 1
4.5 100 0
1.5 100 1
1.5 0 0
16.5 0 1
16.5 22.83840283815556 0
18.8677 22.3888 1
23.2328 32.2593 0
22.5 32.008014074887 1
22.5 87.82505284337194 0
19.9719 88.98259999999999 1
22.0065 97.50970000000001 1
19.9719 97.98390578274609 0
19.9719 99.52410851634144 1
28.3668 97.56750273359535 0
28.3668 96.0273 1
26.2149 87.00399999999999 0
25.5 86.93962828320568 1
25.5 0 0
28.5 0 1
28.5 100 0
28.3668 100 1
19.9719 100 0
19.5 100 1
19.5 30.97927802775411 0
23.2328 32.2593 0
79.5 0 1
79.5 100 0
82.5 100 1
82.5 0 0
85.5 0 1
85.5 100 0
88.5 100 1
88.5 0 0
91.5 0 1
91.5 100 0
94.5 100 1
94.5 0 0
97.5 0 1
97.5 100 0
100 100 1
100 0 0
76.5 0 1
76.5 100 0
73.5 100 1
73.5 0 0
70.5 0 1
70.5 100 0
67.5 100 1
67.5 0 0
52.5 0 1
52.5 22.28545720283118 0
52.1617 22.9639 1
55.04389999999999 17.1838 0
55.5 17.34048759525193 1
55.5 0 0
58.5 0 1
58.5 18.37110102598157 0
61.06740000000001 19.2531 1
58.5673 25.2362 0
58.5 25.212326234857 1
58.5 35.89362176045783 0
56.5741 39.0382 0