23.7674 25.0774
17.5133 22.1092
17.9338 20.8352
11.6303 18.3593
11.0391 19.2944
9.86644 18.7379
7.37325 24.9227
21.2742 31.2621

31.0142 87.0194
29.2208 73.4575
27.4068 71.6396
22.9137 76.1071

44.7491 5.79167
42.285 3.26218
28.929 12.4305
33.3509 16.9638

64.5786 43.2404
53.9488 38.0396
51.6016 41.9509
38.9011 36.4278
37.8702 38.0476
51.0951 46.3226
51.7026 45.1446
61.3753 49.1672

51.9733 67.0598
48.2353 61.4558
40.844 65.7089
43.6214 69.2794

56.6481 79.7562
55.5157 70.4642
53.8574 69.8403
50.349 77.942
54.1507 80.0931

80.9145 84.8956
68.3214 79.4071
66.6501 83.7271
55.4938 80.1077
53.1444 86.4821
65.716 91.8023
67.4607 87.3873
79.1651 91.2788

87.4385 27.3793
84.8429 18.2846
81.1571 19.4399
83.5598 28.4214