19.5302 63.2203
17.5928 32.5539
4.41646 33.8279
6.43305 63.4924

28.0764 74.897
27.7517 70.0349
22.2939 69.9552
22.0451 71.8169
19.6796 72.0964
19.3487 75.788

48.816 91.3095
45.1724 86.0362
33.8086 85.0978
41.4109 96.3851

40.3343 36.1581
39.9291 33.2666
33.9218 33.4709
33.9515 36.9529

54.7833 61.6499
47.6032 56.6907
38.4889 71.0888
45.7787 75.9994

73.983 66.1706
73.816 62.3155
71.6791 53.1632
60.0585 55.7443
58.7543 51.4455
57.2566 51.3626
56.5353 49.5599
51.4044 50.6978
54.5952 58.9069
61.5298 65.3404
67.2158 67.5584
71.1265 67.8351

72.9397 45.3043
67.5483 41.2983
64.0431 46.7814
69.632 50.651

63.021 97.9824
61.1371 89.4139
56.3441 90.293
56.8895 95.724
58.7675 95.7581
59.3158 98.0761

90.0058 22.6176
82.7826 21.6818
82.7701 27.5059
81.686 33.4376
80.0677 38.695
87.0303 39.4517
88.6894 34.4141
89.9249 28.3179

97.6477 21.3558
97.6085 19.5562
88.2559 12.8302
89.3749 21.776

90.1104 76.913
86.9669 76.5013
85.8117 79.236
89.3151 79.7681