23.8881 86.4444
23.8751 84.2811
23.8278 81.9516
17.0715 81.959
17.5011 86.982

53.0907 23.2152
40.55 19.7768
40.0569 28.0495
51.2081 30.5032

69.3136 87.3502
57.569 85.6957
48.6771 83.1128
46.824 90.7576
60.2163 94.4502
67.7843 95.3692

84.0685 19.4549
79.2868 8.77616
83.4094 6.97228
82.768 5.50646
83.9189 4.89372
82.6361 0.215655
78.4505 2.37455
74.2879 5.83324
71.2992 11.7254
69.9996 16.9877
71.1222 23.0457
71.5116 24.1851
76.2126 22.4557
76.4531 23.0054

98.5787 71.6977
85.9962 69.7788
84.5979 75.1019
97.3429 77.1743