48.6138 40.2514 0
22.4672 46.34610000000001 1
19.6671 32.7719 0
11.5966 28.5023 1
10.0599 21.8849 0
10.5 23.78007650810177 1
10.5 0 0
1.5 0 1
1.5 100 0
4.5 100 1
4.5 0 0
7.5 0 1
7.5 22.83166625701961 0
5.759449999999999 23.4754 1
6.52936 29.1241 0
7.5 29.00499296105967 1
7.5 100 0
10.5 100 1
10.5 28.63686356517552 0
13.5 33.93403021972075 1
13.5 0 0
16.5 0 1
16.5 33.36870929754302 0
19.5 32.8033883753653 1
19.5 0 0
22.5 0 1
22.5 68.61502801438053 0
21.6729 65.46879999999999 1
24.9273 77.84829999999999 0
25.5 77.74975306639161 1
25.5 0 0
28.5 0 1
28.5 77.23353026069017 0
29.1929 77.11429999999999 1
31.6594 89.95689999999999 0
31.5 89.12693428339753 1
31.5 0 0
34.5 0 1
34.5 100 0
31.5 100 1
31.5 89.983137638594 0
24.877 91.07329999999999 1
21.5421 80.42259999999999 0
22.5 83.48185380970943 1
22.5 93.86230214015947 0
25.5 92.05652206754365 1
25.5 90.97075264213257 0
28.5 90.47694514036328 1
28.5 95.27178352059926 0
27.7732 93.9434 1
29.2417 96.62739999999999 1
29.2417 100 1
20.1655 100 1
20.1655 99.4513 1
20.1655 95.26750000000001 0
20.1655 97.66912669558502 1
21.5907956347274 99.4513 0
26.90480683543645 99.4513 1
29.2417 98.29965562329221 0
29.2417 99.4513 1
20.1655 99.4513 0
19.5 100 1
19.5 80.77398462620437 0
17.2764 81.1566 1
15.5453 73.62370000000001 1
21.6729 65.46879999999999 0
19.5 68.36059812814153 1
19.5 51.97372375003111 0
16.5 52.21577845250242 1
16.5 72.35314006952152 0
15.5453 73.62370000000001 0
16.5 77.7780871700075 1
16.5 100 0
13.5 100 1
13.5 40.85406731291081 0
12.2759 34.1647 1
15.5925 52.289 0
19.6106 51.9648 1
22.4672 46.34610000000001 0
48.6138 40.2514 0