52.72920000000001 34.79940000000001 0
71.4880077343654 46.5 1
0 46.5 0
0 49.5 1
19.30910578578685 49.5 0
0 37.5 1
100 37.5 0
100 40.5 1
0 40.5 0
0 43.5 1
81.77118900250269 43.5 0
82.0188 42.6327 1
85.3597 43.44580000000001 0
85.34656017215949 43.5 1
100 43.5 0
100 46.5 1
84.61926342821917 46.5 0
84.2585 47.9881 1
80.821 46.8282 1
78.17030392666379 46.8282 1
81.85910000000001 47.87260000000001 1
81.99255222968597 47.9881 1
84.2585 47.9881 0
83.7394476934283 49.5 1
100 49.5 0
100 52.5 1
87.2057393735837 52.5 0
87.56970000000001 52.815 1
81.99255222968597 47.9881 0
80.821 46.8282 0
80.91469990704326 46.5 1
77.01110929695395 46.5 0
78.17030392666379 46.8282 1
74.51929999999999 45.7945 1
67.52520000000001 47.42230000000001 0
68.38183113428181 49.5 1
25.78884639061332 49.5 0
24.1899 46.6932 1
17.686 50.43340000000001 0
18.87879011339406 52.5 1
0 52.5 0
0 55.5 1
20.61031548849432 55.5 0
22.34184086359457 58.5 1
0 58.5 0
0 61.5 1
24.07336623869482 61.5 0
25.80489161379509 64.5 1
0 64.5 0
0 67.5 1
100 67.5 0
100 64.5 1
28.74291132806153 64.5 0
32.9534 62.0767 1
26.5375 65.76929999999999 0
14.52947556064625 79.5 1
47.51673605267199 79.5 0
46.6709 80.51249999999999 1
57.5907 90.232 0
55.64480838006071 88.5 1
0 88.5 0
2.67231 85.03540000000001 1
2.67231 76.24959999999999 0
4.17231 76.90718747203061 1
7.122741035443424 76.24959999999999 0
4.17231 79.661 1
4.17231 78.44399204635536 1
10.2083 77.09870000000001 1
9.932839999999999 78.20330000000001 1
4.17231 79.661 1
5.02237 85.03540000000001 1
4.17231 85.03540000000001 1
4.17231 79.661 0
5.02237 85.03540000000001 1
15.0621 82.88480000000001 0
15.0015487460815 82.5 1
48.90384433870055 82.5 0
52.27432635938062 85.5 1
0 85.5 0
0 85.03540000000001 1
0 76.24959999999999 1
14.018 76.24959999999999 0
14.05740237521099 76.5 1
50.02291694947789 76.5 0
53.199 72.69810000000001 0
54.5557358690662 73.5 1
100 73.5 0
100 70.5 1
0 70.5 0
0 73.5 1
52.52909784628379 73.5 0
53.199 72.69810000000001 1
64.25489999999999 79.23269999999999 0
59.63144057937747 76.5 1
100 76.5 0
100 79.5 1
64.09294963406762 79.5 0
62.27532487612848 82.5 1
75.23424035737764 82.5 0
72.13570000000001 82.86940000000001 1
86.17140000000001 81.1961 0
86.23203949560389 82.5 1
100 82.5 0
100 85.5 1
86.37155823692734 85.5 0
86.3724 85.5181 1
72.7988 86.9556 0
72.56258827272282 85.5 1
60.45770011818934 85.5 0
58.64007536025019 88.5 1
100 88.5 0
100 91.5 1
0 91.5 0
0 94.5 1
100 94.5 0
100 97.5 1
0 97.5 0
0 100 1
100 100 0
100 55.5 1
89.26194009194123 55.5 0
91.15271114438949 58.5 1
100 58.5 0
100 61.5 1
81.21661264009356 61.5 0
86.428 59.7371 1
74.29480000000001 63.8415 0
73.32940470668487 61.5 1
32.62487200247018 61.5 0
30.91586559950596 58.5 1
72.09251131358408 58.5 0
70.85561792048333 55.5 1
29.20685919654175 55.5 0
27.49785279357754 52.5 1
69.61872452738257 52.5 0
52.72920000000001 34.79940000000001 0