52.72920000000001 34.79940000000001 0
52.64641494987553 34.5 1
0 34.5 0
0 31.5 1
51.81690542959026 31.5 0
50.98739590930498 28.5 1
0 28.5 0
0 25.5 1
51.4646308861152 25.5 0
50.2634 25.8816 1
58.3843 23.3018 1
72.7285 21.9369 0
72.83083276477493 22.5 1
100 22.5 0
100 19.5 1
46.87889513792823 19.5 0
46.96378813166247 16.5 1
100 16.5 0
100 13.5 1
43.36126620203207 13.5 0
47.0107 14.8422 1
34.0585 10.0786 0
34.04823519006183 10.5 1
0 10.5 0
0 7.5 1
42.39942473996635 7.5 0
41.3156 6.171939999999999 1
47.0629 1.57553 0
43.40617520151596 4.5 1
0 4.5 0
0 1.5 1
100 1.5 0
100 4.5 1
49.87430423444052 4.5 0
50.03489999999999 4.893750000000001 1
46.54000000000001 7.6637 1
43.31870000000001 8.626429999999999 0
46.54000000000001 7.6637 0
46.74654348634452 7.5 1
100 7.5 0
100 10.5 1
35.20428408766479 10.5 0
34.0585 10.0786 0
33.97515870735059 13.5 1
0 13.5 0
0 16.5 1
33.90208222463934 16.5 0
33.8290057419281 19.5 1
0 19.5 0
0 22.5 1
33.75592925921686 22.5 0
33.71810000000001 24.053 0
46.7325 24.6734 0
46.794002144194 22.5 1
66.81068988936917 22.5 0
72.7285 21.9369 0
73.37602597082144 25.5 1
100 25.5 0
100 28.5 1
73.92121917686796 28.5 0
74.2457 30.2855 0
53.72126719020292 34.5 1
100 34.5 0
100 31.5 1
63.66182019824817 31.5 0
64.79669999999999 31.1575 1
52.72920000000001 34.79940000000001 0
52.72920000000001 34.79940000000001 0