56.34950000000001 61.8997 0
61.5 59.74149332736937 1
61.5 0 0
58.5 0 1
58.5 60.99857905067621 0
56.34950000000001 61.8997 0
55.5 62.68249814991091 1
55.5 0 0
82.5 0 1
82.5 100 0
79.5 100 1
79.5 0 0
76.5 0 1
76.5 85.41804266759851 0
77.38310000000001 85.41640000000001 1
77.39279999999999 94.11699999999999 1
77.39279999999999 100 0
77.39279999999999 98.61735779916032 1
58.6943 98.85315779916033 0
58.5 100 1
58.5 67.09226154960322 0
64.5 62.34151107415049 1
64.5 85.44036404816944 0
73.5 85.42362301274125 1
73.5 0 0
70.5 0 1
70.5 85.42920335788398 0
67.5 85.43478370302671 1
67.5 60.65411371005095 0
67.83000000000001 60.46850000000001 1
65.851 57.9183 0
64.5 58.48440760406251 1
64.5 0 0
67.5 0 1
67.5 60.04325189489641 0
89.04320000000001 68.6369 1
93.08330000000001 62.4577 0
91.5 64.87930524739485 1
91.5 0 0
94.5 0 1
94.5 63.32301603218096 0
97.5 65.15540686760335 1
97.5 0 0
100 0 1
100 100 0
94.51759999999999 72.2045 1
98.22919999999999 65.60079999999999 0
97.5 66.89819682077811 1
97.5 100 0
94.5 100 1
94.5 72.19303029373083 0
91.5 70.23796672512057 1
91.5 100 0
88.5 100 1
88.5 0 0
85.5 0 1
85.5 100 0
77.39279999999999 95.61711926638677 1
58.6943 95.85291926638678 0
58.6943 94.3528 0
58.7821 85.45099999999999 0
61.5 85.44594439331217 1
61.5 64.02890843825003 0
60.70529999999999 64.4759 1
55.8034 70.29150000000001 1
52.25239999999999 65.67509999999999 0
52.5 65.99698697268374 1
52.5 100 0
55.5 100 1
55.5 69.89707145592791 0
1.5 100 1
1.5 0 0
4.5 0 1
4.5 100 0
7.5 100 1
7.5 0 0
10.5 0 1
10.5 100 0
13.5 100 1
13.5 0 0
16.5 0 1
16.5 52.18016299950564 0
16.3771 52.05159999999999 1
21.2319 57.1301 1
18.5693 59.84869999999999 1
13.8951 54.2628 0
16.5 57.37578423473535 1
16.5 100 0
19.5 100 1
19.5 58.89842544880943 0
21.2319 57.1301 0
19.5 55.31839732429761 1
19.5 0 0
22.5 0 1
22.5 100 0
25.5 100 1
25.5 0 0
28.5 0 1
28.5 36.73491329005627 0
25.9018 38.4331 1
33.7274 51.3309 1
37.0604 44.8137 1
31.5707 34.72790000000001 0
31.5 34.77410960680203 1
31.5 0 0
34.5 0 1
34.5 40.10967567808805 0
37.0604 44.8137 0
34.5 49.82019231323132 1
34.5 64.97281290387926 0
31.5 65.30341150612782 1
31.5 47.65980005622572 0
28.5 42.71533573400123 1
28.5 65.63401010837637 0
27.6235 65.73060000000001 1
25.7449 75.1455 0
28.5 74.76376628283668 1
28.5 100 0
31.5 100 1
31.5 74.34810037180262 0
34.5 73.93243446076855 1
34.5 100 0
37.5 100 1
37.5 73.51676854973448 0
38.4936 73.37909999999999 1
37.4965 64.64259999999999 0
37.5 64.6732666833818 1
37.5 0 0
40.5 0 1
40.5 100 0
43.5 100 1
43.5 0 0
46.5 0 1
46.5 100 0
49.5 100 1
49.5 0 0
52.5 0 1
52.5 65.4469412926216 0
56.34950000000001 61.8997 0