59.43340000000001 41.93389999999999 0
59.1049 36.7103 1
67.8168 39.7895 0
67.73776625188538 40.5 1
100 40.5 0
100 43.5 1
29.13361943583305 43.5 0
28.6442 44.24299999999999 0
27.76836278881887 43.5 1
0 43.5 0
0 40.5 1
25.53648687671151 40.5 0
25.726 41.76739999999999 1
28.6442 44.24299999999999 0
31.2152 40.3399 0
27.37670861663883 37.5 1
59.15456238800827 37.5 0
59.34322537904893 40.5 1
31.10974098024647 40.5 0
31.2152 40.3399 1
26.4403 36.80719999999999 0
25.92773548958525 37.5 1
0 37.5 0
0 34.5 1
100 34.5 0
100 37.5 1
61.33917754936347 37.5 0
100 1.5 1
0 1.5 0
0 4.5 1
100 4.5 0
100 7.5 1
0 7.5 0
0 10.5 1
100 10.5 0
100 13.5 1
0 13.5 0
0 16.5 1
100 16.5 0
100 19.5 1
0 19.5 0
0 22.5 1
100 22.5 0
100 25.5 1
0 25.5 0
0 28.5 1
100 28.5 0
100 31.5 1
0 31.5 0
0 46.5 1
100 46.5 0
100 49.5 1
0 49.5 0
0 52.5 1
100 52.5 0
100 55.5 1
0 55.5 0
0 58.5 1
100 58.5 0
100 61.5 1
0 61.5 0
0 64.5 1
100 64.5 0
100 67.5 1
0 67.5 0
0 70.5 1
100 70.5 0
100 73.5 1
39.49632200180342 73.5 0
38.9991 71.3544 1
30.8103 74.48419999999999 0
33.38535813790018 73.5 1
0 73.5 0
0 76.5 1
31.37971654574614 76.5 0
32.2898 79.7218 0
32.77142778781227 79.5 1
100 79.5 0
100 76.5 1
39.28578019284741 76.5 0
40.10420000000001 76.12309999999999 1
32.2898 79.7218 0
32.2271466664121 79.5 1
0 79.5 0
0 82.5 1
100 82.5 0
100 85.5 1
0 85.5 0
0 88.5 1
100 88.5 0
100 91.5 1
0 91.5 0
0 94.5 1
100 94.5 0
100 97.5 1
0 97.5 0
0 100 1
100 100 0
67.63980000000001 41.3807 1
59.43340000000001 41.93389999999999 0
59.43340000000001 41.93389999999999 0