43.1854 62.36150000000001 0
43.1854 62.36150000000001 1
42.2617 80.21799999999999 0
41.5 80.22207489574794 1
41.5 100 0
29.5 80.28627175668422 1
29.5 100 0
32.5 100 1
32.5 80.27022254145015 0
35.5 80.25417332621609 1
35.5 100 0
38.5 100 1
38.5 80.238124110982 0
25.3076 80.30869999999999 0
8.41038 60.7051 1
5.72026 55.5753 0
5.5 55.68182775929598 1
5.5 0 0
8.5 0 1
8.5 100 0
5.5 100 1
5.5 61.90515103666522 0
4.378220000000001 62.3677 1
1.31352 57.70659999999999 0
2.5 57.13276427926313 1
2.5 0 0
0 0 1
0 100 0
2.5 100 1
2.5 59.51111656866904 0
4.378220000000001 62.3677 0
26.5 67.67249147723675 1
26.5 0 0
26.414 0.605362 1
26.414 0 1
19.0527 0 1
19.0527 2.36476 1
21.3032 10.7958 0
20.5 7.786774748722506 1
20.5 100 0
11.5 100 1
11.5 0 0
14.5 0 1
14.5 100 0
17.5 100 1
17.5 0 0
19.53953337943003 0.605362 1
19.0527 0.7756470246724538 0
19.0527 0.605362 1
26.414 0.605362 1
26.414 9.18563 0
26.414 3.464782117096131 1
25.63708182926381 0.605362 0
26.414 9.18563 0
23.5 10.10369280425765 1
23.5 100 0
26.5 100 1
26.5 80.30232097191831 0
25.3076 80.30869999999999 1
26.8869 63.5724 0
29.5 63.37825926373593 1
29.5 0 0
32.5 0 1
32.5 63.15537372212167 0
35.5 62.93248818050741 1
35.5 0 0
38.5 0 1
38.5 62.70960263889314 0
41.5 62.48671709727888 1
41.5 0 0
44.5 0 1
44.5 100 0
47.5 100 1
47.5 0 0
50.5 0 1
50.5 100 0
53.5 100 1
53.5 0 0
56.5 0 1
56.5 100 0
59.5 100 1
59.5 0 0
62.5 0 1
62.5 100 0
65.5 100 1
65.5 0 0
68.5 0 1
68.5 100 0
71.5 100 1
71.5 0 0
74.5 0 1
74.5 100 0
80.5 73.27331922365988 1
80.5 0 0
77.5 0 1
77.5 100 0
80.5 100 1
80.5 77.61237419058429 0
79.8048 77.48050000000001 1
80.72450000000001 71.91470000000001 0
83.5 72.31486046541201 1
83.5 0 0
86.5 0 1
86.5 100 0
89.5 100 1
89.5 0 0
92.5 0 1
92.5 100 0
95.5 100 1
95.5 0 0
98.5 0 1
98.5 100 0
83.5 100 1
83.5 78.18145153775473 0
83.505 78.1824 1
84.65649999999999 72.48159999999999 0
43.1854 62.36150000000001 0