42.1315 17.9334 0
42.1315 17.9334 0
42.1315 17.9334 0
43.91095344111473 16.5 1
100 16.5 0
100 13.5 1
47.63521765441472 13.5 0
51.35948186771471 10.5 1
100 10.5 0
100 7.5 1
51.19435638261672 7.5 0
48.05866381090519 4.5 1
100 4.5 0
100 1.5 1
44.92297123919367 1.5 0
43.7266 0.3554 1
52.9722 9.20091 1
42.1315 17.9334 1
34.9408 11.4121 0
42.81708570730869 1.5 1
0 1.5 0
0 4.5 1
40.43324604447982 4.5 0
38.04940638165094 7.5 1
0 7.5 0
0 10.5 1
35.66556671882208 10.5 0
0 19.5 1
100 19.5 0
100 22.5 1
0 22.5 0
0 25.5 1
100 25.5 0
100 28.5 1
0 28.5 0
0 31.5 1
100 31.5 0
100 34.5 1
0 34.5 0
0 37.5 1
100 37.5 0
100 40.5 1
0 40.5 0
0 43.5 1
100 43.5 0
100 46.5 1
0 46.5 0
0 49.5 1
100 49.5 0
100 52.5 1
0 52.5 0
0 55.5 1
100 55.5 0
100 58.5 1
0 58.5 0
0 61.5 1
100 61.5 0
100 64.5 1
0 64.5 0
0 67.5 1
100 67.5 0
100 70.5 1
0 70.5 0
0 73.5 1
100 73.5 0
100 76.5 1
0 76.5 0
0 79.5 1
100 79.5 0
100 82.5 1
0 82.5 0
0 85.5 1
100 85.5 0
100 88.5 1
0 88.5 0
0 91.5 1
100 91.5 0
100 94.5 1
0 94.5 0
0 97.5 1
100 97.5 0
100 100 1
0 100 0
37.24301927069756 13.5 1
0 13.5 0
0 16.5 1
40.55096400564305 16.5 0
42.1315 17.9334 0