67.1063 69.79069999999999 0
67.1063 82.37848736536785 1
72.11768575668358 95.47040000000001 0
76.93610000000001 95.47040000000001 1
85.18260000000001 95.47040000000001 0
85.18260000000001 94.10635441909582 1
81.37931291488829 95.47040000000001 0
75.32996191889453 95.47040000000001 1
67.1063 73.98662912178929 0
67.1063 69.79069999999999 0
67.1063 69.79069999999999 1
67.1063 100 0
67.1063 99.97040000000001 1
85.18260000000001 99.97040000000001 0
98.5 100 1
98.5 0 0
95.5 0 1
95.5 100 0
92.5 100 1
92.5 0 0
89.5 0 1
89.5 100 0
86.5 100 1
86.5 0 0
83.5 0 1
83.5 88.16950857581926 0
80.5 80.42561562886681 1
80.5 0 0
78.91999999999999 0 1
78.91999999999999 20.7065 0
78.91999999999999 6.985424134842614 1
75.39558817237236 4.020630000000001 0
70.73530583740882 4.020630000000001 1
78.91999999999999 10.90573152488758 0
78.91999999999999 14.82603891493255 1
66.0750235024453 4.020630000000001 0
61.41474116748176 4.020630000000001 1
78.91999999999999 18.74634630497751 0
78.91999999999999 20.7065 1
76.5385 23.5642 0
77.5 22.41044037371405 1
77.5 72.68172268191435 0
75.16139999999999 66.64510000000001 1
85.18260000000001 92.5128 0
85.18260000000001 96.97040000000001 1
67.1063 96.97040000000001 0
68.90540959447262 95.47040000000001 1
67.1063 90.77034560894643 0
0 100 1
0 0 0
2.5 0 1
2.5 100 0
5.5 100 1
5.5 0 0
8.5 0 1
8.5 100 0
11.5 100 1
11.5 0 0
14.5 0 1
14.5 100 0
17.5 100 1
17.5 0 0
20.5 0 1
20.5 100 0
23.5 100 1
23.5 0 0
26.5 0 1
26.5 100 0
29.5 100 1
29.5 0 0
32.5 0 1
32.5 100 0
35.5 100 1
35.5 0 0
38.5 0 1
38.5 100 0
41.5 100 1
41.5 0 0
44.5 0 1
44.5 100 0
47.5 100 1
47.5 0 0
50.5 0 1
50.5 100 0
53.5 100 1
53.5 0 0
53.7685 1.5 1
78.91999999999999 1.5 0
78.91999999999999 4.020630000000001 1
53.7685 4.020630000000001 1
53.7685 10.3687 0
57.12809253067022 4.020630000000001 1
53.7685 8.032392110602078 0
53.7685 10.3687 0
56.5 12.87872055575035 1
56.5 100 0
59.5 100 1
59.5 15.63547020511922 0
62.5 18.39221985448808 1
62.5 100 0
65.5 100 1
65.5 16.19662642298864 0
68.5 17.11158978033504 1
68.5 69.24644571141263 0
71.5 68.074914631724 1
71.5 19.5197294405944 0
74.5 21.92786910085376 1
74.5 66.90338355203536 0
67.1063 69.79069999999999 0