75.5 28.5 0
75.5 29 1
80.5 29 0
80.5 30 1
75.5 30 0
75.5 30.06752080632555 1
67.5 30.06752080632555 0
67.5 31 1
107.5 31 0
107.5 32 1
67.5 32 0
67.5 33 1
107.5 33 0
107.5 34 1
67.5 34 0
67.5 35 1
107.5 35 0
107.5 35.5 0
122 38.5 1
122 41.5 0
124 38.5 1
124 41.5 0
123 41.5 1
123 38.5 0
121 35.5 1
121 30.5 0
122 30.5 1
122 35.5 0
123 35.5 1
123 30.5 0
124 30.5 1
124 35.5 0
124.5 36 1
67.5 36 0
67.5 37 1
124.5 37 0
124.5 38 1
67.5 38 0
78.5 43.5 1
93.5 43.5 1
93.5 39.5 1
93.5 38.5 1
96.5 38.5 1
97.5 38.5 1
97.5 51.5 1
97.5 52.5 1
79.5 52.5 1
78.5 52.5 1
78.5 44.5 1
78.5 43.5 0
78.5 48 1
67.5 48 0
67.5 47 1
78.5 47 0
78.5 46 1
67.5 46 0
67.5 45 1
78.5 45 0
78.5 44 1
67.5 44 0
67.5 43 1
93.5 43 0
93.5 42 1
67.5 42 0
67.5 41 1
93.5 41 0
93.5 40 1
67.5 40 0
67.5 39 1
93.5 39 0
93.5 38.5 0
98 38.5 1
98 52.5 0
99 52.5 1
99 38.5 0
100 38.5 1
100 52.5 0
101 52.5 1
101 38.5 0
86.58102496759068 25 1
119.5 25 0
119.5 26 1
85.38102496759066 26 0
84.18102496759067 27 1
119.5 27 0
119.5 28 1
82.98102496759066 28 0
81.78102496759067 29 1
107.5 29 0
107.5 30 1
80.58102496759068 30 0
80.5 30.06752080632555 1
87.18102496759067 24.5 1
100.5 24.5 0
100.5 24 1
119.5 24 0
119.5 23 1
100.5 23 0
100.5 22 1
119.5 22 0
119.5 21 1
100.5 21 0
100.5 20 1
119.5 20 0
119.5 19 1
100.5 19 0
100.5 18.5 0
97.5 18 1
106.5 18 0
106.5 17 1
97.5 17 0
97.5 16 1
106.5 16 0
106.5 15 1
97.5 15 0
100.5 18.5 0
100.5 24.5 1
100.5 18.5 1
97.5 18.5 1
97.5 14.5 1
106.5 14.5 1
106.5 18.5 1
119.5 18.5 1
119.5 28.5 1
107.5 28.5 1
107.5 35.5 1
119.5 35.5 0
120 30.5 1
120 35.5 0
119.5 35.5 1
119.5 30.5 1
124.5 30.5 1
124.5 41.5 1
121.5 41.5 1
121.5 38.5 1
104.5 38.5 1
104.5 51.5 1
126.5 51.5 1
126.5 59.5 1
51.5 59.5 0
51.5 60 1
19.5 60 0
19.5 61 1
51.5 61 0
51.5 62 1
19.5 62 0
19.5 63 1
59.5 63 0
59.5 64 1
9.5 64 0
14.5 68.5 0
14.5 69 1
59.5 69 0
59.5 68 1
9.5 68 0
9.5 67 1
59.5 67 0
59.5 66 1
9.5 66 0
9.5 65 1
59.5 65 0
51.5 62.5 1
51.5 59.5 0
72.5 52.5 0
72.5 52 1
78.5 52 0
78.5 51 1
72.5 51 0
72.5 50 1
78.5 50 0
78.5 49 1
72.5 49 0
72.5 48.5 1
67.5 48.5 1
67.5 15.5 1
75.5 15.5 1
75.5 28.5 0
75.5 28.5 0