48.91500000000001 42.77719999999999 0
48.5422515912948 41.84778521172414 1
53.23358456022883 44.66500000000001 0
59.06086152007627 44.66500000000001 1
46.69356761592836 37.23825721528651 0
48.91500000000001 42.77719999999999 1
36.4192 47.8321 0
37.00456405007117 49.5 1
75.94524510335697 49.5 0
75.2655449239771 46.5 1
39.71217417950898 46.5 0
38.0958 52.6093 1
24.745 56.49930000000001 0
24.33869382280741 55.5 1
0 55.5 0
0 52.5 1
23.11892145056907 52.5 0
0 37.5 1
40.94241050120365 37.5 0
37.2564 33.9198 1
28.3344 34.7684 0
28.43629240926527 34.5 1
0 34.5 0
0 31.5 1
21.76643140411328 31.5 0
22.6157 32.23180000000001 0
24.48935534946335 32.23180000000001 1
28.53225534946335 26.8305 0
26.6586 26.8305 1
22.9649 23.6978 0
21.22212263861221 25.5 1
9.875364361599086 25.5 0
8.87002 28.5042 0
8.835101786305017 28.5 1
2.33227012309776 28.5 0
2.330326916181978 28.5042 1
0 28.5042 1
0 21.8539 1
5.407209999999999 21.8539 1
8.511150000000001 23.3904 0
6.712420305239183 22.5 1
32.99183976836825 22.5 0
31.8529529285925 25.5 1
25.08983572317809 25.5 0
26.4617 22.229 1
19.0531 19.1899 0
19.80904974169985 19.5 1
0 19.5 0
0 16.5 1
20.12842132649404 16.5 0
21.32770902472897 13.5 1
0 13.5 0
0 22.82415963796155 1
0.4489083901410892 21.8539 0
3.754442796713697 21.8539 1
0.6775597128956738 28.5042 0
3.08443 26.8743 1
6.35674 28.2019 1
8.87002 28.5042 0
8.871425514386097 28.5 1
18.32103947128154 28.5 0
18.3046 28.517 1
22.6157 32.23180000000001 1
29.29736678592505 32.23180000000001 1
31.34785661515196 26.8305 0
30.38898743014466 29.35630630011349 1
28.23666604839004 32.23180000000001 0
29.72 13.7032 1
22.6225 10.2611 0
22.52699672296389 10.5 1
0 10.5 0
0 7.5 1
100 7.5 0
100 4.5 1
0 4.5 0
0 1.5 1
100 1.5 0
100 10.5 1
23.11510415153541 10.5 0
29.30100810551698 13.5 1
100 13.5 0
100 16.5 1
28.65114857960543 16.5 0
27.5046403340449 19.5 1
34.13072660814399 19.5 0
34.5099 18.5012 1
37.2222 18.1189 0
37.22518929934371 19.5 1
100 19.5 0
84.01900000000001 20.779 1
89.09200000000001 22.329 0
89.00830772593594 22.5 1
100 22.5 0
100 25.5 1
75.20723531113387 25.5 0
75.2004 25.4404 1
68.0128 26.4332 0
68.28554803796396 28.5 1
51.02260518754645 28.5 0
66.45269999999999 37.76600000000001 0
64.67803717930136 40.5 1
73.9061445652174 40.5 0
74.58584474459724 43.5 1
62.73071147992462 43.5 0
61.97450000000001 44.66500000000001 1
52.0586361954403 44.66500000000001 1
48.91500000000001 42.77719999999999 0
48.91500000000001 42.77719999999999 0