22.6679 23.9652
11.8918 15.1979
5.33266 11.3126
0.707131 18.0392
10.7944 24.2778
17.8965 30.219

19.3152 74.1423
15.2712 68.7549
8.12796 73.4125
11.0996 76.8231

22.4255 80.8955
17.5757 78.9275
14.5174 86.5628
15.8746 87.4119

37.0431 53.5639
33.2616 37.0729
22.472 39.2469
25.5424 54.8579

46.0679 21.6658
43.193 12.7583
38.7437 15.7074
40.87 19.5606
33.525 25.7141

51.4671 26.5249
44.4723 26.0712
41.1065 38.6703
41.0109 45.9847
48.2869 45.4026
49.3159 35.0607

62.0422 78.04
51.094 69.0783
41.1312 79.1334
49.6673 90.4333
50.8078 89.3914
49.6268 87.8776
58.8857 78.6761
60.4659 79.7262

80.5138 56.2644
66.9287 53.2941
66.1159 58.2912
52.7244 56.7529
51.8437 64.2229
66.3402 66.8689
67.3479 62.1974
79.6984 63.4743

73.0368 75.6582
70.5825 70.8782
67.1962 72.5265
68.8445 75.9128
67.3848 76.819
69.3337 80.4034
71.9229 79.092
71.1102 76.4003