56.34229999999999 68.62280000000001 0
56.34229999999999 68.62280000000001 1
64.36670000000001 76.2099 0
61.50060866602523 73.5 1
0 73.5 0
0 76.5 1
100 76.5 0
100 79.5 1
0 79.5 0
0 82.5 1
100 82.5 0
100 85.5 1
0 85.5 0
0 88.5 1
71.42706050345652 88.5 0
72.16579516631077 91.5 1
0 91.5 0
0 94.5 1
100 94.5 0
100 97.5 1
0 97.5 0
0 100 1
100 100 0
75.8147354086737 91.5 1
100 91.5 0
100 88.5 1
78.34212498721664 88.5 0
78.85759999999999 90.5248 1
72.43270000000001 92.5839 0
67.01279149262311 73.5 1
100 73.5 0
100 70.5 1
67.77841348032376 70.5 0
68.95320000000001 71.5128 1
62.3035 65.78 1
56.34229999999999 68.62280000000001 0
58.32769674974628 70.5 1
0 70.5 0
0 67.5 1
58.69675172365274 67.5 0
56.34229999999999 68.62280000000001 0