30.081 55.5855 0
75.36190106204535 0.51858 1
69.03479999999999 6.59565161059731 0
69.03479999999999 8.67548 0
77.0283 24.9516 1
80.58699999999999 30.2242 1
82.51759999999999 27.6867 0
82.5 27.70983270485859 1
82.5 100 0
79.5 100 1
79.5 28.61369161210554 0
80.58699999999999 30.2242 0
92.53039999999999 30.8547 1
90.54750000000001 38.42230000000001 0
91.5 38.75875049592112 1
91.5 85.76953154588287 0
90.559 82.37729999999999 0
88.5 82.16129038138911 1
88.5 0 0
91.5 0 1
91.5 34.78714996721973 0
90.54750000000001 38.42230000000001 0
85.5 86.2639475362497 1
85.5 0 0
84.22059999999999 3.780821871710713 1
79.98540058345398 0.51858 0
94.5 0 1
94.5 31.28986890967974 0
98.08840000000001 32.0827 0
97.5 34.05562758109666 1
97.5 100 0
100 100 1
100 0 0
97.5 0 1
97.5 31.95269726520331 0
98.08840000000001 32.0827 1
95.6592 40.22790000000001 0
94.5 39.8184370972475 1
94.5 100 0
91.5 100 1
91.5 90.74794236600087 0
91.26509999999999 93.10939999999999 0
88.5 93.18717308159324 1
88.5 100 0
85.5 100 1
85.5 92.44250058545799 0
84.35560000000001 92.65020000000001 1
85.03389999999999 86.29920000000001 0
70.5 100 1
70.5 10.32391678347451 0
73.5 13.69909447281624 1
73.5 100 0
76.5 100 1
76.5 14.75609555631939 0
79.5 11.22714357474306 1
79.5 24.20374214559387 0
78.5504 23.1077 1
82.51759999999999 27.6867 0
82.5 27.66638582375479 1
82.5 7.698191593166742 0
84.22059999999999 5.67422 1
75.49270000000001 15.941 1
69.03479999999999 8.67548 1
69.03479999999999 0 1
84.22059999999999 0 1
84.22059999999999 0.51858 1
69.03479999999999 0.51858 0
71.03110318613602 0.51858 1
69.03479999999999 2.43599483179193 0
67.5 0 1
67.5 100 0
64.5 100 1
64.5 0 0
61.5 0 1
61.5 100 0
58.5 100 1
58.5 0 0
55.5 0 1
55.5 100 0
52.5 100 1
52.5 0 0
49.5 0 1
49.5 100 0
46.5 100 1
46.5 0 0
43.5 0 1
43.5 100 0
40.5 100 1
40.5 0 0
37.5 0 1
37.5 100 0
34.5 100 1
34.5 0 0
31.5 0 1
31.5 100 0
27.6408 62.4481 1
30.081 55.5855 0
30.081 55.5855 0