30.081 55.5855 0
28.5 60.0317628473076 1
28.5 100 0
25.5 100 1
25.5 61.95366603957009 0
22.5 61.26079333717392 1
22.5 100 0
19.5 100 1
19.5 60.0326663952121 0
16.5 58.71887311020237 1
16.5 100 0
13.5 100 1
13.5 56.9739057527058 0
11.8149 55.98439999999999 1
14.0249 49.3386 0
13.5 50.91705267873303 1
13.5 19.85758645324379 0
12.0053 19.3508 1
12.7549 14.7586 0
1.5 0 1
1.5 100 0
4.5 100 1
4.5 0 0
7.5 0 1
7.5 100 0
10.5 100 1
10.5 0 0
13.5 0 1
13.5 12.2002462734932 0
12.7549 14.7586 1
13.835 11.05 1
17.1215 6.765280000000001 0
16.5 7.575550342309448 1
16.5 0 0
19.5 0 1
19.5 7.199188831578459 0
21.4333 7.551880000000001 1
19.0728 11.2866 1
17.7808 16.0929 1
17.3062 21.1481 0
16.5 20.87475334943123 1
16.5 50.72771253257176 0
19.5 52.31242906319022 1
19.5 10.61069557975005 0
28.5 0 1
28.5 55.2403534823641 0
25.5 54.58542650392788 1
25.5 0 0
22.5 0 1
22.5 53.55813288261595 0
30.081 55.5855 0