49.8691 45.3287 0
56.5 56.50983298805752 1
56.5 31.03465481913086 0
59.5 30.21115396941005 1
59.5 49.97337025996693 0
62.5 58.84288155888297 1
62.5 0 0
59.5 0 1
59.5 27.07285091360912 0
60.6277 29.9016 1
59.5279 27.197 1
58.8438 24.1529 0
56.5 24.7164852673318 1
56.5 0 0
53.5 0 1
53.5 25.43785902020977 0
51.0258 26.0328 1
52.023 29.3755 1
53.2135 31.9368 0
53.5 31.85815566885167 1
53.5 100 0
56.5 61.20801045057392 1
56.5 100 0
59.5 100 1
59.5 61.00301790999859 0
57.0347 62.2557 1
55.8673 59.9683 1
58.3291 46.5116 0
97.49979999999999 39.8122 0
98.5 37.01616917413418 1
98.5 100 0
100 100 1
100 0 0
98.5 0 1
98.5 31.7387076886202 0
99.2663 31.6793 1
99.79580000000001 37.0264 0
97.49979999999999 39.8122 0
95.5 39.99904545643297 1
95.5 100 0
92.5 100 1
92.5 0 0
95.5 0 1
95.5 35.78029157595836 0
94.11199999999999 36.03270000000001 1
94.61000000000001 40.0822 0
44.5 45.73663549770831 1
44.5 0 0
47.5 0 1
47.5 45.50870037019627 0
49.8691 45.3287 0