12.3253 37.3503
8.41025 30.4982
1.11902 33.939
5.03406 40.7912

16.6229 30.8703
15.9237 27.6976
16.3789 24.9648
9.67622 25.5661
9.03473 28.6893
9.58099 31.6416

20.769 65.4284
14.4799 58.9626
10.5522 62.4667
16.7218 68.9219

23.6217 5.14042
18.8837 2.29807
16.7457 6.75357
21.4837 9.59593

41.5048 87.3011
39.0091 73.7253
22.6392 89.03
31.032 97.0955

35.6158 58.4355
28.762 47.3849
22.7734 53.1135
29.2785 62.4973

34.0725 37.1895
30.41 35.0951
24.141 44.5015
27.6305 46.8409

42.3578 66.3799
36.4666 65.9182
36.4797 70.429
42.2567 71.1017

51.6421 6.32209
40.2984 3.11561
36.5021 15.2167
48.33 18.1919

67.6221 69.0665
67.5448 63.5634
54.7101 64.9774
54.985 70.585

88.8617 74.3096
73.3856 63.3952
63.6942 77.1359
68.1626 80.2267
87.1694 76.1458

82.1471 26.3633
72.1645 22.2979
70.6314 26.757
79.6145 32.7522