52.6407 56.4238 0
49.5 56.84089411458527 1
49.5 0 0
52.5 0 1
52.5 29.75206070332385 0
50.7409 30.6645 1
58.4097 49.1795 0
58.5 49.14146313553539 1
58.5 53.77867953610604 0
61.5 52.42436052330896 1
61.5 47.87777993073091 0
64.27090000000001 46.7106 1
56.08410000000001 27.893 0
59.36150000000001 27.9927 1
62.798 19.1557 0
64.5 19.24378962022433 1
64.5 0 0
61.5 0 1
61.5 22.49352220282264 0
55.5 28.19597071979338 1
55.5 0 0
58.5 0 1
58.5 33.44601703229588 0
61.5 40.34160505203498 1
61.5 33.67698770905825 0
64.5 33.58281327870692 1
64.5 57.94307543292992 0
72.71430000000001 54.012 1
76.6943 32.29349999999999 0
76.5 33.35377752512562 1
76.5 100 0
79.5 100 1
79.5 0 0
82.5 0 1
82.5 100 0
85.5 100 1
85.5 0 0
88.5 0 1
88.5 100 0
91.5 100 1
91.5 0 0
94.5 0 1
94.5 100 0
97.5 100 1
97.5 0 0
100 0 1
100 100 0
73.5 100 1
73.5 49.7245061683417 0
72.71430000000001 54.012 0
70.5 53.65519201390379 1
70.5 100 0
67.5 100 1
67.5 53.17177786121958 0
65.7234 52.88549999999999 0
69.01849999999999 35.7987 1
69.01849999999999 43.32100030529172 1
70.2209 35.89149999999999 1
69.01849999999999 35.7987 1
69.54169999999999 31.5038 0
76.5 32.2720478413444 1
76.5 0 0
73.5 0 1
73.5 31.9408256284428 0
70.5 31.6096034155412 1
70.5 0 0
67.5 0 1
67.5 19.39905922108979 0
68.0669 19.4284 1
67.37700000000001 33.49250000000001 0
67.5 30.98505790694303 1
67.5 50.48859657640624 0
67.86250000000001 50.46380000000001 1
69.01849999999999 43.32100030529172 0
52.6407 56.4238 0