46.3389 55.1738 0
46.3389 55.1738 1
68.03980000000001 67.60400000000001 0
67.85823465109169 67.5 1
31.70806522740759 67.5 0
40.05410000000001 70.19059999999999 0
38.91614364457047 73.5 1
88.10190459076458 73.5 0
87.23224566517592 76.5 1
37.88457627094124 76.5 0
36.85300889731199 79.5 1
55.09040718262806 79.5 0
57.02030000000001 78.4126 1
51.28279999999999 81.6454 0
51.79304875654655 82.5 1
35.82144152368276 82.5 0
34.1121 87.47110000000001 0
27.54566441522697 85.5 1
0 85.5 0
0 88.5 1
10.43667061553336 88.5 0
9.543710000000001 86.80869999999999 0
16.1984 82.09379999999999 1
34.1121 87.47110000000001 0
34.78987415005354 85.5 1
53.5842332517954 85.5 0
55.09050000000001 88.02279999999999 1
60.80629999999999 84.88759999999999 0
59.68983026282214 85.5 1
89.5684869058731 85.5 0
90.19098182708322 82.5 1
59.41024538996139 82.5 0
57.65611411583012 79.5 1
89.00531654345096 79.5 0
90.69069999999999 80.0917 1
86.60669999999999 78.65790000000001 0
88.42320000000001 91.01949999999999 1
94.8921 93.34350000000001 0
96.47142911706783 93.34350000000001 1
98.9846 85.71623362629919 0
100 94.5 1
0 94.5 0
0 97.5 1
100 97.5 0
100 100 1
0 100 0
0 91.5 1
89.76068126075731 91.5 0
88.42320000000001 91.01949999999999 0
88.94599198466298 88.5 1
15.18140087190121 88.5 0
17.55159676045599 82.5 1
0 82.5 0
0 79.5 1
17.09310139737991 79.5 0
18.12791680031759 76.5 1
0 76.5 0
0 73.5 1
19.16273220325526 73.5 0
20.19754760619293 70.5 1
0 70.5 0
0 67.5 1
21.23236300913061 67.5 0
22.26717841206828 64.5 1
0 64.5 0
0 61.5 1
57.38331067561262 61.5 0
52.14584868787308 58.5 1
0 58.5 0
0 55.5 1
46.90838670013355 55.5 0
46.3389 55.1738 0