46.3389 55.1738 0
47.89913136840612 52.5 1
0 52.5 0
0 49.5 1
49.64970886306479 49.5 0
51.40028635772345 46.5 1
0 46.5 0
0 43.5 1
9.220078856256642 43.5 0
10.7873 44.9997 1
21.8328 34.44410000000001 1
17.0149 29.8337 1
11.9378 34.5397 1
10.9108 33.6764 0
11.89057203753041 34.5 1
11.98063061410965 34.5 0
15.21720094985125 31.5 1
0 31.5 0
0 34.5 1
10.13664003404531 34.5 0
7.316727579135087 37.5 1
0 37.5 0
0 40.5 1
6.085009554909659 40.5 0
5.969429999999999 40.38939999999999 1
10.7873 44.9997 0
12.35660315188147 43.5 1
53.15086385238212 43.5 0
21.77430560366061 34.5 1
71.12291950522265 34.5 0
74.9745962506872 31.5 1
18.75619506550408 31.5 0
50.47783310371679 16.5 1
0 16.5 0
0 19.5 1
100 19.5 0
100 22.5 1
0 22.5 0
0 25.5 1
100 25.5 0
100 28.5 1
0 28.5 0
0 13.5 1
21.06038363689569 13.5 0
21.8409794423328 10.5 1
0 10.5 0
0 7.5 1
22.62157524776991 7.5 0
20.5499 15.4619 1
37.8533 13.5239 0
37.85140674502375 13.5 1
45.82495341280062 13.5 0
38.33228890234508 10.11042975642101 1
42.10225012900011 4.10238 0
38.56055038700033 4.10238 1
37.26990317545348 6.159237404827911 0
36.85380000000001 0.90645 1
23.7865 3.02294 0
23.40217105320702 4.5 1
0 4.5 0
0 1.5 1
33.18919685280818 1.5 0
36.85380000000001 0.90645 0
36.90081847243302 1.5 1
100 1.5 0
100 4.5 1
44.59839218380783 4.5 0
50.07064345744472 7.5 1
55.05626503758337 7.5 0
53.62269999999999 9.447310000000002 1
43.87309999999999 4.10238 1
37.10696779816841 4.10238 1
37.58948989631642 10.19362406931232 0
37.61375967687607 10.5 1
41.17207372188446 10.5 0
40.23699999999999 9.897099999999998 1
50.59399999999999 16.5749 0
50.64632434728961 16.5 1
59.7640500484966 16.5 0
54.0244768186227 13.5 1
52.74209259653944 13.5 0
53.0851 13.009 1
61.7641 17.5454 0
62.39038836412315 16.5 1
100 16.5 0
100 13.5 1
64.18765744042838 13.5 0
65.12049999999999 11.9429 0
62.99697002422302 10.5 1
100 10.5 0
100 7.5 1
58.58184082099969 7.5 0
56.23180000000001 5.90319 1
65.12049999999999 11.9429 0
60.37180975118035 46.5 1
77.51785323041619 46.5 0
80.13339511004486 49.5 1
65.3325930475774 49.5 0
70.29337634397444 52.5 1
100 52.5 0
100 49.5 1
82.62724014081033 49.5 0
81.23820000000001 50.7672 1
87.90180000000001 44.68810000000001 0
85.91568744386504 46.5 1
100 46.5 0
100 43.5 1
86.84870665338994 43.5 0
84.18960385073845 40.5 1
100 40.5 0
100 37.5 1
81.53050104808699 37.5 0
78.87139824543553 34.5 1
100 34.5 0
100 31.5 1
76.21229544278404 31.5 0
75.70679999999999 30.9297 1
68.70060000000001 36.3867 0
69.6712275915302 37.5 1
18.63507145306757 37.5 0
15.49583730247452 40.5 1
72.28676947115886 40.5 0
74.90231135078753 43.5 1
55.41102645478331 43.5 0
53.74039999999999 42.4897 1
76.05019999999999 55.98139999999999 0
75.25415964037148 55.5 1
100 55.5 0
100 58.5 1
74.31435832602 58.5 0
72.24673146111886 61.5 1
100 61.5 0
100 64.5 1
70.17910459621771 64.5 0
68.11147773131657 67.5 1
97.15778868994474 67.5 0
98.0795 67.09020000000001 1
100 67.09020000000001 1
100 93.34350000000001 1
98.9846 93.34350000000001 1
98.9846 80.92310000000001 0
98.5 80.75296790401566 1
98.5 67.09020000000001 0
95.5 77.15137790745226 1
95.5 79.69973577864837 0
94.9006 79.48929999999999 1
98.0795 67.09020000000001 1
88.7587 71.23429999999999 0
90.41026811852996 70.5 1
39.94771101819971 70.5 0
40.05410000000001 70.19059999999999 1
22.2807 64.46080000000001 0
22.40229539250934 64.5 1
62.62077266335216 64.5 0
46.3389 55.1738 0