38.6593 32.0616 0
38.6593 32.0616 1
32.6825 27.323 1
25.4467 23.3104 0
25.86543476515573 22.5 1
0 22.5 0
0 19.5 1
27.41553878226728 19.5 0
28.96564279937883 16.5 1
0 16.5 0
0 13.5 1
56.80496094347245 13.5 0
48.70040556574548 10.5 1
0 10.5 0
0 7.5 1
40.80695796753626 7.5 0
40.2962 9.375330000000002 1
48.81100000000001 10.5148 1
57.4281 13.7327 0
59.2594 6.367470000000001 1
50.8501 3.75525 1
42.1664 2.50859 0
41.62402691146016 4.5 1
0 4.5 0
0 1.5 1
100 1.5 0
100 4.5 1
53.24761099639387 4.5 0
59.2594 6.367470000000001 0
58.97780632417454 7.5 1
100 7.5 0
100 10.5 1
58.2318825716237 10.5 0
57.48595881907286 13.5 1
100 13.5 0
100 16.5 1
29.01077109903382 16.5 0
28.9736 16.4846 1
32.97069999999999 18.1406 1
42.15219999999999 25.3526 0
34.7013338186356 19.5 1
100 19.5 0
100 22.5 1
38.52059338602329 22.5 0
42.15219999999999 25.3526 0
42.07545928454316 25.5 1
100 25.5 0
100 28.5 1
40.5135722671039 28.5 0
38.6593 32.0616 0