48.28189999999999 57.87179999999999 0
44.5 71.7811851066476 1
44.5 32.84156567893532 0
43.7295 32.8229 1
43.6195 27.9868 1
42.17659999999999 27.9095 0
43.7295 32.8229 0
47.5 32.9142419110002 1
47.5 79.00122515914398 0
45.958 77.80170000000001 1
41.5223 83.9658 1
48.105 89.17673294496535 1
48.105 95.80000000000001 0
47.5 96.36556745670009 1
47.5 100 0
42.96425257240257 100 1
20.2076 77.52134230647545 0
17.5 79.740196045711 1
17.5 58.94885096983131 0
19.0537 57.2629 1
13.2795 63.5286 0
14.5 62.20421101970835 1
14.5 79.01999665774122 0
20.2076 73.30453600551809 1
46.5692 99.34410315047867 0
46.5692 100 1
20.2076 100 0
18.7076 100 1
18.7076 84.02004701241219 0
20.2076 81.73814860743281 1
38.69529678045384 100 0
34.4263409885051 100 1
20.2076 85.95495490839016 0
20.2076 90.17176120934752 1
30.15738519655637 100 0
25.88842940460763 100 1
20.2076 94.38856751030488 0
20.2076 98.60537381126224 1
21.6194736126589 100 0
9.759450000000001 82.81180000000001 1
11.842 78.3819 0
11.5 79.10938591870544 1
11.5 61.8495967108509 0
10.2392 60.66 1
15.7419 54.3032 0
17.83373757441267 54.16092272948624 1
18.7875 55.01328417975824 0
18.7875 54.4734 1
22.9118 45.82640000000001 1
25.1071 37.79510000000001 0
23.5 43.67452524028606 1
23.5 71.48468632872834 0
26.5 74.44936590661152 1
26.5 0 0
23.5 0 1
23.5 37.18739969473053 0
20.5 36.05299554078343 1
20.5 0 0
19.9177 0 1
1.20712 0 0
0.7075999999999991 0 1
0.7075999999999991 100 0
3.707599999999999 100 1
3.707599999999999 29.5079710423044 0
1.20712 29.3074 1
1.20712 11.68397875544508 1
2.51437 11.7093 1
1.20712 29.3074 0
6.707599999999999 29.74861009037244 1
6.707599999999999 100 0
9.707599999999999 100 1
9.707599999999999 29.98924913844049 0
9.759450000000001 29.99340818332127 1
9.759450000000001 82.81180000000001 0
12.7076 83.73060142421039 1
12.7076 100 0
15.7076 100 1
15.7076 84.66556208517781 0
18.129 85.42019999999999 1
20.2076 80.39019999999999 1
20.2076 71.19613285503942 1
18.8596 69.8646 0
20.3307 68.3527 0
20.5 68.5200067508452 1
20.5 50.8829755643382 0
18.7875 54.4734 1
14.27982639266593 52.99656938956862 0
14.5 53.19333484207984 1
14.5 55.73786115179821 0
11.5 59.20350529013029 1
11.5 52.08582627327586 0
11.4462 52.0682 0
14.5 45.19894086520102 1
14.5 30.3736619964276 0
11.5 30.13302294835955 1
11.5 51.94718155037914 0
11.4462 52.0682 1
15.1124 43.8214 1
18.0969 35.1443 0
17.5 36.87972000000001 1
17.5 30.61430104449565 0
19.279 30.757 0
19.9177 12.0464 0
19.9177 10.54611863289141 1
1.20712 10.18369738833649 0
1.20712 7.183134654119311 1
19.9177 7.545555898674232 0
19.9177 4.544993164457052 1
1.20712 4.182571919902131 0
1.20712 1.182009185684953 1
19.9177 1.544430430239874 0
35.5 0 1
35.5 24.60001152351291 0
35.3137 24.4963 1
33.6362 27.836 0
35.5 28.87358729472329 1
35.5 54.13612196891296 0
32.5 54.25624012780452 1
32.5 0 0
29.5 0 1
29.5 54.37635828669607 0
38.5 54.0160038100214 1
38.5 28.05024351454459 0
37.52119999999999 29.9988 1
39.19880000000001 26.6591 0
38.5 26.27008436591079 1
38.5 0 0
41.5 0 1
41.5 63.28022123624153 0
48.28189999999999 57.87179999999999 0