48.28189999999999 57.87179999999999 0
50.5 59.56898465569171 1
50.5 81.33493169444355 0
53.5 83.66863822974312 1
53.5 61.8644420142757 0
55.553 63.4353 1
64.51339999999999 51.3288 0
62.5 49.77320148821939 1
62.5 22.02352005301402 0
65.5 21.53262606786322 1
65.5 100 0
66.79499999999999 100 1
76.8586 100 0
77.5 100 1
77.5 33.98724077298978 0
62.5 54.04912800991028 1
62.5 100 0
71.56343796547796 98.0059 1
66.79499999999999 98.0059 0
68.3475 96.5059 1
73.2413 98.7885 1
76.8586 97.56270000000001 0
76.8586 98.0059 1
75.55072974384075 98.0059 0
76.8586 97.56270000000001 1
75.39330000000001 93.0393 0
80.5 100 1
80.5 34.0258458374056 0
80.66739999999999 34.02800000000001 1
80.97190000000001 27.5044 0
80.5 27.47683001473222 1
80.5 0 0
83.5 0 1
83.5 100 0
86.5 100 1
86.5 91.14074849927906 0
89.5 93.24674758860135 1
89.5 100 0
98.5 100 1
98.5 0 0
95.5 0 1
95.5 100 0
92.5 100 1
92.5 90.450746876979 0
94.38480000000001 87.8897 1
90.12129999999999 93.68289999999999 0
84.85050000000001 89.9828 1
88.99539999999999 84.17179999999999 0
92.5 86.58946288269567 1
92.5 0 0
89.5 0 1
89.5 84.51990040820871 0
88.99539999999999 84.17179999999999 0
86.5 87.67026061424883 1
86.5 0 0
74.5 27.1262898333237 1
74.5 0 0
77.5 0 1
77.5 27.30155992402796 0
74.04830000000001 27.0999 1
73.9144 33.94110000000001 0
74.5 33.94863570857397 1
74.5 80.51195470496856 0
74.71250000000001 80.4787 1
75.3152 85.1738 0
74.5 85.25878587068584 1
74.5 93.30607708363425 0
74.0087 93.4528 1
72.27520000000001 88.9367 0
71.5 89.19321393744755 1
71.5 85.57154054690952 0
71.2414 85.5985 1
70.78579999999999 81.0932 0
71.5 80.98143289275981 1
71.5 20.45095619625695 0
71.7569 20.3987 1
68.6319 15.0877 0
65.5 11.86935835635786 1
65.5 0 0
63.92919999999999 0 1
63.92919999999999 7.980090000000001 0
63.2702 8.270209999999999 1
67.80160000000001 15.5844 0
68.5 15.16660488979887 1
68.5 0 0
71.5 0 1
71.5 19.962093312 0
71.7569 20.3987 0
68.98910000000001 20.9617 0
68.5 21.04173208271242 1
68.5 90.18591493376155 0
66.79499999999999 90.7501 1
66.79499999999999 96.5059 1
68.3475 96.5059 1
66.79499999999999 90.7501 0
56.5 86.00234476504269 1
56.5 62.1557973550288 0
59.5 58.10246268246954 1
59.5 100 0
56.5 100 1
56.5 90.10871869906526 0
58.4624 87.52889999999999 1
53.7873 93.67490000000001 0
53.5 93.44747036852834 1
53.5 100 0
50.5 100 1
50.5 91.07263954912352 0
48.105 93.69113033833779 1
41.5223 87.18593158589397 0
46.59618236267917 87.98233740297499 1
48.105 89.47339101501331 0
41.5 89.27276379602725 1
41.5 73.5157744298524 0
38.5 74.16022978175766 1
38.5 86.3080842181441 0
35.5 83.34340464026096 1
35.5 71.70840218501704 0
32.5 63.10562125425653 1
32.5 80.37872506237781 0
29.5 77.41404548449466 1
29.5 54.50284032349603 0
29.4565 54.3781 1
36.50449999999999 74.5889 0
44.5 79.82781939490948 1
44.5 72.87131907794711 0
44.85760000000001 72.7945 1
40.0333 59.1241 1
39.4092 53.9796 0
50.5 54.77523681788223 1
50.5 19.18903968347587 0
44.5 23.19397866345449 1
44.5 11.91074374154615 0
44.20310000000001 11.4204 0
44.20310000000001 11.35219406712595 1
59.30514282276374 5.099973757721838 0
61.5557 3.78044 1
49.8837 10.6239 0
54.64957852001174 3.78044 1
44.20310000000001 8.105264524144644 0
44.20310000000001 4.858334981163344 1
46.80672165093354 3.78044 0
44.20310000000001 3.78044 1
63.92919999999999 3.78044 0
63.27868541353592 3.78044 1
63.92919999999999 4.931454781143394 0
63.92919999999999 1.5 1
44.20310000000001 1.5 0
44.20310000000001 0 1
44.20310000000001 11.4204 1
47.0864 16.1823 0
47.5 16.54660382384744 1
47.5 24.56743712677818 0
53.5 20.67756302308508 1
53.5 50.58710754221687 0
56.5 46.39897826655151 1
56.5 21.71582551337198 0
59.5 22.01341294557696 1
59.5 47.45533343649501 0
57.0817 45.5869 1
48.28189999999999 57.87179999999999 0
48.28189999999999 57.87179999999999 0