53.5 51.5 0
53.00000000000031 51.5 1
53.00000000000063 85.5 0
52.5 85.5 1
52.5 51.5 0
52.5 52 1
14.5 52 0
18.06752080632555 51.50000000000001 0
36.098612181134 26 1
12.5 26 0
12.5 27 1
37.598612181134 27 0
39.098612181134 28 1
12.5 28 0
12.5 29 1
45.5 29 0
45.5 30 1
12.5 30 0
12.5 31 1
45.5 31 0
45.5 32 1
12.5 32 0
12.5 33 1
45.5 33 0
45.5 34 1
12.5 34 0
12.5 35 1
45.5 35 0
45.5 36 1
12.5 36 0
12.5 37 1
45.5 37 0
45.5 38 1
12.5 38 0
12.5 39 1
45.5 39 0
45.5 40 1
12.5 40 0
12.5 41 1
45.5 41 0
45.5 42 1
12.5 42 0
12.5 43 1
45.5 43 0
45.5 43.5 1
45.5 28.5 1
39.848612181134 28.5 1
33.50000000000001 24.267591879244 0
33.5 23 1
12.5 23 0
12.5 22 1
33.5 22 0
33.5 20 1
12.5 20 0
12.5 21 1
33.5 21 0
33.5 24 1
12.5 24 0
12.5 25 1
34.59861218113402 25 0
33.50000000000001 24.267591879244 1
33.5 19.5 1
12.5 19.5 1
12.5 44.81897503240933 1
18.06752080632555 51.50000000000001 1
14.5 51.5 1
14.5 56.5 1
35.5 56.5 1
35.5 62.5 1
41.5 62.5 1
41.5 60.5 0
41.5 62 1
35.5 62 0
35.5 61 1
41.5 61 0
41.5 60.5 1
52.5 60.5 0
52.5 60 1
35.5 60 0
35.5 59 1
52.5 59 0
52.5 58 1
35.5 58 0
35.5 57 1
52.5 57 0
52.5 56 1
14.5 56 0
14.5 55 1
52.5 55 0
52.5 54 1
14.5 54 0
14.5 53 1
52.5 53 0
53.5 51.5 0