53.5 51.5 0
66.5 72 1
85.5 72 0
85.5 73 1
66.5 73 0
66.5 74 1
85.5 74 0
85.5 75 1
66.5 75 0
66.5 76 1
85.5 76 0
85.5 77 1
66.5 77 0
66.5 78 1
85.5 78 0
85.5 79 1
66.5 79 0
66.5 80 1
85.5 80 0
85.5 81 1
66.5 81 0
66.5 82 1
85.5 82 0
85.5 83 1
66.5 83 0
67.67157287525382 83.5 1
66.5 84.67157287525382 0
66.5 86.08578643762692 1
69.08578643762692 83.5 0
69.79289321881346 83.5 1
65.50000000000001 87.79289321881346 1
65.5 90.5 1
55.5 90.5 1
55.5 85.5 1
29.5 85.5 1
29.5 89.5 1
22.5 89.5 1
22.5 73.5 1
28.5 73.5 1
28.5 78.5 0
28 73.5 1
28 89.5 0
27 89.5 1
27 73.5 0
26 73.5 1
26 89.5 0
25 89.5 1
25 73.5 0
24 73.5 1
24 89.5 0
23 89.5 1
23 73.5 0
28.5 78.5 1
37.5 78.5 1
37.5 74.5 1
52.5 74.5 0
52.5 75 1
37.5 75 0
52.5 79 1
29.5 79 0
29 78.5 1
29 89.5 0
29.5 85.5 0
29.5 85 1
52.5 85 0
52.5 84 1
29.5 84 0
29.5 83 1
52.5 83 0
52.5 82 1
29.5 82 0
29.5 81 1
52.5 81 0
52.5 80 1
29.5 80 0
37.5 78.5 0
37.5 78 1
52.5 78 0
52.5 77 1
37.5 77 0
37.5 76 1
52.5 76 0
52.5 60.5 0
50.5 51.5 1
50.5 43.5 1
45.5 43.5 0
50.5 44 1
12.5 44 0
12.65085413965889 45 1
50.5 45 0
50.5 46 1
13.48418747299222 46 0
14.31752080632555 47 1
50.5 47 0
50.5 48 1
15.15085413965889 48 0
15.98418747299222 49 1
50.5 49 0
50.5 50 1
16.81752080632555 50 0
17.65085413965888 51 1
50.5 51 0
50.5 51.5 1
53.5 51.5 0
53.5 51.5 0