53.5 51.5 0
53.5 24.5 0
53.00000000000006 24.5 1
52.99999999999997 15.5 0
51.99999999999997 15.5 1
52.00000000000006 24.5 0
50.00000000000006 24.5 1
49.99999999999997 15.5 0
50.99999999999998 15.5 1
51.00000000000006 24.5 0
53.99999999999997 15.5 1
54.00000000000063 85.5 0
55.00000000000063 85.5 1
54.99999999999997 15.5 0
55.99999999999997 15.5 1
56.00000000000067 90.5 0
57.00000000000067 90.5 1
56.99999999999998 15.5 0
57.99999999999997 15.5 1
58.00000000000067 90.5 0
59.00000000000067 90.5 1
58.99999999999998 15.5 0
59.99999999999997 15.5 1
60.00000000000067 90.5 0
61.00000000000067 90.5 1
60.99999999999998 15.5 0
61.99999999999997 15.5 1
62.00000000000067 90.5 0
63.00000000000067 90.5 1
62.99999999999998 15.5 0
63.99999999999997 15.5 1
64.00000000000068 90.5 0
65.00000000000068 90.5 1
64.99999999999997 15.5 0
65.99999999999997 15.5 1
66.00000000000065 87.29289321881282 0
66.5 86.79289321881348 1
66.5 83.5 1
69.79289321881346 83.5 1
80.5 83.5 0
80.5 84 1
85.5 84 0
85.5 85 1
80.5 85 0
80.5 83.5 1
80.5 85.5 1
85.5 85.5 1
85.5 71.5 1
66.5 71.5 1
66.5 62.5 1
84.5 62.5 1
84.5 54.5 1
88.5 54.5 1
88.5 52.5 1
83.5 52.5 1
83.5 36.5 0
85.00000000000017 36.5 1
85 17.5 0
84 17.5 1
84.00000000000017 36.5 0
83.5 36.5 1
85.5 36.5 1
85.5 17.5 1
79.5 17.5 1
79.5 13.04031242374328 1
74.50000000000001 17.04031242374328 1
74.5 15.5 1
49.5 15.5 1
49.5 24.5 1
53.5 24.5 1
53.5 51.5 0
53.5 51.5 0