18.2493 64.5333
11.3162 48.692
3.04646 51.8459
9.12753 66.0132

31.7947 46.0704
23.1612 44.2082
21.4798 52.6838
29.967 54.1959

43.1963 34.8443
42.0237 28.6512
31.5117 19.618
26.5125 25.2375
40.2141 37.5565

54.6807 80.7983
48.6627 74.3677
39.8311 70.979
33.7281 71.0378
29.9956 72.2371
27.9644 74.8455
29.5548 78.3613
34.946 86.0596
44.7699 79.3372
47.5809 82.8411
49.0018 82.3605
50.3426 83.7649

57.7119 15.9891
56.1708 15.5553
51.7136 23.6492
56.921 24.176

70.567 75.0777
67.114 66.6367
66.0689 66.9345
66.6646 74.7293

79.4712 47.963
79.446 41.9422
67.483 42.8892
67.3089 48.9273

77.305 82.3192
76.9667 79.1081
73.8181 79.0182
74.1564 82.2293

92.7354 44.6717
92.535 39.7339
87.0174 39.4445
87.2178 44.3824