6.27643 25.9975
2.73045 24.9224
1.23762 31.0828
5.13386 32.0724

31.2804 69.2971
8.2548 70.3333
8.79344 78.3458
31.1191 77.2955

20.4734 60.8884
16.4022 58.5276
14.1842 62.9504
17.9685 65.7142

40.6525 31.1575
28.5453 17.9998
18.0027 30.4882
28.8508 43.3302

44.8179 28.5777
44.617 23.0029
40.3075 22.3316
39.945 28.1127

38.1046 91.4433
36.4726 86.109
32.1358 86.572
33.2767 92.251

55.8604 44.1586
49.7945 40.102
40.197 53.3849
43.4619 55.0409
48.5232 54.0362

53.346 66.9438
48.5393 62.7361
46.6244 65.1221
45.6168 67.844
50.7667 71.6391

73.2275 93.0717
66.9205 80.0986
62.3067 82.0585
55.8792 71.0499
49.1777 74.4211
55.5519 87.4936
60.1978 85.367
66.8914 96.3407

86.0673 65.664
80.5003 57.809
77.2331 50.3278
69.4535 54.9302
79.6652 68.6871

71.6891 49.6465
70.9393 31.9578
63.4448 32.306
64.2945 49.9927

99.4797 22.4537
86.9669 14.8537
84.3426 19.3753
72.9023 13.3405
68.8029 20.3817
81.4868 27.5332
84.0683 23.1238
95.9039 28.7956

98.6156 48.4028
97.3791 41.7238
92.6796 42.1928
92.4187 43.5088
88.5007 44.2859
89.6427 49.8957