11.2409 46.8704
6.0225 43.6753
2.88717 49.427
8.27149 52.6575

34.2621 64.5044
28.547 61.9992
26.0269 69.542
32.5941 71.8966

49.8691 45.3287
41.3601 45.9752
33.7105 44.7675
33.8427 57.2012
43.1097 60.8515
49.3485 60.7296

60.6277 29.9016
59.5279 27.197
58.8438 24.1529
51.0258 26.0328
52.023 29.3755
53.2135 31.9368

62.6835 59.3854
58.3291 46.5116
55.8673 59.9683
57.0347 62.2557

99.7958 37.0264
99.2663 31.6793
95.5114 31.9704
95.8024 35.7253
94.112 36.0327
94.61 40.0822
97.4998 39.8122
97.7313 37.0101