19.3757 35.1438
15.9815 30.6635
13.1813 33.4116
13.8273 35.0917
11.5182 37.7795
14.8607 41.1226

44.4077 79.9134
43.2345 62.7918
28.8537 63.6183
29.689 79.5637

49.5179 11.6016
37.154 11.7582
37.7104 15.5185
49.3811 15.8714

54.4037 21.0617
49.6661 17.0147
43.1376 26.8848
44.4596 29.4659
47.2785 31.7655

56.8613 85.3358
49.9732 79.0912
47.2789 82.0696
54.3904 88.3047

75.0731 15.8623
71.6429 9.1687
55.2014 17.4852
56.6509 21.2467
62.8488 22.3942

91.9427 43.5576
86.0915 38.8488
80.4095 45.0363
75.0048 52.4125
81.1153 56.6824