17 12
17 13
15 13
15 29
17 29
17 47
15 47
15 51
50 51
50 60
15 60
15 74
13 74
13 81
28 81
28 71
58 71
58 83
24 83
24 97
21 97
15 92
15 119
13 119
13 129
20 129
20 133
41 133
41 130
46 130
46 170
53 170
53 159
57 159
57 177
66 177
66 173
79 173
79 166
82 166
82 158
77 158
73 151
75 151
75 148
85 148
85 144
79 144
79 140
70 140
62 131
62 128
61 128
61 123
62 123
62 126
63 126
63 129
88 129
88 126
108 126
108 115
100 115
100 111
92 111
92 116
61 116
61 109
84 109
88 105
88 107
99 107
99 104
103 104
103 96
89 96
89 100
71 100
71 84
83 84
89 79
89 80
103 80
103 58
81 58
81 70
79 70
74 75
74 72
72 72
72 48
103 48
103 20
101 20
94 14
61 14
61 34
67 34
67 39
64 39
64 56
59 56
59 42
61 42
61 41
56 36
59 36
59 15
36 15
36 13
18 13
18 12
