51.53530000000001 49.84610000000001 0
54.2801 71.33519999999999 0
57.80837147609874 73.5 1
8.958013299382337 73.5 0
8.148785173231889 70.5 1
33.98227026716255 70.5 0
29.99040939580409 67.5 1
0 67.5 0
0 64.5 1
24.40312665803015 64.5 0
21.1366 77.9375 0
20.26514544865845 79.5 1
73.45435445935283 79.5 0
68.38550000000001 80.273 1
80.84780000000001 78.3725 0
80.98328518929807 79.5 1
100 79.5 0
100 82.5 1
79.63337114275325 82.5 0
81.31309999999999 82.24469999999999 1
68.6523 84.16900000000001 0
68.53800605749487 82.5 1
18.59195271008267 82.5 0
18.5528 82.5702 0
0 94.5 1
100 94.5 0
100 100 1
0 100 0
0 97.5 1
100 97.5 0
100 91.5 1
0 91.5 0
0 88.5 1
100 88.5 0
100 85.5 1
0 85.5 0
0 82.5 1
18.46371292462079 82.5 0
18.5528 82.5702 1
16.3524 80.83629999999999 0
17.27612532218578 79.5 1
0 79.5 0
3.145735740552839 77.28200000000001 1
0.8803357833798178 70.49289999999999 0
3.05189 72.26179999999999 1
8.14687 70.49289999999999 0
8.126419800440967 70.5 1
2.46400918449464 70.5 0
2.461640042826979 70.49289999999999 1
0 70.49289999999999 1
0 77.28200000000001 1
4.727040000000001 77.28200000000001 1
9.46575 75.38229999999999 0
6.677701272832564 76.5 1
100 76.5 0
100 73.5 1
61.33992344953384 73.5 0
62.23068145520875 70.5 1
74.92399864192899 70.5 0
75.1249 71.3546 1
82.44630000000001 69.3092 0
78.18389503275645 70.5 1
100 70.5 0
100 67.5 1
82.07428080181344 67.5 0
81.45740174225142 64.5 1
100 64.5 0
100 61.5 1
63.41704583249648 61.5 0
63.0089 58.93089999999999 0
62.64557997205823 58.5 1
100 58.5 0
100 55.5 1
37.33457653889515 55.5 0
39.66289999999999 56.789 1
23.641 47.919 0
26.49676368658398 49.5 1
46.59619221628476 49.5 0
46.47180130966397 46.5 1
0 46.5 0
0 49.5 1
22.87229069939722 49.5 0
21.41363927510352 52.5 1
0 52.5 0
0 55.5 1
19.95498785080981 55.5 0
18.49633642651612 58.5 1
0 58.5 0
0 61.5 1
18.81584392025621 61.5 0
17.4058 60.74290000000001 1
32.9323 69.0796 1
33.86916703498086 69.0796 1
33.768 67.8091 1
41.8531 71.48320000000001 0
39.68950338586319 70.5 1
54.69645790115925 70.5 0
54.2801 71.33519999999999 1
60.7957 75.3329 0
62.7002 68.9187 1
56.8947 66.09039999999999 0
56.19199633923124 67.5 1
33.79732333165184 67.5 0
32.9323 69.0796 1
33.62805344572274 67.8091 1
33.768 67.8091 0
35.44018861080826 64.5 1
58.28100663130596 64.5 0
60.15470000000001 66.6523 1
63.79989999999999 63.90989999999999 0
63.01553866686115 64.5 1
73.5135046699817 64.5 0
74.21875165595534 67.5 1
59.78811045857935 67.5 0
55.66934463898048 61.5 1
37.08305388996469 61.5 0
38.72591916912111 58.5 1
53.05768264665501 58.5 0
52.73609999999999 58.1306 1
61.13800000000001 56.712 0
51.53530000000001 49.84610000000001 0