55.76309999999999 52.90049999999999 0
55.76309999999999 52.90049999999999 1
61.3158 50.57089999999999 0
89.4846886930913 25.5 1
0 25.5 0
0 28.5 1
100 28.5 0
100 25.5 1
91.62190821432296 25.5 0
94.37917914104034 22.5 1
100 22.5 0
100 19.5 1
93.2112379377306 19.5 0
92.6037 18.7208 0
92.24520141457057 19.5 1
0 19.5 0
0 22.5 1
90.86494505383092 22.5 0
51.11497055583953 16.5 1
100 16.5 0
100 13.5 1
84.27965153084961 13.5 0
84.91023506761667 10.5 1
100 10.5 0
100 7.5 1
85.5408186043837 7.5 0
85.66929999999999 6.88875 1
74.64940000000001 6.662380000000001 0
74.5346640399323 7.5 1
47.8191128394068 7.5 0
54.03144139447042 10.5 1
74.12372843643297 10.5 0
73.71279283293364 13.5 1
54.09647005292925 13.5 0
56.09 11.4941 1
39.369 3.41935 0
41.60678428434316 4.5 1
100 4.5 0
100 1.5 1
0 1.5 0
0 4.5 1
38.46248317535544 4.5 0
35.94589549763033 7.5 1
0 7.5 0
0 10.5 1
38.88935837429686 10.5 0
35.0502 8.56775 1
44.852 13.501 1
50.06270000000001 17.5588 0
48.70307430134555 16.5 1
0 16.5 0
0 13.5 1
44.8500131150864 13.5 0
18.3833 44.2983 1
10.5484 48.9196 0
10.90512098705697 49.5 1
0 49.5 0
0 46.5 1
14.65056260359639 46.5 0
0 37.5 1
100 37.5 0
100 34.5 1
0 34.5 0
0 31.5 1
100 31.5 0
100 40.5 1
0 40.5 0
0 43.5 1
100 43.5 0
100 46.5 1
19.79101310720876 46.5 0
21.4672 49.1216 0
18.0911 51.2563 1
21.4672 49.1216 0
20.86874764603925 49.5 1
100 49.5 0
100 52.5 1
60.87830308279216 52.5 0
60.19793879290384 55.5 1
100 55.5 0
100 58.5 1
59.51757450301554 58.5 0
59.2589 59.64060000000001 0
58.66731983353363 58.5 1
47.11284247305976 58.5 0
55.76309999999999 52.90049999999999 0