55.76309999999999 52.90049999999999 0
57.11134885387457 55.5 1
0 55.5 0
0 52.5 1
12.74895792911576 52.5 0
0 58.5 1
42.22315085571319 58.5 0
45.72369999999999 56.3329 1
39.65479999999999 60.09 0
40.54241775445421 61.5 1
0 61.5 0
0 64.5 1
42.43096616818657 64.5 0
43.0856 65.53989999999999 1
49.25709999999999 61.8451 0
49.03588590399478 61.5 1
100 61.5 0
100 64.5 1
76.14555038560141 64.5 0
76.79771949221691 67.5 1
100 67.5 0
100 70.5 1
77.44988859883242 70.5 0
78.10205770544789 73.5 1
100 73.5 0
100 76.5 1
78.75422681206339 76.5 0
79.4063959186789 79.5 1
100 79.5 0
100 82.5 1
79.95001668565556 82.5 0
77.88621399146618 85.5 1
100 85.5 0
100 88.5 1
0 88.5 0
0 85.5 1
75.01948340548043 85.5 0
76.95310000000001 86.85640000000001 1
63.18770000000001 77.2002 0
63.67882905959752 76.5 1
36.23922508925817 76.5 0
35.56244984352273 73.5 1
65.7830666756966 73.5 0
67.88730429179566 70.5 1
0 70.5 0
0 67.5 1
69.99154190789474 67.5 0
72.0957795239938 64.5 1
44.82256623633214 64.5 0
36.91600033499361 79.5 1
66.46618086410803 79.5 0
70.74283213479421 82.5 1
26.03498979188278 82.5 0
37.157 80.56829999999999 1
28.245 81.87430000000001 1
17.3493 84.95910000000001 0
15.3976 77.9256 1
35.10980000000001 71.49350000000001 0
28.96055958085229 73.5 1
0 73.5 0
0 100 1
100 100 0
100 97.5 1
0 97.5 0
0 94.5 1
100 94.5 0
100 91.5 1
0 91.5 0
0 82.5 1
16.66693340157816 82.5 0
15.8344744551077 79.5 1
0 79.5 0
0 76.5 1
19.76657938775828 76.5 0
14.1051 54.70650000000001 1
18.3212 52.57810000000001 0
18.30760428960508 52.5 1
56.71770866672391 52.5 0
55.76309999999999 52.90049999999999 0