54.18559999999999 49.1956 0
55.66630401881984 46.49999999999999 1
0 46.49999999999999 0
0 43.5 1
57.31421619290336 43.5 0
58.96212836698687 40.5 1
32.92268222699154 40.5 0
33.3428 39.13460000000001 1
3.47461 30.6914 1
0 30.6914 1
0 43.0951 1
1.49939 43.0951 1
32.1242 43.0951 0
26.35715792854509 43.0951 1
1.49939 36.39916716809869 0
1.49939 39.50610150429604 1
14.82307378563525 43.0951 0
0 70.5 1
100 70.5 0
100 67.5 1
0 67.5 0
0 64.5 1
29.76027016781835 64.5 0
27.89807865745311 61.49999999999999 1
0 61.49999999999999 0
0 58.49999999999999 1
31.34460636295069 58.49999999999999 0
27.646 61.0939 1
32.3721 57.7794 0
32.92969525838409 58.49999999999999 1
65.31676548133595 58.49999999999999 0
63.6284 60.6277 1
61.2214 61.9995 0
62.09783716285175 61.49999999999999 1
51.26361707183331 61.49999999999999 0
56.3779 85.44239999999999 1
63.9948 81.07579999999999 0
64.6978156415091 82.5 1
100 82.5 0
100 79.5 1
0 79.5 0
0 76.5 1
100 76.5 0
100 73.5 1
0 73.5 0
0 94.49999999999997 1
100 94.49999999999997 0
100 97.49999999999997 1
0 97.49999999999997 0
0 100 1
100 100 0
100 91.49999999999997 1
58.06974117856862 91.49999999999997 0
57.07810000000001 92.0095 1
66.9007 86.96270000000001 0
66.17867993341147 85.5 1
100 85.5 0
100 88.49999999999997 1
63.90864900134741 88.49999999999997 0
57.07810000000001 92.0095 0
57.02377588433251 91.49999999999997 1
0 91.49999999999997 0
0 88.49999999999997 1
56.70390866744835 88.49999999999997 0
56.38404145056417 85.5 1
0 85.5 0
0 82.5 1
61.51048978610363 82.5 0
58.97764960648449 52.49999999999999 1
0 52.49999999999999 0
0 55.49999999999999 1
87.79511675524475 55.49999999999999 0
88.63763423776223 58.49999999999999 1
66.07090368434805 58.49999999999999 0
65.64789999999999 58.0827 1
70.691 63.0578 0
69.11190788526864 61.49999999999999 1
89.48015172027971 61.49999999999999 0
90.08799999999999 63.6644 1
97.19749999999999 61.5082 1
97.84886044683978 63.6644 0
100 64.5 1
69.46445843207556 64.5 0
68.74590000000001 65.3449 1
65.91849999999999 66.81880000000001 0
63.65849637291721 64.5 1
51.16080222993968 64.5 0
51.1315 65.35499999999999 1
44.05759999999999 64.85980000000001 0
44.09451196158324 64.5 1
39.09232076726342 64.5 0
39.2449 64.72049999999999 1
36.13379999999999 66.9359 0
44.40228262514552 61.49999999999999 1
37.01641283887467 61.49999999999999 0
36.5393 60.8105 1
35.33240000000001 61.60509999999999 0
35.49203401711554 61.49999999999999 1
35.25107435240609 61.49999999999999 0
36.5393 60.8105 0
44.4806 60.7366 1
46.0338 60.88200000000001 1
46.5665 58.85509999999999 0
40.73847891510312 37.5 1
59.52817757630162 37.5 0
61.8918221005386 34.5 1
46.41802563626231 34.5 0
54.18559999999999 49.1956 0