54.18559999999999 49.1956 0
54.62704168388024 49.49999999999999 1
0 49.49999999999999 0
3.288989642725414 43.0951 1
1.49939 42.61303584049341 0
1.49939 43.0951 1
1.49939 30.6914 0
1.813692035323487 30.6914 1
1.49939 31.35244279287591 0
3.47461 30.6914 0
6.335067934669301 31.49999999999999 1
37.11798717570245 31.49999999999999 0
35.4568789457587 28.49999999999999 1
0 28.49999999999999 0
0 25.49999999999999 1
33.79577071581495 25.49999999999999 0
14.2077 18.671 0
14.18257344637656 13.5 1
0 13.5 0
0 16.5 1
14.19715083196355 16.5 0
14.2077 18.671 0
16.94769940141177 34.5 1
38.7790954056462 34.5 0
27.56033086815423 37.5 1
40.44020363558995 37.5 0
40.5077 37.6219 1
47.6414 33.85380000000001 0
46.41820310246327 31.49999999999999 1
64.25546662477558 31.49999999999999 0
66.61911114901258 28.49999999999999 1
44.85919609566142 28.49999999999999 0
39.52760000000001 18.2404 1
32.1799 22.5817 0
32.31817818625758 22.49999999999999 1
0 22.49999999999999 0
0 19.5 1
37.39571256536061 19.5 0
39.52760000000001 18.2404 0
40.18217507525587 19.5 1
81.0727909952804 19.5 0
81.1873467406248 22.49999999999999 1
41.74118208205772 22.49999999999999 0
43.30018908885957 25.49999999999999 1
81.30190248596918 25.49999999999999 0
81.41645823131358 28.49999999999999 1
69.12237157000473 28.49999999999999 0
67.4110855244017 31.49999999999999 1
81.53101397665796 31.49999999999999 0
81.64556972200234 34.5 1
65.69979947879867 34.5 0
63.98851343319562 37.5 1
100 37.5 0
100 34.5 1
89.35104292000733 34.5 0
89.07233540413048 31.49999999999999 1
100 31.49999999999999 0
100 28.49999999999999 1
88.79362788825364 28.49999999999999 0
88.51492037237676 25.49999999999999 1
100 25.49999999999999 0
100 22.49999999999999 1
87.74729450194198 22.49999999999999 0
88.2801 22.9724 1
83.4306 18.6727 0
84.36368634323324 19.5 1
100 19.5 0
100 16.5 1
20.94933932542624 16.5 0
20.79816067457376 13.5 1
34.34810796168765 13.5 0
35.1662 16.3161 1
41.2728 14.0665 0
41.08747454595547 13.5 1
100 13.5 0
100 10.5 1
40.10605113530481 10.5 0
39.1592 7.60568 1
33.2924 9.865960000000001 0
33.47659199459237 10.5 1
0 10.5 0
0 1.5 1
100 1.5 0
100 4.5 1
0 4.5 0
0 7.499999999999998 1
100 7.499999999999998 0
89.3948 34.971 1
81.67699999999999 35.3231 0
85.88288966335242 43.5 1
100 43.5 0
100 40.5 1
82.01848586197301 40.5 0
79.0684 38.2098 1
87.86519999999999 45.0389 0
86.80635633776524 46.49999999999999 1
100 46.49999999999999 0
100 49.49999999999999 1
84.63228817904627 49.49999999999999 0
84.37139999999999 49.86 1
74.904 43.0117 0
75.57904802943796 43.5 1
65.74328275234859 43.5 0
66.05009999999999 43.0141 1
62.4151 40.25830000000001 0
62.73391105305174 40.5 1
77.08224683562756 40.5 0
74.904 43.0117 0
74.58069618393742 46.49999999999999 1
63.84895934639216 46.49999999999999 0
61.95463594043575 49.49999999999999 1
70.998324173181 49.49999999999999 0
70.602 48.6918 1
75.14959999999999 46.1866 0
75.43456619701703 46.49999999999999 1
79.72638386460872 46.49999999999999 0
83.87371969977949 49.49999999999999 1
77.52860649003117 49.49999999999999 0
78.4513 51.2835 1
73.37469999999999 54.346 0
76.43475015510205 52.49999999999999 1
100 52.49999999999999 0
97.2230484798252 56.4057 1
99.41580892666497 63.6644 0
100 63.6644 1
100 56.4057 0
100 55.49999999999999 1
94.02633882786637 55.49999999999999 0
92.92779999999999 52.97969999999999 0
73.37469999999999 54.346 0
72.46946067348165 52.49999999999999 1
60.06031253447932 52.49999999999999 0
59.7319 53.0201 1
54.18559999999999 49.1956 0
54.18559999999999 49.1956 0