50.8022 35.828 0
50.8022 35.828 1
82.6583 23.925 0
100 1.5 1
0 1.5 0
0 4.5 1
100 4.5 0
100 7.499999999999998 1
0 7.499999999999998 0
0 10.5 1
100 10.5 0
100 13.5 1
0 13.5 0
0 16.5 1
100 16.5 0
100 25.49999999999999 1
83.21012481751825 25.49999999999999 0
83.2535 25.6238 1
77.76589999999999 28.712 0
78.14261497959978 28.49999999999999 1
100 28.49999999999999 0
100 31.49999999999999 1
78.68177140439931 31.49999999999999 0
88.31291841542412 36.1559 1
93.70417000264166 53.01600000000001 0
94.93316686269807 53.01600000000001 1
95.4265 54.86153853025856 0
84.77442756218943 44.78974428796738 1
88.05514968757447 55.04957026925713 0
90.8620490627234 53.9777108077714 1
87.66208268656831 43.97043286390213 0
100 43.15530618236123 1
97.76184247482308 36.1559 0
100 34.5 1
79.66728582807147 34.5 0
83.53117062486103 37.5 1
80.65280025174363 37.5 0
80.94990000000001 38.4044 1
87.3674 36.1559 1
100 36.1559 1
100 53.01600000000001 0
100 53.00520231851328 1
94.61220112169011 36.1559 0
91.4625597685571 36.1559 1
96.85381135577464 53.01600000000001 0
98.5 53.01600000000001 1
98.5 71.25659999999999 0
100 71.25659999999999 1
62.79130000000001 71.25659999999999 0
77.3750315840237 71.25659999999999 1
95.4265 65.4008468398363 0
87.09751930670618 71.25659999999999 1
95.4265 68.55474473306049 0
95.5 71.25659999999999 1
95.5 53.01600000000001 0
95.4265 53.01600000000001 1
95.4265 60.67 0
95.4265 62.24694894661209 1
67.65254386134123 71.25659999999999 0
62.79130000000001 71.25659999999999 0
62.53526524107642 70.5 1
0 70.5 0
0 73.5 1
100 73.5 0
100 76.5 1
0 76.5 0
0 79.49999999999997 1
100 79.49999999999997 0
100 82.49999999999997 1
0 82.49999999999997 0
0 85.49999999999997 1
100 85.49999999999997 0
100 88.49999999999997 1
71.60741407732448 88.49999999999997 0
70.1534 86.1327 0
67.85316760053516 88.49999999999997 1
0 88.49999999999997 0
0 91.49999999999997 1
100 91.49999999999997 0
100 94.49999999999997 1
0 94.49999999999997 0
0 97.49999999999997 1
100 97.49999999999997 0
100 100 1
0 100 0
0 19.5 1
100 19.5 0
100 22.49999999999999 1
0 22.49999999999999 0
0 25.49999999999999 1
78.44311412249013 25.49999999999999 0
70.41418864151896 28.49999999999999 1
0 28.49999999999999 0
0 31.49999999999999 1
62.38526316054778 31.49999999999999 0
54.3563376795766 34.5 1
0 34.5 0
0 37.5 1
51.36800771467119 37.5 0
52.38321294434439 40.49999999999999 1
0 40.49999999999999 0
0 43.49999999999999 1
53.39841817401759 43.49999999999999 0
54.41362340369081 46.49999999999999 1
0 46.49999999999999 0
0 49.49999999999999 1
55.42882863336401 49.49999999999999 0
56.44403386303721 52.49999999999999 1
0 52.49999999999999 0
0 55.49999999999999 1
57.4592390927104 55.49999999999999 0
58.4744443223836 58.49999999999999 1
0 58.49999999999999 0
0 61.49999999999999 1
59.4896495520568 61.49999999999999 0
60.50485478173002 64.5 1
0 64.5 0
0 67.5 1
61.52006001140322 67.5 0
50.8022 35.828 0