75.5 28.5 0
75.5 30.06752080632555 1
67.5 30.06752080632555 0
67.5 31 1
107.5 31 0
107.5 32 1
67.5 32 0
67.5 33 1
107.5 33 0
107.5 34 1
67.5 34 0
67.5 35 1
107.5 35 0
107.5 35.5 0
122 38.5 1
122 41.5 0
124 38.5 1
124 41.5 0
123 41.5 1
123 38.5 0
121 35.5 1
121 30.5 0
122 30.5 1
122 35.5 0
123 35.5 1
123 30.5 0
124 30.5 1
124 35.5 0
124.5 36 1
67.5 36 0
67.5 37 1
124.5 37 0
124.5 38 1
67.5 38 0
78.5 43.5 1
93.5 43.5 1
93.5 39.5 1
93.5 38.5 1
96.5 38.5 1
97.5 38.5 1
97.5 51.5 1
97.5 52.5 1
79.5 52.5 1
78.5 52.5 1
78.5 44.5 1
78.5 43.5 0
78.5 48 1
67.5 48 0
67.5 47 1
78.5 47 0
78.5 46 1
67.5 46 0
67.5 45 1
78.5 45 0
78.5 44 1
67.5 44 0
67.5 43 1
93.5 43 0
93.5 42 1
67.5 42 0
67.5 41 1
93.5 41 0
93.5 40 1
67.5 40 0
67.5 39 1
93.5 39 0
93.5 38.5 0
100.5 24.5 0
100.5 18.5 0
97.5 15 1
106.5 15 0
106.5 16 1
97.5 16 0
97.5 17 1
106.5 17 0
106.5 18 1
97.5 18 0
100.5 18.5 0
100.5 19 1
119.5 19 0
119.5 20 1
100.5 20 0
100.5 21 1
119.5 21 0
119.5 22 1
100.5 22 0
100.5 23 1
119.5 23 0
119.5 24 1
100.5 24 0
100.5 24.5 1
87.18102496759067 24.5 1
80.5 30.06752080632555 0
80.5 29 1
75.5 29 0
75.5 28.5 0