75.5 28.5 0
72.5 48.5 1
72.5 52.5 0
38.5 52.5 0
35.5 48.5 0
35.5 45 1
29.5 45 0
29.5 44 1
35.5 44 0
35.5 42 1
29.5 42 0
29.5 43 1
35.5 43 0
35.5 46 1
9.5 46 0
9.5 47 1
35.5 47 0
35.5 48 1
9.5 48 0
9.5 49 1
38.5 49 0
38.5 50 1
9.5 50 0
9.5 51 1
38.5 51 0
38.5 52.5 0
51.5 60 1
19.5 60 0
19.5 61 1
51.5 61 0
51.5 62 1
19.5 62 0
19.5 63 1
59.5 63 0
59.5 64 1
9.5 64 0
14.5 68.5 0
14.5 69 1
59.5 69 0
59.5 68 1
9.5 68 0
9.5 67 1
59.5 67 0
59.5 66 1
9.5 66 0
9.5 65 1
59.5 65 0
51.5 62.5 0
51.5 59.5 1
126.5 59.5 1
126.5 51.5 1
104.5 51.5 1
104.5 38.5 1
121.5 38.5 1
121.5 41.5 1
124.5 41.5 1
124.5 30.5 1
119.5 30.5 1
119.5 35.5 0
120 35.5 1
120 30.5 0
119.5 35.5 1
107.5 35.5 1
107.5 28.5 1
119.5 28.5 1
119.5 18.5 1
106.5 18.5 1
106.5 14.5 1
97.5 14.5 1
97.5 18.5 1
100.5 18.5 1
100.5 24.5 0
80.5 30.06752080632555 1
80.5 28.5 1
75.5 28.5 0
75.5 28.5 0