75.5 28.5 0
72.5 52.5 0
38.5 52.5 1
38.5 48.5 1
35.5 48.5 1
35.5 40.5 0
35.5 41 1
29.5 41 0
29.5 40 1
44.50000000000001 40 0
45.83333333333334 39 1
29.5 39 0
29.5 38 1
47.16666666666667 38 0
48.50000000000001 37 1
29.5 37 0
29.5 36 1
49.83333333333334 36 0
51.16666666666667 35 1
29.5 35 0
29.5 34 1
52.5 34 0
53.83333333333334 33 1
29.5 33 0
29.5 32 1
55.16666666666667 32 0
56.5 31 1
56.5 32.5 1
57.5 32.5 1
57.5 15.5 1
54.5 15.5 1
54.5 9.5 1
45.5 9.5 1
45.5 12.5 1
48.5 12.5 0
47 12.5 1
47 9.5 0
46 9.5 1
46 12.5 0
48 9.5 1
48 12.5 0
48.5 12.5 0
54.5 15.5 0
55 15.5 1
55 23.5 0
56 23.5 1
56 15.5 0
57 15.5 1
57 23.5 0
57.5 24 1
29.5 24 0
29.5 25 1
57.5 25 0
57.5 26 1
29.5 26 0
29.5 27 1
57.5 27 0
57.5 28 1
29.5 28 0
29.5 29 1
57.5 29 0
57.5 30 1
29.5 30 0
29.5 31 1
56.5 31 0
57 31 1
57 32.5 0
57.5 31 1
56.5 31 1
43.83333333333334 40.50000000000001 1
35.5 40.5 0
49 23.5 1
49 9.5 0
50 9.5 1
50 23.5 0
51 23.5 1
51 9.5 0
52 9.5 1
52 23.5 0
53 23.5 1
53 9.5 0
54 9.5 1
54 23.5 0
48.5 12.5 1
48.5 23.5 1
29.5 23.5 1
29.5 45.5 1
9.5 45.5 1
9.5 54.5 1
19.5 54.5 1
19.5 63.5 1
9.5 63.5 1
9.5 68.5 1
14.5 68.5 1
14.5 69.5 1
59.5 69.5 1
59.5 62.5 1
51.5 62.5 1
51.5 59.5 0
72.5 52.5 0
72.5 50 1
78.5 50 0
78.5 49 1
72.5 49 0
72.5 48.5 1
67.5 48.5 1
67.5 15.5 1
75.5 15.5 1
75.5 28.5 0
75.5 28.5 0