75.5 28.5 0
80.5 30.06752080632555 0
82.98102496759066 28 1
119.5 28 0
119.5 27 1
84.18102496759067 27 0
86.58102496759068 25 1
119.5 25 0
119.5 26 1
85.38102496759066 26 0
81.78102496759067 29 1
107.5 29 0
107.5 30 1
80.58102496759068 30 0
80.5 30.06752080632555 0
80.5 30 1
75.5 30 0
75 30.06752080632555 1
75 15.5 0
74 15.5 1
74 30.06752080632555 0
73 30.06752080632555 1
73 15.5 0
72 15.5 1
72 30.06752080632555 0
71 30.06752080632555 1
71 15.5 0
70 15.5 1
70 30.06752080632555 0
69 30.06752080632555 1
69 15.5 0
68 15.5 1
68 30.06752080632555 0
75.5 28.5 0