49.72580000000001 59.8749 0
67.30009999999999 59.9722 0
67.30934060483079 61.5 1
85.89622843273233 61.5 0
86.9537 60.974 1
52.74550000000001 77.9896 0
55.74019514563106 76.5 1
26.74396877438733 76.5 0
33.95829999999999 86.59729999999999 1
31.1857 88.93029999999999 0
31.69708010287184 88.5 1
0 88.5 0
0 91.5 1
33.40984811281757 91.5 0
33.90770000000001 92.0752 1
36.7163 90.18799999999999 0
34.7637336583298 91.5 1
100 91.5 0
100 94.5 1
0 94.5 0
0 97.5 1
100 97.5 0
100 100 1
0 100 0
0 79.5 1
20.01498043387335 79.5 0
19.9549 80.29419999999999 1
26.4958 80.5881 0
26.56185328720209 79.5 1
53.59451884767167 79.5 0
54.1699 80.52359999999999 1
88.15450000000001 63.5034 0
87.20341171028701 61.5 1
100 61.5 0
100 64.5 1
86.1645673106074 64.5 0
80.17440268269468 67.5 1
100 67.5 0
100 70.5 1
74.18423805478196 70.5 0
68.19407342686924 73.5 1
100 73.5 0
100 76.5 1
62.20390879895653 76.5 0
56.21374417104381 79.5 1
100 79.5 0
100 82.5 1
0 82.5 0
0 85.5 1
100 85.5 0
100 88.5 1
35.41975503662239 88.5 0
49.72580000000001 59.8749 0