19.992 79.9998
14.5109 74.7708
10.1932 78.98
15.1818 84.4222

38.9911 10.2699
23.4986 5.65332
22.3092 10.5244
11.7018 8.12947
10.7295 15.6344
22.4736 19.5485
23.4659 14.5406
37.5179 17.8653

43.2837 8.14205
38.4862 4.11407
36.4048 6.6288
41.4029 10.5251

25.2482 47.5977
17.5668 39.3075
11.487 53.0456
18.8884 57.7231
20.6861 56.2746

24.182 28.8425
17.4258 28.8042
17.5552 33.7966
23.845 34.5335

40.1563 42.1366
36.2708 39.4652
28.0887 46.5146
33.5659 50.6657

61.3748 90.0949
54.0342 87.564
45.8948 87.5396
45.239 93.5786
52.8867 93.6937
60.6734 95.7763

71.9587 27.9923
64.5495 24.0332
56.0584 20.639
53.4475 27.6213
68.8579 34.833

70.2114 51.3458
66.3789 49.6248
61.6471 60.2201
65.609 61.6705

84.1577 67.223
77.1485 61.3771
71.5916 66.9756
78.8812 73.2465

85.79 14.6093
83.1853 12.9001
79.6973 19.1252
82.5501 20.9365