9.71349 90.8943
5.19942 90.5355
4.88756 94.6195
9.61459 94.8676

23.5093 22.2369
15.8635 25.0337
12.015 28.8506
9.13053 33.0003
8.32693 37.4324
8.33314 40.3599
15.426 39.4055
20.2986 38.4523
18.5098 29.3287
22.8734 28.4074
22.3681 26.926
23.3541 26.3534

35.6987 5.17059
30.1935 0.346149
21.2574 9.26869
17.81 15.0233
24.9295 19.8264
30.0499 11.0703

29.4467 76.4989
14.7369 64.3493
9.15091 71.4315
23.4216 83.0228

38.5025 26.4187
28.2677 21.3922
27.0153 41.7211
37.2455 42.775

46.6144 77.4096
46.1708 62.8725
41.0614 62.9037
39.4646 50.1492
32.345 50.5279
32.7682 64.9467
37.7798 65.0543
39.1196 77.7314

61.4701 25.5274
59.1362 21.9622
53.1775 26.3718
51.5288 23.9089
47.467 25.8853
52.3534 34.5651
59.9308 28.914

78.5128 69.6435
67.6827 63.0241
64.9136 67.4372
54.2931 62.2676
51.1107 69.0449
62.6962 75.9425
65.1261 71.5188
75.0681 76.6673

79.3929 25.3584
77.2141 22.7753
72.2268 27.8405
74.1994 30.2519

70.0669 40.1906
58.8307 33.6455
56.2286 41.5137
66.3749 46.7503

86.6133 16.7156
80.2972 9.65111
74.8008 5.54266
69.9299 10.1071
75.5758 14.9623
81.4385 21.3677

74.2499 89.8573
66.2482 84.5524
63.0539 97.0202
71.517 99.4067

79.7598 81.8785
77.9469 79.3026
75.5772 81.4959
77.3901 84.0717

95.8285 14.6123
89.3148 12.9327
86.6733 20.7598
85.5892 28.1133
92.1537 30.1499
93.3636 22.3022

99.7909 48.244
94.7135 44.1734
91.8072 47.8728
96.7149 51.9464