20.4043 53.8369 0
23.5 10.18600578819266 1
23.5 100 0
26.5 100 1
26.5 10.63289583385151 0
27.123 10.7257 1
28.326 4.76243 1
28.326 4.19035 1
21.4943 4.19035 1
21.4943 9.887229999999999 1
22.6653 4.19035 1
28.326 4.76243 0
32.5 0 1
32.5 100 0
35.5 100 1
35.5 0 0
38.5 0 1
38.5 100 0
41.5 100 1
41.5 0 0
44.5 0 1
44.5 100 0
47.5 100 1
47.5 0 0
50.5 0 1
50.5 100 0
53.5 100 1
53.5 0 0
56.5 0 1
56.5 100 0
59.5 100 1
59.5 0 0
62.5 0 1
62.5 100 0
65.5 100 1
65.5 0 0
68.5 0 1
68.5 100 0
71.5 100 1
71.5 0 0
74.5 0 1
74.5 100 0
77.5 100 1
77.5 0 0
80.5 0 1
80.5 100 0
83.5 100 1
83.5 0 0
86.5 0 1
86.5 100 0
89.5 100 1
89.5 0 0
92.5 0 1
92.5 100 0
95.5 100 1
95.5 0 0
98.5 0 1
98.5 100 0
29.5 100 1
29.5 0 0
28.326 1.5 1
21.4943 1.5 0
20.5 0 1
20.5 54.60226955346204 0
20.4043 53.8369 0