55.4832 46.2705 0
64.68617966047898 34.0557 1
60.87111089363199 48.40362787963632 0
58.06253268089598 47.29168363890895 1
61.58193898143693 34.0557 0
60.77589999999999 30.5511 1
49.4609 25.9252 0
26.57350810416244 7.5 1
100 7.5 0
100 10.5 1
26.77608756393649 10.5 0
26.97866702371054 13.5 1
100 13.5 0
100 16.5 1
27.18124648348459 16.5 0
43.08053134514168 46.5 1
0 46.5 0
0 43.5 1
44.01084930519839 43.5 0
44.94116726525512 40.5 1
0 40.5 0
0 37.5 1
45.87148522531183 37.5 0
46.80180318536856 34.5 1
0 34.5 0
0 31.5 1
47.73212114542527 31.5 0
48.66243910548199 28.5 1
0 28.5 0
8.7271 4.575060000000001 0
11.48320081914251 4.5 1
8.725676251896815 4.5 0
8.7271 4.575060000000001 1
26.3436 4.09529 0
26.37092864438839 4.5 1
100 4.5 0
100 1.5 1
0 1.5 0
4.217190203673402 4.09529 1
4.492040545099805 18.5854 0
7.492580181699935 18.5854 1
7.217729840273531 4.09529 0
8.717999658573596 4.09529 1
0 4.09529 0
1.216650567073271 4.09529 1
1.491500908499675 18.5854 0
0 19.5 1
100 19.5 0
100 22.5 1
0 22.5 0
0 25.5 1
100 25.5 0
100 28.5 1
55.75888785101277 28.5 0
60.77589999999999 30.5511 0
60.45640669682049 31.5 1
100 31.5 0
100 100 1
0 100 0
0 97.5 1
100 97.5 0
100 94.5 1
0 94.5 0
0 91.5 1
100 91.5 0
100 88.5 1
0 88.5 0
0 85.5 1
100 85.5 0
100 82.5 1
0 82.5 0
0 79.5 1
100 79.5 0
100 76.5 1
0 76.5 0
0 73.5 1
100 73.5 0
100 70.5 1
0 70.5 0
0 67.5 1
100 67.5 0
100 64.5 1
0 64.5 0
0 61.5 1
100 61.5 0
100 58.5 1
0 58.5 0
0 55.5 1
67.30576767767232 55.5 0
58.99483155997773 52.5 1
0 52.5 0
0 49.5 1
50.68389544228312 49.5 0
43.0093 46.72969999999999 1
68.374 55.8856 0
68.65275360886116 55.5 1
100 55.5 0
100 52.5 1
70.82147981888045 52.5 0
72.38130000000001 50.34229999999999 0
72.64226408902573 49.5 1
100 49.5 0
100 46.5 1
73.57173371632862 46.5 0
74.50120334363149 43.5 1
100 43.5 0
100 40.5 1
75.1526630854203 40.5 0
75.37979999999999 40.66419999999999 1
66.23830000000001 34.0557 0
66.85289763183778 34.5 1
100 34.5 0
100 37.5 1
71.00278035862902 37.5 0
66.23830000000001 34.0557 1
59.59590608038475 34.0557 1
55.4832 46.2705 0
55.4832 46.2705 0