45.30029999999999 54.68210000000001 0
28.9063 71.37200000000001 1
12.8871 79.3151 0
0 88.5 1
18.98594591779776 88.5 0
16.99392229713849 85.5 1
0 85.5 0
0 82.5 1
15.00189867647923 82.5 0
13.00987505581996 79.5 1
0 79.5 0
0 76.5 1
18.56443629439388 76.5 0
24.61466857146454 73.5 1
0 73.5 0
0 70.5 1
59.79606710627861 70.5 0
58.91970000000001 69.40559999999999 1
72.64660000000001 67.95570000000001 0
75.70768075874676 64.5 1
0 64.5 0
0 67.5 1
100 67.5 0
100 64.5 1
81.19333121186909 64.5 0
84.75787641430949 61.5 1
100 61.5 0
100 58.5 1
88.32242161674986 58.5 0
100 76.5 1
79.49086579396496 76.5 0
77.08776695826222 73.5 1
100 73.5 0
100 70.5 1
74.68466812255949 70.5 0
77.7621 67.3878 1
93.1866 54.4062 0
91.88696681919023 55.5 1
100 55.5 0
100 52.5 1
91.51484504997049 52.5 0
88.88381742952743 49.5 1
100 49.5 0
100 46.5 1
86.25278980908436 46.5 0
89.6690180511182 43.5 1
83.62176218864127 43.5 0
76.65747771495558 10.5 1
100 10.5 0
100 7.5 1
77.54574929391279 7.5 0
78.43402087287001 4.5 1
100 4.5 0
100 1.5 1
79.32229245182722 1.5 0
79.71539999999999 0.17234 1
72.45410000000001 2.28779 0
75.15819583161974 1.5 1
0 1.5 0
0 4.5 1
71.74481295236109 4.5 0
70.78294172724381 7.5 1
0 7.5 0
0 10.5 1
34.14578771433492 10.5 0
34.23560000000001 10.3973 1
40.1961 10.5086 0
39.73554025157233 10.5 1
60.37674896851595 10.5 0
62.84050000000001 7.94317 0
65.39329056793744 10.5 1
69.82107050212653 10.5 0
68.38855098955807 13.5 1
100 13.5 0
100 16.5 1
71.38381141117873 16.5 0
74.37907183279935 19.5 1
100 19.5 0
100 22.5 1
74.24772215876808 22.5 0
71.47184476770443 25.5 1
100 25.5 0
100 28.5 1
68.69596737664079 28.5 0
65.92008998557714 31.5 1
100 31.5 0
89.833 37.7878 1
93.64570000000001 41.22929999999999 0
92.83773774226356 40.5 1
100 40.5 0
100 43.5 1
91.73526283473086 43.5 0
90.84630000000001 44.5566 1
87.91679999999999 41.92740000000001 0
88.57753627403613 40.5 1
72.29659255459089 40.5 0
79.05860725741474 49.5 1
0 49.5 0
0 52.5 1
78.34465473551188 52.5 0
77.63070221360903 55.5 1
46.68882006288985 55.5 0
45.30029999999999 54.68210000000001 0