45.30029999999999 54.68210000000001 0
45.30029999999999 54.68210000000001 1
51.8869 58.56189999999999 0
51.78181454714161 58.5 1
76.91674969170617 58.5 0
76.20279716980332 61.5 1
50.48762494660643 61.5 0
49.36709999999999 63.8528 1
43.5116 61.1296 0
44.30804433019976 61.5 1
0 61.5 0
0 58.5 1
44.24111772314851 58.5 0
33.53159732077418 79.5 1
67.00303344080675 79.5 0
69.40535555231611 82.5 1
35.23876906810717 82.5 0
36.94594081544015 85.5 1
71.80767766382547 85.5 0
72.92740000000001 86.89830000000001 1
81.6112 79.14699999999999 0
81.21573325248667 79.5 1
100 79.5 0
100 82.5 1
77.85482604982391 82.5 0
74.49391884716113 85.5 1
81.23998883507051 85.5 0
77.2791 86.51589999999999 1
83.63820000000001 84.88489999999999 0
83.82556312362348 85.5 1
100 85.5 0
100 88.5 1
84.73938099205211 88.5 0
85.2287 90.10640000000001 1
78.63929999999999 91.6696 0
79.35421954964175 91.5 1
100 91.5 0
100 94.5 1
0 94.5 0
0 97.5 1
100 97.5 0
100 100 1
0 100 0
0 91.5 1
20.97796953845702 91.5 0
21.9277 92.93029999999999 1
37.29170000000001 86.10759999999999 0
25.14858457648732 91.5 1
78.59453799988358 91.5 0
77.80275733744688 88.5 1
31.90426781039764 88.5 0
37.29170000000001 86.10759999999999 0
31.82442557344119 76.5 1
64.60071132929735 76.5 0
62.19838921778799 73.5 1
30.1172538261082 73.5 0
34.57601752156936 43.5 1
0 43.5 0
0 46.5 1
79.77255977931759 46.5 0
80.48651230122044 43.5 1
42.51098390897164 43.5 0
43.3227573252627 40.5 1
63.69498667697192 40.5 0
59.9570202465828 31.5 1
24.72275932324313 31.5 0
30.77180802516053 16.5 1
0 16.5 0
0 13.5 1
31.52225454008709 13.5 0
15.76278378433471 28.5 1
56.96757835021116 28.5 0
42.64271040105999 37.5 1
100 37.5 0
100 34.5 1
63.14421259451348 34.5 0
63.04900000000001 34.60290000000001 0
62.94646214295446 34.5 1
33.68273486215156 34.5 0
40.4121 16.277 1
35.592 16.6847 0
37.7756459896983 16.5 1
54.59517327169441 16.5 0
57.48596112010519 13.5 1
40.30811414603703 13.5 0
51.70438542328363 19.5 1
0 19.5 0
0 22.5 1
50.98869455746787 22.5 0
53.97813645383951 25.5 1
0 25.5 0
0 28.5 1
14.61207162273896 28.5 0
14.707 28.1465 1
44.0106 37.958 0
41.92740000000001 45.6567 1
12.3361 36.97539999999999 0
13.00084032552187 34.5 1
0 34.5 0
0 31.5 1
13.80645597413041 31.5 0
12.3361 36.97539999999999 0
14.12426490387384 37.5 1
0 37.5 0
0 40.5 1
24.3501412127216 40.5 0
0 55.5 1
45.07339379914696 55.5 0
45.30029999999999 54.68210000000001 0