54.66370000000001 53.7491 0
56.5 51.5267548512621 1
56.5 100 0
59.5 100 1
59.5 47.89606517843428 0
60.523 46.658 0
59.5 45.90561143890318 1
59.5 12.86707280066384 0
62.5 13.95292250741903 1
62.5 100 0
63.27460000000001 98.17411930918101 1
64.44026801255464 98.87100000000001 0
69.16926490582733 98.87100000000001 1
71.6001 95.24425554766651 0
77.5 100 1
77.5 60.42468767126464 0
74.62389999999999 59.8428 1
76.35560000000001 49.2367 0
77.5 49.35705836861634 1
77.5 0 0
80.5 0 1
80.5 49.67257314129112 0
82.85069999999999 49.9198 0
83.5 59.89754145345037 1
83.5 0 0
86.5 0 1
86.5 60.42735282706136 0
86.67750000000001 60.45869999999999 0
84.98589999999999 72.6652 0
80.5 72.09965433744881 1
80.5 100 0
83.5 100 1
83.5 72.47786985443616 0
84.98589999999999 72.6652 1
86.67750000000001 60.45869999999999 0
86.5 61.73953101797115 1
86.5 100 0
89.5 100 1
89.5 0 0
92.5 0 1
92.5 100 0
95.5 100 1
95.5 0 0
98.5 0 1
98.5 100 0
71.6001 92.55009999999999 1
71.6001 100 1
63.27460000000001 100 1
63.27460000000001 98.87100000000001 1
71.6001 98.87100000000001 0
74.5 100 1
74.5 0 0
73.90549999999999 1.5 1
52.169 1.5 0
52.169 0 1
52.169 8.196370000000002 0
52.169 5.746692654804072 1
55.01212057759774 2.07579 0
56.90940000000001 2.07579 1
63.7182 5.90934 0
61.21505951872285 4.5 1
73.90549999999999 4.5 0
73.90549999999999 5.90934 1
73.90549999999999 16.2133 0
73.90549999999999 14.07979891778582 1
65.82754588011215 5.90934 0
70.0462376403365 5.90934 1
73.90549999999999 9.81279675335746 0
73.90549999999999 16.2133 0
72.5505 17.5907 0
71.5 17.21047162768456 1
71.5 92.48477793778653 0
68.5 90.52707377554455 1
68.5 16.12462192092939 0
65.5 15.0387722141742 1
65.5 93.23843480714959 0
63.27460000000001 96.4265 1
67.73920000000001 90.03059999999999 0
0 100 1
0 0 0
2.5 0 1
2.5 100 0
5.5 100 1
5.5 0 0
8.5 0 1
8.5 100 0
11.5 100 1
11.5 0 0
14.5 0 1
14.5 100 0
17.5 100 1
17.5 0 0
20.5 0 1
20.5 100 0
23.5 100 1
23.5 0 0
26.5 0 1
26.5 100 0
29.5 100 1
29.5 62.21816711313618 0
27.4219 61.5917 1
28.9401 53.5951 1
32.7756 46.8439 0
29.5 52.60957089558076 1
29.5 0 0
32.5 0 1
32.5 47.32900773562768 0
32.7756 46.8439 0
35.5 47.70895692082111 1
35.5 0 0
38.5 0 1
38.5 35.92018709942872 0
41.5 33.20650951876058 1
41.5 0 0
44.5 0 1
44.5 34.87352110024018 0
49.8623 38.3216 1
48.63549999999999 37.41932210483522 1
48.63549999999999 37.91506840660958 1
58.3006 45.02348549542369 0
58.3006 41.71670702802224 1
56.46218688215518 40.3646043882991 0
54.6202 40.8755 1
49.8623 38.3216 1
48.63549999999999 32.4877 1
48.63549999999999 37.41932210483522 0
47.5 37.07993916797278 1
47.5 0 0
50.5 0 1
50.5 31.98496911276577 0
53.5 31.17606985736072 1
53.5 9.113903025497866 0
56.5 11.18197145261552 1
56.5 35.39726336795674 0
55.6861 35.5913 1
54.209 30.9849 0
57.0917 35.25620000000001 1
58.3006 39.85469999999999 0
60.523 46.658 1
54.66370000000001 53.7491 0
54.66370000000001 53.7491 0
35.5 54.29006297532072 1
35.5 100 0
32.5 100 1
32.5 63.12255156980743 0
33.2379 63.345 1
34.755 55.8484 1
38.2316 48.5763 0
38.5 40.98609010801978 1
38.5 100 0
41.5 100 1
41.5 43.35491838842221 0
44.5 45.72374666882463 1
44.5 100 0
47.5 100 1
47.5 48.09257494922706 0
50.5 50.46140322962947 1
50.5 100 0
53.5 100 1
53.5 52.83023151003189 0
54.66370000000001 53.7491 0