19.7417 70.6089
14.28 61.9145
8.40473 65.1697
10.5082 68.4576
11.6403 68.3378
14.9843 73.2497

31.6167 88.8745
20.9376 84.1536
19.2033 88.0577
30.7163 92.5676

47.859 56.2465
43.2361 54.8222
45.6101 41.6984
38.5273 40.3821
34.8796 54.6272
39.6203 56.4679
37.3225 68.3941
43.8977 69.7503

55.2226 22.8092
49.5372 23.0582
50.2943 29.7623
55.1311 29.5125

78.9667 32.4532
66.1588 25.4055
62.1077 37.6114
74.3399 41.5236

77.6688 63.865
76.0668 62.8844
76.768 60.608
73.5257 58.8122
70.8105 67.1546
75.3885 68.8242

99.9306 67.8739
81.9857 65.3376
81.7022 69.635
99.5837 71.7001