44.366 49.56189999999999 0
41.5 49.5509734672849 1
41.5 70.09899077806449 0
40.1561 70.57320000000001 1
39.41160000000001 75.55930000000001 0
14.5 86.13583619464188 1
14.5 0 0
17.1389 2.908309836719917 1
19.46855778034609 1.83118 0
17.1389 0 1
17.1389 4.560879999999999 1
20.3705 10.3791 0
20.5 10.32659282673897 1
20.5 100 0
18.4725 98.79130000000001 1
6.56753 98.79130000000001 1
6.56753 100 1
18.4725 100 1
18.4725 87.5675 0
17.5 87.21701716785128 1
17.5 5.21100973202129 0
11.5 0 1
11.5 72.25440968811608 0
12.0052 72.2226 1
12.9066 79.19049999999999 0
12.0052 72.2226 0
8.5 72.44330332300979 1
8.5 0 0
0 0 1
0 100 0
2.5 100 1
2.5 0 0
5.5 0 1
5.5 72.63219695790346 0
3.60047 72.7518 1
4.14181 79.7166 0
5.5 79.63507565554909 1
5.5 100 0
6.56753 98.79130000000001 1
6.56753 97.46129999999999 0
8.5 88.22623356377062 1
8.5 79.45500288711995 0
11.5 79.2749301186908 1
11.5 85.05465522143248 0
9.327500000000001 84.27170000000001 1
6.56753 97.46129999999999 1
14.9109 98.79130000000001 0
16.48461060724227 98.79130000000001 1
18.4725 92.52679164239834 0
29.5 100 1
29.5 0 0
32.5 0 1
32.5 100 0
35.5 100 1
35.5 0 0
26.5 6.734767557085901 1
26.5 0.990049453581531 0
23.0428 1.83118 1
17.1389 1.83118 0
17.1389 1.5 1
25.39705937245851 1.5 0
26.9721 0.771771472924677 1
24.2131 2.04741 1
26.9721 7.70241 0
26.5 7.893828042444255 1
26.5 100 0
23.5 100 1
23.5 9.110210434591615 0
50.5 15.69100109418335 1
50.5 100 0
53.5 100 1
53.5 16.75156110330155 0
53.7298 16.8328 1
55.1129 9.08268 0
53.5 10.51161530425887 1
53.5 0 0
56.5 0 1
56.5 100 0
68.5 84.63924040616246 1
68.5 100 0
65.5 100 1
65.5 82.72537485994397 0
64.61330000000001 82.15969999999999 1
75.44130000000001 62.5564 0
74.5 64.26055462596972 1
74.5 28.33598686212952 0
71.5 30.68292455169478 1
71.5 69.69183464074621 0
47.5 76.04462833762085 1
47.5 0 0
50.5 0 1
50.5 13.16944028583034 0
44.5 0 1
44.5 69.15225274993347 0
44.45780000000001 69.05529999999999 1
48.967 79.41499999999999 0
47.5 79.21048949557428 1
47.5 100 0
44.5 100 1
44.5 78.79226760513313 0
41.5 78.37404571469199 1
41.5 100 0
38.5 100 1
38.5 49.5395360638846 0
37.57250000000001 49.536 1
38.1324 44.4615 0
38.5 44.49709132947977 1
38.5 0 0
41.5 0 1
41.5 44.78755375722544 0
59.5 25.15115733705913 1
59.5 100 0
62.5 100 1
62.5 30.03371907710898 0
65.5 34.91628081715882 1
65.5 80.55439467029922 0
68.5 75.12311465552273 1
68.5 33.02986224126005 0
89.47040000000001 22.1213 0
89.5 22.07998841180874 1
89.5 100 0
98.5 100 1
98.5 0 0
95.5 0 1
95.5 100 0
92.5 100 1
92.5 17.89300312215455 0
94.41249999999999 15.2238 1
89.47040000000001 22.1213 0
86.5 19.57086946454615 1
86.5 100 0
83.5 100 1
83.5 16.99502391971664 0
80.5 14.95285858076996 1
80.5 66.66382424885072 0
83.03299999999999 68.72049999999999 1
71.7533 86.71469999999999 0
71.5 86.55310595238095 1
71.5 100 0
74.5 100 1
74.5 82.33296385985443 0
77.5 77.54714508807859 1
77.5 100 0
80.5 100 1
80.5 72.76132631630273 0
83.03299999999999 68.72049999999999 0
77.5 64.22796666754482 1
77.5 25.98904917256425 0
78.84620000000001 24.9359 1
78.84620000000001 14.0312716254802 1
71.25999999999999 9.803830000000001 0
71.25999999999999 10.91198800042081 1
78.84620000000001 23.22314892032519 0
78.84620000000001 17.5045494759044 1
75.58668795248713 12.21489492721095 0
71.25999999999999 13.7712877226312 1
71.25999999999999 0 0
71.25999999999999 1.5 1
94.41249999999999 1.5 0
90.38450638047888 5.868410000000001 1
94.41249999999999 9.307057591719133 0
94.41249999999999 13.25155253057304 1
85.76396879349295 5.868410000000001 0
80.91223260915848 4.5 1
94.41249999999999 4.5 0
94.41249999999999 5.868410000000001 1
83.4537 5.868410000000001 1
75.9513 1.82887 0
74.21101395296094 1.82887 1
71.25999999999999 6.845436460108168 0
68.5 14.22134709095227 1
68.5 0 0
65.5 0 1
65.5 16.30377628212549 0
62.5 18.62280267712433 1
62.5 0 0
59.5 0 1
59.5 20.94182907212318 0
57.7465 22.2973 1
65.69110000000001 35.2273 0
44.366 49.56189999999999 0