60.5 99.5 0
56 89.5 1
56 167.5 0
60.5 160.5 0
100.5 147.5 0
101 147.5 1
101 124.5 0
102 124.5 1
102 147.5 0
103 147.5 1
103 124.5 0
104 124.5 1
104 147.5 0
105 147.5 1
105 124.5 0
106 124.5 1
106 147.5 0
98 127.5 1
98 180.5 0
97 180.5 1
97 127.5 0
96 127.5 1
96 180.5 0
95 180.5 1
95 127.5 0
94 127.5 1
94 180.5 0
93 180.5 1
93 127.5 0
92 127.5 1
92 180.5 0
91 180.5 1
91 127.5 0
90 127.5 1
90 180.5 0
89 180.5 1
89 127.5 0
88 127.5 1
88 180.5 0
87 180.5 1
87 127.5 0
86 127.5 1
86 180.5 0
85 180.5 1
85 130.5 0
84 130.5 1
84 180.5 0
83 180.5 1
83 130.5 0
82 130.5 1
82 180.5 0
81 180.5 1
81 130.5 0
80 130.5 1
80 180.5 0
79 180.5 1
79 130.5 0
78.5 130.5 0
75.5 126.5 1
75.5 118.5 1
92.5 118.5 1
92.5 89.5 1
103.5 89.5 1
103.5 80.5 1
66.5 80.5 0
66.5 81 1
72.5 81 0
73 80.5 1
73 180.5 0
74 180.5 1
74 80.5 0
75 80.5 1
75 180.5 0
76 180.5 1
76 126.5 0
78 126.5 1
78 180.5 0
77 180.5 1
77 126.5 0
75.5 126.5 1
78.5 126.5 1
78.5 130.5 1
85.5 130.5 1
85.5 127.5 1
99.5 127.5 0
99 127.5 1
99 180.5 0
100 180.5 1
100 124.5 0
99.5 127.5 1
99.5 124.5 1
106.5 124.5 1
106.5 147.5 1
100.5 147.5 1
100.5 155.5 1
104.5 155.5 1
104.5 168.5 1
101.5 168.5 0
102 168.5 1
102 155.5 0
104 155.5 1
104 168.5 0
103 168.5 1
103 155.5 0
101 155.5 1
101 180.5 0
102 180.5 1
102 171.5 0
104 171.5 1
104 180.5 0
103 180.5 1
103 171.5 0
101.5 171.5 0
101.5 168.5 1
101.5 171.5 1
104.5 171.5 1
104.5 180.5 1
66.5 180.5 1
66.5 171.5 1
70.5 171.5 0
68 171.5 1
68 180.5 0
67 180.5 1
67 171.5 0
69 171.5 1
69 180.5 0
70 180.5 1
70 171.5 0
70.5 171.5 1
70.5 167.5 1
71.93425854591067 167.5 0
71 167.5 1
71 180.5 0
72 180.5 1
72 109.5 0
72.5 109.5 1
72.5 108.5 1
72.5 104.5 1
71.5 104.5 1
69.5 104.5 1
69.5 95.5 1
72.5 95.5 0
71 95.5 1
71 104.5 0
70 104.5 1
70 95.5 0
72 104.5 1
72 95.5 0
72.5 95.5 1
72.5 94.5 1
72.5 86.5 0
72.5 86 1
66.5 86 0
66 86.5 1
66 12.5 0
65 12.5 1
65 98.5 0
64 98.5 1
64 12.5 0
63 12.5 1
63 98.5 0
62 98.5 1
62 46.5 0
61 46.5 1
61 98.5 0
60.5 98.5 0
60.5 99.5 0