60.5 99.5 0
60.5 99.5 1
60.5 103.5 0
61 103.5 1
61 107.5 0
60.5 107.5 0
58 116.5 1
58 46.5 0
59 46.5 1
59 116.5 0
60 116.5 1
60 46.5 0
62.5 46.5 0
66.5 38 1
100.5 38 0
100.5 39 1
66.5 39 0
66.5 40 1
100.5 40 0
100.5 41 1
66.5 41 0
62.5 46.5 0
45 51.6403124237433 1
45 70.375 0
44 71.125 1
44 52.44031242374329 0
43 53.24031242374329 1
43 71.875 0
42 72.625 1
42 54.0403124237433 0
50 54.5 1
50 46.5 0
51 46.5 1
51 54.5 0
52 54.5 1
52 46.5 0
53 46.5 1
53 54.5 0
54 54.5 1
54 46.5 0
55 46.5 1
55 54.5 0
56 54.5 1
56 46.5 0
57 46.5 1
57 116.5 0
56.5 116.5 1
56.5 117.5 0
56.5 131.5 1
56.5 117.5 0
56.5 116.5 1
60.5 116.5 1
60.5 108.5 1
60.5 107.5 1
63.5 107.5 1
63.5 103.5 1
61.5 103.5 0
63 103.5 1
63 107.5 0
62 107.5 1
62 103.5 0
61.5 103.5 1
60.5 103.5 0
26 89.5 1
26 154.5 0
27 154.5 1
27 89.5 0
28 89.5 1
28 154.5 0
29 154.5 1
29 89.5 0
30 89.5 1
30 154.5 0
31 154.5 1
31 89.5 0
32 89.5 1
32 154.5 0
33 154.5 1
33 89.5 0
34 89.5 1
34 154.5 0
35 154.5 1
35 89.5 0
36 89.5 1
36 154.5 0
37 154.5 1
37 89.5 0
38 89.5 1
38 154.5 0
39 154.5 1
39 89.5 0
40 89.5 1
40 154.5 0
41 154.5 1
41 89.5 0
42 89.5 1
42 154.5 0
43 154.5 1
43 89.5 0
44 89.5 1
44 154.5 0
45 154.5 1
45 89.5 0
46 89.5 1
46 154.5 0
47 154.5 1
47 89.5 0
48 89.5 1
48 164.5 0
49 164.5 1
49 89.5 0
50 89.5 1
50 164.5 0
51 164.5 1
51 89.5 0
52 89.5 1
52 164.5 0
53 164.5 1
53 89.5 0
54 89.5 1
54 167.5 0
55 167.5 1
55 89.5 0
60.5 99.5 0