60.5 99.5 0
56.5 89.5 1
56.5 54.5 1
49.5 54.5 1
49.5 67.5 1
48.83333333333333 67.5 1
40.5 73.75 0
40 84.5 1
40 55.5 0
39 55.5 1
39 84.5 0
38 84.5 1
38 55.5 0
37 55.5 1
37 84.5 0
36 84.5 1
36 55.5 0
35 55.5 1
35 84.5 0
34 84.5 1
34 55.5 0
33 55.5 1
33 84.5 0
32 84.5 1
32 55.5 0
31 55.5 1
31 84.5 0
30 84.5 1
30 55.5 0
29 55.5 1
29 84.5 0
28 84.5 1
28 55.5 0
27 55.5 1
27 84.5 0
26 84.5 1
26 55.5 0
25 55.5 1
25 84.5 0
24 84.5 1
24 55.5 0
23 55.5 1
23 84.5 0
22 84.5 1
22 55.5 0
21 55.5 1
21 84.5 0
20 84.5 1
20 55.5 0
18 55.5 1
18 70.5 0
17 70.5 1
17 55.5 0
19 55.5 1
19 70.5 0
40.17539052967912 55.5 0
41 54.8403124237433 1
41 73.375 0
40.5 73.75 1
40.5 84.5 1
19.5 84.5 1
19.5 70.5 1
16.5 70.5 1
16.5 55.5 1
40.17539052967912 55.5 1
45.5 51.2403124237433 1
45.5 42.5 1
41.5 42.5 1
41.5 35.5 1
28.5 35.5 0
28 40.5 1
28 12.5 0
27 12.5 1
27 40.5 0
26 40.5 1
26 12.5 0
25 12.5 1
25 40.5 0
24 40.5 1
24 12.5 0
23 12.5 1
23 40.5 0
18 40.5 1
18 27.5 0
19 27.5 1
19 40.5 0
20 40.5 1
20 27.5 0
21 27.5 1
21 40.5 0
22 40.5 1
22 27.5 0
30 35.5 1
30 12.5 0
29 12.5 1
29 35.5 0
28.5 35.5 1
28.5 40.5 1
17.5 40.5 1
17.5 27.5 1
22.5 27.5 1
22.5 12.5 1
32.5 12.5 1
32.5 10.5 1
51.5 10.5 1
51.5 35.5 1
48.5 35.5 0
48.5 46.5 1
48.5 35.5 0
50 35.5 1
50 10.5 0
51 10.5 1
51 35.5 0
49 35.5 1
49 10.5 0
32 35.5 1
32 12.5 0
31 12.5 1
31 35.5 0
33 35.5 1
33 10.5 0
34 10.5 1
34 35.5 0
35 35.5 1
35 10.5 0
36 10.5 1
36 35.5 0
37 35.5 1
37 10.5 0
38 10.5 1
38 35.5 0
39 35.5 1
39 10.5 0
40 10.5 1
40 35.5 0
41 35.5 1
41 10.5 0
42 10.5 1
42 42.5 0
43 42.5 1
43 10.5 0
44 10.5 1
44 42.5 0
45 42.5 1
45 10.5 0
46 10.5 1
46 69.625 0
47 68.875 1
47 10.5 0
48 10.5 1
48 68.125 0
48.83333333333333 67.5 0
49 67.5 1
49 46.5 0
48.5 46.5 1
62.5 46.5 1
62.5 12.5 1
66.5 12.5 1
66.5 14.5 1
97.61721778146267 14.5 0
98.49221778146267 15 1
66.5 15 0
66.5 16 1
100.2422177814627 16 0
101.9922177814627 17 1
66.5 17 0
66.5 18 1
100.5 18 0
100.5 19 1
66.5 19 0
66.5 20 1
100.5 20 0
100.5 21 1
66.5 21 0
66.5 22 1
100.5 22 0
100.5 23 1
66.5 23 0
66.5 24 1
100.5 24 0
100.5 25 1
66.5 25 0
66.5 26 1
100.5 26 0
100.5 27 1
66.5 27 0
66.5 28 1
100.5 28 0
100.5 29 1
66.5 29 0
66.5 30 1
100.5 30 0
100.5 31 1
66.5 31 0
66.5 32 1
100.5 32 0
100.5 33 1
66.5 33 0
66.5 34 1
100.5 34 0
100.5 35 1
66.5 35 0
66.5 36 1
100.5 36 0
100.5 37 1
66.5 37 0
96.60943556292537 14.5 1
96.5 14.43746539261408 0
96.5 14.5 1
96.5 13.86158983916418 1
102.5 17.29016126773562 1
102.5 17.5 1
100.5 17.5 1
100.5 47.5 1
94.5 47.5 1
94.5 41.5 0
94.5 42 1
100.5 42 0
100.5 43 1
94.5 43 0
94.5 46 1
100.5 46 0
100.5 47 1
94.5 47 0
94.5 45 1
100.5 45 0
100.5 44 1
94.5 44 0
94.5 41.5 1
66.5 41.5 1
66.5 80.5 0
66.5 82 1
72.5 82 0
72.5 83 1
66.5 83 0
66.5 84 1
72.5 84 0
72.5 85 1
66.5 85 0
65.5 86.5 0
60.5 98.5 0
60.5 99.5 0