39.5 95.5 0
39.5 95.5 1
20.5 95.5 1
20.5 117.5 0
19 117.5 1
19 123.5 0
18 123.5 1
18 117.5 0
16 117.5 1
16 123.5 0
17 123.5 1
17 117.5 0
20 117.5 1
20 123.5 0
21 123.5 1
21 95.5 0
22 95.5 1
22 123.5 0
23 123.5 1
23 95.5 0
24 95.5 1
24 123.5 0
25 123.5 1
25 95.5 0
26 95.5 1
26 123.5 0
27 123.5 1
27 95.5 0
29 95.5 1
29 156.5 0
28 156.5 1
28 123.8175208063256 0
27 124.6508541396589 1
27 156.5 0
26 156.5 1
26 125.4841874729922 0
25 126.3175208063255 1
25 156.5 0
24 156.5 1
24 127.1508541396589 0
23 127.9841874729922 1
23 156.5 0
22 156.5 1
22 128.8175208063255 0
21 129.6508541396589 1
21 156.5 0
20 156.5 1
20 128.5 0
19 128.5 1
19 156.5 0
18 156.5 1
18 128.5 0
17 128.5 1
17 150.5 0
32.5 142 1
63.5 142 0
63.5 143 1
32.5 143 0
32.5 145 1
63.5 145 0
63.5 144 1
32.5 144 0
32.5 141 1
63.5 141 0
63.5 140 1
32.5 140 0
32.5 139 1
63.5 139 0
63.5 138 1
32.5 138 0
32.5 137 1
63.5 137 0
63.5 136 1
32.5 136 0
32.5 135 1
63.5 135 0
63.5 134.5 1
48.5 134.5 1
47.5 134.5 1
47.5 129.5 1
33.5 129.5 1
32.5 129.5 0
32.5 131 1
47.5 131 0
47.5 132 1
32.5 132 0
32.5 134 1
47.5 134 0
47.5 133 1
32.5 133 0
47.5 130 1
32.5 130 0
32.5 129.5 1
32.5 125.5 1
32.5 124.5 1
47.5 124.5 1
53.5 119.5 1
53.5 102.5 1
53.5 101.5 1
54.5 101.5 1
55.5 101.5 1
55.5 116.5 1
59.5 116.5 1
60.5 116.5 1
60.5 130.5 1
62.5 130.5 1
63.5 130.5 1
63.5 133.5 1
63.5 134.5 0
53.5 153.5 0
53.5 154 1
32.5 154 0
32.5 155 1
53.5 155 0
53.5 156 1
32.5 156 0
32 156.5 1
32 95.5 0
33 95.5 1
33 124.5 0
34 124.5 1
34 95.5 0
37 95.5 1
37 124.5 0
38 124.5 1
38 95.5 0
39.5 95.5 0