39.5 95.5 0
39.5 97.5 0
54 101.5 1
54 97.5 0
55.5 97.5 0
64 96.5 1
64 151.5 0
63.5 151 1
32.5 151 0
32.5 152 1
62.5 152 0
62.5 153 1
32.5 153 0
32.5 150 1
63.5 150 0
63.5 149 1
32.5 149 0
32.5 148 1
63.5 148 0
63.5 147 1
32.5 147 0
32.5 146 1
63.5 146 0
65 146.5 1
65 96.5 0
66 96.5 1
66 146.5 0
67 146.5 1
67 106.5 0
68 106.5 1
68 146.5 0
69 146.5 1
69 106.5 0
70 106.5 1
70 146.5 0
71 146.5 1
71 106.5 0
74 106.5 1
74 146.5 0
75 146.5 1
75 106.5 0
73 106.5 1
73 146.5 0
72 146.5 1
72 106.5 0
66.5 106.5 1
93.5 106.5 1
93.5 153.5 1
76.5 153.5 1
76.5 146.5 0
77 153.5 1
77 106.5 0
78 106.5 1
78 153.5 0
79 153.5 1
79 106.5 0
80 106.5 1
80 153.5 0
81 153.5 1
81 106.5 0
82 106.5 1
82 153.5 0
83 153.5 1
83 106.5 0
84 106.5 1
84 153.5 0
85 153.5 1
85 106.5 0
86 106.5 1
86 153.5 0
87 153.5 1
87 106.5 0
88 106.5 1
88 153.5 0
89 153.5 1
89 106.5 0
92 106.5 1
92 153.5 0
93 153.5 1
93 106.5 0
91 106.5 1
91 153.5 0
90 153.5 1
90 106.5 0
76 106.5 1
76 146.5 0
76.5 146.5 1
64.5 146.5 1
64.5 151.5 1
62.5 151.5 1
62.5 153.5 1
53.5 153.5 1
53.5 156.5 1
17.5 156.5 1
17.5 150.5 1
12.5 150.5 1
12.5 134.5 1
16.5 134.5 0
16 134.5 1
16 150.5 0
15 150.5 1
15 134.5 0
13 134.5 1
13 150.5 0
14 150.5 1
14 134.5 0
16.5 134.5 1
16.5 128.5 1
20.5 128.5 1
20.5 130.0675208063255 1
28.38102496759066 123.5 1
15.5 123.5 1
15.5 117.5 1
20.5 117.5 0
28 123.5 1
28 95.5 0
30 95.5 1
30 156.5 0
31 156.5 1
31 95.5 0
35 95.5 1
35 124.5 0
36 124.5 1
36 95.5 0
39.5 95.5 0