50.71720000000001 45.49339999999999 0
52.5 47.65349571806591 1
52.5 0 0
49.5 0 1
49.5 13.90868027724403 0
48.90989999999999 10.9696 1
49.63849999999999 14.5985 0
49.5 14.63707947091734 1
49.5 41.71058326992288 0
64.5 47.97956444548268 1
64.5 33.48064677197074 0
67.5 35.95788094985689 1
67.5 47.57852490801845 0
67.62960000000001 47.5612 1
69.89019999999999 57.17400000000001 0
70.5 57.17591540008587 1
70.5 38.43511512774303 0
76.62960000000001 43.4966 1
82.56309999999999 36.2208 0
82.5 36.298174733294 1
82.5 100 0
79.5 100 1
79.5 86.35963391591187 0
80.14070000000001 86.30340000000001 1
78.50839999999999 73.25020000000001 0
76.5 73.36235924265526 1
76.5 43.38958348351532 0
73.5 40.91234930562918 1
73.5 57.18533849004588 0
94.5 56.43516622954914 1
94.5 17.36456237292955 0
94.53999999999999 17.3667 1
94.66079999999999 11.0854 0
94.5 11.09966780952381 1
94.5 0 0
91.5 0 1
91.5 9.025060420139365 0
92.34950000000001 9.080860000000001 0
92.77080000000001 11.2531 1
92.34950000000001 9.080860000000001 0
88.5 8.828004811449652 1
88.5 0 0
85.5 0 1
85.5 11.52653387922211 0
88.0521 11.0546 1
87.9581 8.79241 0
85.12110000000001 11.5966 1
85.32149999999999 14.8856 0
85.5 14.88972163382826 1
85.5 100 0
88.5 100 1
88.5 14.95899279060577 0
88.91319999999999 17.066 0
91.5 17.20424034264591 1
91.5 100 0
94.5 100 1
94.5 63.19700046368399 0
97.91409999999999 62.7877 0
97.5 60.61119565424266 1
97.5 0 0
100 0 1
100 100 0
97.5 100 1
97.5 62.83734451012317 0
97.91409999999999 62.7877 1
96.65309999999999 56.15989999999999 0
79.5 39.97684668071122 1
79.5 81.17984107088157 0
80.14070000000001 86.30340000000001 0
76.5 86.62294240309089 1
76.5 100 0
73.5 100 1
73.5 59.71025115325475 0
67.5 69.97914008171196 1
67.5 100 0
70.5 100 1
70.5 59.03367503844183 0
58.5 57.94206768150291 1
58.5 26.49166437564805 0
59.0201 27.253 1
54.2944 20.3354 0
58.5 17.36350087625561 1
58.5 0 0
55.5 0 1
55.5 19.48345935334168 0
54.2944 20.3354 0
55.5 22.10018798061663 1
55.5 51.28838866971374 0
60.7804 56.79021914189119 1
61.6776 57.044 1
60.7804 48.4768 1
60.7804 58.58709874350842 0
60.7804 57.91321743961909 1
69.27969999999999 60.31731869611068 0
69.27969999999999 60.99120000000001 1
65.77959999999999 78.66759999999999 0
64.5 78.32536074791156 1
64.5 100 0
61.5 100 1
61.5 77.52298675895776 0
58.5 76.72061277000392 1
58.5 100 0
55.5 100 1
55.5 75.91823878105009 0
52.5 75.11586479209629 1
52.5 100 0
49.5 100 1
49.5 74.31349080314246 0
47.6919 73.82990000000001 1
52.0651 56.1219 0
52.5 56.24491526436861 1
52.5 52.29317688336319 0
49.5 53.00038634495839 1
49.5 66.50852553736394 0
43.5 54.41480526814877 1
43.5 100 0
46.5 100 1
46.5 53.70759580655357 0
55.5 57.09349147293577 1
55.5 51.58596742176799 0
55.7056 51.53749999999999 1
50.71720000000001 45.49339999999999 0
50.71720000000001 45.49339999999999 0