54.5621 49.36660000000001 0
25.8039 43.8565 1
29.9231 38.80370000000001 0
28.5 40.54933985239853 1
28.5 100 0
25.5 100 1
25.5 43.62671944908602 0
22.5 41.35840206592739 1
22.5 100 0
19.5 100 1
19.5 0 0
16.5 0 1
16.5 52.29399023055011 0
18.0275 53.7 0
13.5 58.95254407614129 1
13.5 100 0
16.5 100 1
16.5 55.47211730012278 0
18.0275 53.7 1
10.1264 62.8664 0
10.5 62.43297085215983 1
10.5 100 0
7.5 100 1
7.5 60.25590102383528 0
6.06813 58.8327 1
13.5339 49.5638 0
13.5 49.60588751542038 1
13.5 0 0
10.5 0 1
10.5 53.33044640217955 0
7.5 57.05500528893872 1
7.5 0 0
4.5 0 1
4.5 100 0
1.5 100 1
1.5 0 0
28.5 15.77996740451389 1
28.5 0 0
31.5 0 1
31.5 13.34345194214446 0
30.1505 12.5986 1
26.4641 19.7042 0
28.5 20.84061057497693 1
28.5 37.70703248501987 0
25.5 35.3951762943513 1
25.5 0 0
22.5 0 1
22.5 36.08602777682989 0
19.8792 39.3768 1
23.9819 34.2253 0
55.5 43.66063150960385 1
55.5 0 0
58.5 0 1
58.5 43.11762430672269 0
53.25490000000001 44.06699999999999 1
54.5621 49.36660000000001 0
87.37350000000001 52.4877 1
76.2714 15.0509 0
76.5 15.82174988245465 1
76.5 100 0
79.5 100 1
79.5 25.93789007214849 0
82.5 36.05403026184233 1
82.5 100 0
85.5 100 1
85.5 46.17017045153617 0
58.5 48.5797295535742 1
58.5 61.98285000081221 0
61.5 63.94909486363119 1
61.5 0 0
64.5 0 1
64.5 100 0
66.71482272109498 98.74279999999999 1
64.5163 96.37420004595231 0
66.71482272109498 98.74279999999999 0
100 100 1
100 0 0
97.5 0 1
97.5 100 0
94.5 100 1
94.5 29.67685192177757 0
94.6148 29.726 1
96.8887 23.8693 1
95.05629999999999 23.3768 1
95.40780000000001 21.1922 0
94.5 20.79037505156176 1
94.5 0 0
91.5 0 1
91.5 19.46246709241358 0
91.3835 19.4109 1
90.69380000000001 21.5675 0
79.5 18.54588652511706 1
79.5 0 0
82.5 0 1
82.5 28.6537541675314 0
91.5 28.3924944769406 1
91.5 100 0
88.5 100 1
88.5 52.14406083163999 0
89.3912 51.87220000000001 0
88.5 48.86948945236009 1
88.5 24.88836780159476 0
90.1104 25.5208 1
89.43469999999999 27.5083 0
86.81209999999999 24.2255 1
87.7551 21.0683 0
88.5 21.19483693129615 1
88.5 0 0
85.5 0 1
85.5 38.76162180994574 0
89.3912 51.87220000000001 1
78.3091 14.5334 0
76.5 14.99284410364627 1
76.5 0 0
73.5 0 1
73.5 92.28605431615782 0
70.5 89.47006359525821 1
70.5 0 0
67.5 0 1
67.5 90.08940673536907 0
68.9897 88.05240000000001 1
64.5163 94.16929999999999 1
64.5163 98.74279999999999 1
64.5163 100 1
74.07640000000001 100 1
74.07640000000001 92.8271 0
74.07640000000001 95.0714995178767 1
70.77789567042188 98.74279999999999 0
74.07640000000001 98.74279999999999 1
64.5163 98.74279999999999 0
61.5 100 1
61.5 67.59721895800558 0
63.0993 64.9973 1
58.14149999999999 73.05699999999999 0
58.5 72.47420068377104 1
58.5 100 0
55.5 100 1
55.5 71.3200036294713 0
52.5 69.34726499173286 1
52.5 100 0
49.5 100 1
49.5 67.37452635399444 0
46.5 65.401787716256 1
46.5 100 0
43.5 100 1
43.5 63.42904907851756 0
40.5 61.45631044077912 1
40.5 100 0
37.5 100 1
37.5 59.48357180304069 0
34.5 57.51083316530226 1
34.5 100 0
31.5 100 1
31.5 22.51516812934147 0
32.64 23.1515 1
36.8776 16.3116 0
34.5 14.99929175424774 1
34.5 0 0
37.5 0 1
37.5 50.35794176867302 0
38.47490000000001 48.85809999999999 1
33.3445 56.751 0
34.5 54.97331288983315 1
34.5 20.14927845950538 0
36.8776 16.3116 0
40.5 0 1
40.5 50.18538082389824 0
43.5 52.15162568671724 1
43.5 0 0
46.5 0 1
46.5 54.11787054953624 0
49.5 56.08411541235522 1
49.5 0 0
52.5 0 1
52.5 58.05036027517421 0
55.5 60.01660513799321 1
55.5 49.17918899624095 0
54.5621 49.36660000000001 0