53.2011 61.62350000000001 0
49.36229622543951 64.5 1
0 64.5 0
0 61.5 1
100 61.5 0
100 58.5 1
0 58.5 0
0 55.5 1
100 55.5 0
100 52.5 1
0 52.5 0
0 49.5 1
100 49.5 0
100 46.5 1
0 46.5 0
0 43.5 1
100 43.5 0
100 40.5 1
0 40.5 0
0 37.5 1
100 37.5 0
100 34.5 1
0 34.5 0
0 31.5 1
100 31.5 0
100 28.5 1
0 28.5 0
0 25.5 1
100 25.5 0
100 22.5 1
44.21440496017516 22.5 0
36.15430000000001 23.8755 0
35.29287798470236 19.5 1
0 19.5 0
0 22.5 1
35.88349986697705 22.5 0
36.15430000000001 23.8755 1
51.67740000000001 21.2264 0
51.25765782153283 19.5 1
100 19.5 0
100 16.5 1
50.5282633964856 16.5 0
49.9783 14.238 1
34.73350000000001 16.6587 0
35.73294221093072 16.5 1
0 16.5 0
0 13.5 1
100 13.5 0
100 10.5 1
0 10.5 0
0 7.5 1
100 7.5 0
100 4.5 1
0 4.5 0
0 1.5 1
100 1.5 0
53.2011 61.62350000000001 0