53.2011 61.62350000000001 0
55.40552965452326 64.5 1
100 64.5 0
100 67.5 1
57.70460455929287 67.5 0
58.4118 68.4228 1
51.6915 73.54320000000001 0
51.65628999089267 73.5 1
0 73.5 0
0 76.5 1
100 76.5 0
100 79.5 1
0 79.5 0
0 82.5 1
100 82.5 0
100 85.5 1
0 85.5 0
0 88.5 1
8.623213221536183 88.5 0
8.53369 88.2294 1
10.9291 86.59049999999999 0
13.8708 85.75 0
14.53077520887329 88.5 1
100 88.5 0
100 91.5 1
15.25074816400779 91.5 0
15.3616 91.96190000000001 1
10.543 94.30289999999999 0
9.61571013435416 91.5 1
0 91.5 0
0 94.5 1
100 94.5 0
100 97.5 1
0 97.5 0
0 100 1
100 100 0
55.68556627607218 70.5 1
100 70.5 0
100 73.5 1
51.7481981017108 73.5 0
51.6915 73.54320000000001 0
49.21115046955016 70.5 1
0 70.5 0
0 67.5 1
46.76601094820765 67.5 0
46.2324 66.84530000000001 1
53.2011 61.62350000000001 0
53.2011 61.62350000000001 0