31.1059 33.4725
19.9961 20.586
14.3675 25.5588
19.5076 32.2033
25.8662 38.775

32.2416 13.3573
27.4406 7.31866
21.2132 11.6783
26.7546 17.9224

37.9202 58.6614
28.5787 49.3636
21.9757 55.9977
26.6346 58.603
29.0868 54.9486

52.9055 29.5334
35.3094 22.9109
32.0834 32.0592
49.6197 38.5536

65.9884 26.876
57.179 19.6364
57.0053 33.244
65.9828 33.2856

74.8109 46.3192
74.4005 42.419
60.4074 44.1838
61.1746 48.1362

72.4603 69.3134
70.7584 62.4968
62.4714 63.9954
63.8154 70.8507

82.9633 28.069
78.6714 26.5239
76.3097 29.673
79.8699 32.1693