76.5 55.5 0
64.5 55.5 0
64.5 57 1
42.5 57 0
42.5 58 1
64.5 58 0
64.5 61 1
42.5 61 0
42.5 62 1
64.5 62 0
64.5 60 1
42.5 60 0
42.5 59 1
64.5 59 0
57 47.5 1
57 35.5 0
56 35.5 1
56 47.5 0
55 47.5 1
55 35.5 0
54 35.5 1
54 47.5 0
53 47.5 1
53 35.5 0
52 35.5 1
52 47.5 0
50.5 45.5 0
49 45.5 1
49 33.5 0
48 33.5 1
48 45.5 0
50 45.5 1
50 35.5 0
51 35.5 1
51 47.5 0
50.5 48 1
131.5 48 0
131.5 49 1
50.5 49 0
50.5 50 1
131.5 50 0
131.5 50.5 0
138.5 55 1
99.5 55 0
99.5 54.5 1
99.5 71.5 1
104.5 71.5 0
104.5 73 1
109.5 73 0
109.5 74 1
104.5 74 0
104.5 72 1
109.5 72 0
109.5 71 1
99.5 71 0
99.5 70 1
109.5 70 0
109.5 69 1
99.5 69 0
99.5 68 1
109.5 68 0
109.5 67 1
99.5 67 0
99.5 66 1
138.5 66 0
138.5 67 1
114.5 67 0
114.5 69 1
138.5 69 0
138.5 68 1
114.5 68 0
114.5 66.5 0
109.5 66.5 0
104.5 71.5 1
104.5 74.5 1
109.5 74.5 1
109.5 66.5 1
114.5 66.5 1
114.5 70.5 1
117.5 70.5 0
114.5 70 1
138.5 70 0
138.5 71 1
117.5 71 0
117.5 73 1
138.5 73 0
138.5 72 1
117.5 72 0
117.5 70.5 1
117.5 73.5 1
138.5 73.5 1
138.5 50.5 1
131.5 50.5 1
131.5 44.5 1
128.5 44.5 1
128.5 29.5 1
124.5 29.5 1
124.5 15.5 1
129.5 15.5 1
129.5 13.5 1
133.5 13.5 1
133.5 11.5 1
117.5 11.5 1
117.5 13.5 0
117.5 12 1
133.5 12 0
133.5 13 1
117.5 13 0
117.5 13.5 1
114.5 13.5 1
114.5 19.5 1
104.5 19.5 1
104.5 38.5 1
100.5 38.5 1
100.5 47.5 1
57.5 47.5 0
76.5 55.5 0