76.5 55.5 0
101 47.5 1
101 38.5 0
102 38.5 1
102 47.5 0
103 47.5 1
103 38.5 0
104 38.5 1
104 47.5 0
105 47.5 1
105 19.5 0
106 19.5 1
106 47.5 0
107 47.5 1
107 19.5 0
108 19.5 1
108 47.5 0
109 47.5 1
109 19.5 0
110 19.5 1
110 47.5 0
111 47.5 1
111 19.5 0
112 19.5 1
112 47.5 0
113 47.5 1
113 19.5 0
114 19.5 1
114 47.5 0
115 47.5 1
115 15.5 0
114.5 14 1
129.5 14 0
129.5 15 1
114.5 15 0
116 15.5 1
116 47.5 0
129 44.5 1
129 47.5 0
130 47.5 1
130 44.5 0
131 44.5 1
131 47.5 0
128 47.5 1
128 29.5 0
127 29.5 1
127 47.5 0
126 47.5 1
126 29.5 0
125 29.5 1
125 47.5 0
124 47.5 1
124 15.5 0
123 15.5 1
123 47.5 0
122 47.5 1
122 15.5 0
121 15.5 1
121 47.5 0
120 47.5 1
120 15.5 0
119 15.5 1
119 47.5 0
118 47.5 1
118 15.5 0
117 15.5 1
117 47.5 0
99.5 62 1
138.5 62 0
138.5 63 1
99.5 63 0
99.5 65 1
138.5 65 0
138.5 64 1
99.5 64 0
99.5 61 1
138.5 61 0
138.5 60 1
99.5 60 0
99.5 59 1
138.5 59 0
138.5 58 1
99.5 58 0
99.5 57 1
138.5 57 0
138.5 56 1
99.5 56 0
99.5 54.5 1
91.5 54.5 1
91.5 68.5 1
72.5 68.5 1
72.5 62.5 1
76.5 62.5 0
76.5 62 1
91.5 62 0
91.5 61 1
76.5 61 0
76.5 58 1
91.5 58 0
91.5 57 1
76.5 57 0
76.5 55.5 0