76.5 55.5 0
64.5 55.5 0
64.5 56 1
42.5 56 0
46.5 50.5 1
46.5 47.5 1
42.5 47.5 1
42.5 28.5 0
43 28.5 1
43 9.5 0
44 9.5 1
44 28.5 0
45 28.5 1
45 9.5 0
46 9.5 1
46 28.5 0
47 28.5 1
47 9.5 0
48 9.5 1
48 28.5 0
49 28.5 1
49 24.5 0
49.5 25 1
53.5 25 0
53.5 26 1
49.5 26 0
48.5 24.5 0
42 9.5 1
42 31.5 0
42.5 28.5 1
49.5 28.5 1
49.5 26.5 1
53.5 26.5 1
53.5 24.5 1
48.5 24.5 1
48.5 9.5 1
41.5 9.5 1
41.5 31.5 1
17.5 31.5 1
17.5 10.5 1
16.16023252670427 10.5 1
9.5 15.2573089476459 1
9.5 43.5 1
11.5 43.5 0
9.5 43 1
42.5 43 0
42.5 42 1
9.5 42 0
9.5 41 1
42.5 41 0
42.5 40 1
9.5 40 0
9.5 39 1
42.5 39 0
42.5 38 1
9.5 38 0
9.5 37 1
42.5 37 0
42.5 36 1
9.5 36 0
9.5 35 1
42.5 35 0
42.5 34 1
9.5 34 0
9.5 33 1
42.5 33 0
42.5 32 1
9.5 32 0
10 31.5 1
10 14.90016609050305 0
11 14.18588037621733 1
11 31.5 0
12 31.5 1
12 13.47159466193162 0
13 12.7573089476459 1
13 31.5 0
14 31.5 1
14 12.04302323336019 0
15 11.32873751907448 1
15 31.5 0
16 31.5 1
16 10.61445180478876 0
17 10.5 1
17 31.5 0
20.5 43.5 0
20.5 46 1
11.5 46 0
11.5 47 1
20.5 47 0
11.5 45 1
20.5 45 0
20.5 44 1
11.5 44 0
11.5 43.5 1
11.5 48.5 0
11.5 48 1
20.5 48 0
20.5 52 1
8.5 52 0
8.5 53 1
20.5 53 0
20.5 55 1
8.5 55 0
8.5 54 1
20.5 54 0
20.5 51 1
8.5 51 0
8.5 50 1
20.5 50 0
20.5 49 1
8.5 49 0
11.5 48.5 1
8.5 48.5 1
8.5 55.5 1
20.5 55.5 1
20.5 43.5 1
35.5 43.5 1
35.5 46.5 1
25.5 46.5 1
25.5 55.5 1
42.5 55.5 1
42.5 62.5 1
64.5 62.5 1
64.5 55.5 1
76.5 55.5 0
76.5 55.5 0