61.6016 60.5157 0
61.6016 60.5157 1
70.4682 61.8216 0
68.2846495290604 61.5 1
24.60085062129244 61.5 0
27.7005897416128 58.5 1
62.99216208203875 58.5 0
65.06175887030895 55.5 1
30.80032886193317 55.5 0
32.0146 54.3248 1
7.14188 78.3972 1
0 78.3972 0
0.6688013792221341 78.3972 1
26.97944685113264 52.95189999999999 0
30.4414 52.95189999999999 1
9.497669999999999 73.20679999999999 1
7.14188 78.3972 0
8.829976807024003 74.67789663799516 1
4.984187126407377 78.3972 0
0 82.5 1
14.6208738157713 82.5 0
12.4003 80.75700000000001 1
18.8578 85.82570000000001 0
18.44285972931915 85.5 1
0 85.5 0
0 88.5 1
54.57872489773995 88.5 0
50.11557319444444 91.5 1
56.45736597529232 91.5 0
56.7329 91.94 1
63.4684 87.74600000000001 0
62.1975679475247 85.5 1
100 85.5 0
100 88.5 1
62.2574875059609 88.5 0
52.1088 99.45750000000001 1
46.70780000000001 98.1199 0
43.4924 94.8511 0
44.0314 92.49700000000001 1
41.8135 91.60380000000001 0
41.85059143047461 91.5 1
0 91.5 0
0 94.5 1
43.57278864109426 94.5 0
43.4924 94.8511 1
47.018 96.0438 0
46.80042221472954 97.5 1
0 97.5 0
0 100 1
100 100 0
100 97.5 1
52.58550813941974 97.5 0
57.43953328564616 91.5 1
100 91.5 0
100 94.5 1
53.31609532626993 94.5 0
53.3385 94.40799999999999 1
50.2433 93.25880000000001 1
50.24850000000001 91.55330000000001 1
42.88639999999999 88.60130000000001 0
45.9222 84.8306 1
50.6704 82.25880000000001 0
50.82144274263521 82.5 1
50.22508316354305 82.5 0
52.70008382018757 85.5 1
19.10244162282573 85.5 0
21.35581856012134 82.5 1
44.70586994469146 82.5 0
43.14018292592993 79.5 1
23.60919549741694 79.5 0
23.6122 79.49600000000001 1
17.1547 74.4273 0
15.30163326033134 70.5 1
39.62509830763342 70.5 0
38.70359999999999 70.9991 1
45.4567 67.3415 0
45.1640582813867 67.5 1
18.4013723806517 67.5 0
21.50111150097207 64.5 1
81.24368658095619 64.5 0
81.1181 64.01910000000001 1
93.45849999999999 60.70780000000001 1
100 60.70780000000001 0
98.12845898678378 60.70780000000001 1
100 67.45395164267413 0
100 71.3075 1
98.71899999999999 71.3075 1
98.71899999999999 79.3819 1
100 79.3819 1
100 71.3075 1
100 60.70780000000001 1
100 59.2606 1
100 42.72110000000001 1
98.10980560628653 42.72110000000001 0
97.15118582858395 43.5 1
97.93966187904346 43.5 0
97.91050000000001 43.6335 1
92.721 42.72110000000001 0
92.49855906734672 43.5 1
0 43.5 0
0 54.00327706612107 1
1.087132368021171 52.95189999999999 0
5.402518115206416 52.95189999999999 1
0 58.17673168813265 0
0 62.35018631014422 1
9.717903862391658 52.95189999999999 0
14.0332896095769 52.95189999999999 1
0 66.52364093215579 0
0 70.69709555416736 1
18.34867535676214 52.95189999999999 0
22.66406110394739 52.95189999999999 1
0 74.87055017617894 0
0 79.5 1
13.34446493672686 79.5 0
15.59784187402247 76.5 1
9.102155019690603 76.5 0
12.20189414001097 73.5 1
40.00880888840689 73.5 0
41.57449590716841 76.5 1
19.79531006767021 76.5 0
32.0146 54.3248 0
30.4414 52.95189999999999 1
0 52.95189999999999 0
0 52.5 1
67.13135565857917 52.5 0
61.6016 60.5157 0