61.6016 60.5157 0
60.50010750343482 82.5 1
100 82.5 0
97.35690924525852 79.3819 1
98.71899999999999 76.71570738626295 0
100 79.5 1
58.80264705934495 79.5 0
57.0851 76.46449999999999 0
57.01159047364672 76.5 1
51.07678749802101 76.5 0
52.4335 78.71090000000001 1
57.0851 76.46449999999999 0
57.10518661525506 76.5 1
91.90271886643538 76.5 0
94.48740000000001 71.3075 0
96.17750000000001 70.5087 0
99.10301103802303 59.2606 1
100 55.15427933919894 0
100 59.2606 1
94.49690000000001 59.2606 1
90.82900000000001 58.2162 0
91.82569668709306 58.5 1
71.27719646041911 58.5 0
70.54652769197699 61.5 1
90.50616560565336 61.5 0
90.96115676231807 55.5 1
72.00786522886119 55.5 0
72.73853399730331 52.5 1
91.10712181899808 52.5 0
91.25308687567809 49.5 1
73.46920276574539 49.5 0
74.19987153418751 46.5 1
91.64180878109713 46.5 0
92.721 42.72110000000001 0
100 25.5 1
11.27368245368022 25.5 0
9.000611852791362 28.5 1
100 28.5 0
100 31.5 1
80.87309011277785 31.5 0
79.3015 30.0935 1
81.3425 31.9201 1
69.28729999999999 42.1348 1
62.8856 35.8625 1
79.3015 30.0935 0
75.29925292945052 31.5 1
24.85844809951269 31.5 0
24.957 30.5009 0
20.4847 12.5962 0
17.3185 8.195519999999998 1
10.6742 13.4962 0
10.67771017411269 13.5 1
0 13.5 0
0 10.5 1
14.42987882988598 10.5 0
0 7.5 1
100 7.5 0
100 4.5 1
0 4.5 0
0 1.5 1
100 1.5 0
100 10.5 1
18.97652661770454 10.5 0
20.4847 12.5962 0
15.91479856726757 16.5 1
100 16.5 0
100 13.5 1
19.42668552310478 13.5 0
20.4847 12.5962 1
14.5365 17.6774 0
13.44890026308237 16.5 1
0 16.5 0
4.526256062216671 20.4585 1
0 25.92823430554444 0
0.9763586874055572 29.454 1
8.420218687405558 20.4585 0
10.3672 20.4585 1
13.677 22.3281 0
13.54675305456907 22.5 1
100 22.5 0
100 19.5 1
0 19.5 0
0 21.2225922334358 1
0.6322934370277864 20.4585 0
0 20.4585 1
0 29.454 1
2.92334 29.454 1
6.20966 32.1835 0
5.386725499175672 31.5 1
0 31.5 0
0 34.5 1
16.65608667557507 34.5 0
16.4843 33.8755 1
24.957 30.5009 0
22.44853245718011 31.5 1
6.72754125190251 31.5 0
16.7725 34.92319999999999 1
24.5724 34.3999 0
23.08038778903116 34.5 1
66.76264346507193 34.5 0
62.8856 35.8625 0
64.55688226487891 37.5 1
0 37.5 0
0 40.5 1
67.61877343717615 40.5 0
69.20095244684936 49.5 1
0 49.5 0
0 46.5 1
71.27054923511957 46.5 0
78.29774974008046 34.5 1
100 34.5 0
100 37.5 1
74.75720523069694 37.5 0
71.21666072131339 40.5 1
100 40.5 0
99.64517595229418 42.72110000000001 1
96.03227034600766 59.2606 0
95.01515299559458 60.70780000000001 1
97.95575888893092 71.3075 0
97.84747715743751 71.3075 1
98.71899999999999 71.74229342871106 0
98.71899999999999 71.3075 1
94.48740000000001 71.3075 0
96.17750000000001 70.5087 1
96.39910589333633 71.3075 0
96.17750000000001 70.5087 1
83.32810000000001 72.48169999999999 1
93.90291611227124 72.48169999999999 0
93.96013406176488 72.36675189329256 1
93.21152067994697 72.48169999999999 0
93.39603488005 73.5 1
49.23584602353687 73.5 0
47.39490454905273 70.5 1
82.81058091603055 70.5 0
82.02713374849338 67.5 1
45.55396307456857 67.5 0
61.6016 60.5157 0