45.5 56.5 0
45.5 56 1
23.5 56 0
23.5 56.5 0
18.5 57 1
115.5 57 0
115.5 56 1
109.5 56 0
109.5 55 1
115.5 55 0
115.5 54 1
109.5 54 0
115.5 58 1
18.5 58 0
18.5 59 1
115.5 59 0
115.5 60 1
18.5 60 0
18.5 61 1
115.5 61 0
115.5 62 1
18.5 62 0
18.5 63 1
115.5 63 0
115.5 64 1
18.5 64 0
19 64.5 1
19 138.5 0
20 138.5 1
20 64.5 0
21 64.5 1
21 138.5 0
22 138.5 1
22 64.5 0
23 64.5 1
23 138.5 0
24 138.5 1
24 64.5 0
25 64.5 1
25 138.5 0
26 138.5 1
26 64.5 0
27 64.5 1
27 138.5 0
28 138.5 1
28 64.5 0
29 64.5 1
29 138.5 0
30 138.5 1
30 64.5 0
31 64.5 1
31 138.5 0
32 138.5 1
32 64.5 0
33 64.5 1
33 82.5 0
34 82.5 1
34 64.5 0
35 64.5 1
35 82.5 0
36 82.5 1
36 64.5 0
37 64.5 1
37 82.5 0
38 82.5 1
38 64.5 0
39 64.5 1
39 82.5 0
40 82.5 1
40 64.5 0
41 82.5 1
41 64.5 0
45.5 56.5 0