50.581 52.7902 0
71.5 48.84554751958224 1
71.5 91.02052156591026 0
71.53819999999999 91.05359999999999 1
68.93209999999999 94.97040000000001 0
68.5 94.70123811987199 1
68.5 100 0
71.5 100 1
71.5 91.11101213307242 0
71.53819999999999 91.05359999999999 0
70.3836 90.0538 1
68.0453 79.27359999999999 0
65.5 79.45642915287104 1
65.5 40.68366762402088 0
64.2373 38.96599999999999 0
69.99270000000001 33.7953 1
79.19749999999999 44.9211 0
80.5 43.76031872540274 1
80.5 20.83364767196652 0
80.45189999999999 20.8278 1
81.57060000000001 17.1368 0
80.5 20.66910052739787 1
80.5 0 0
77.5 0 1
77.5 42.86933945115592 0
74.5 39.2432530614462 1
74.5 0 0
71.5 0 1
71.5 35.61716667173648 0
69.99270000000001 33.7953 0
68.5 35.13635429509678 1
68.5 0 0
65.5 0 1
65.5 37.83157964867776 0
64.2373 38.96599999999999 1
73.81229999999999 51.991 0
74.5 51.43028613555659 1
74.5 100 0
77.5 100 1
77.5 48.98424630230045 0
77.6985 48.8224 1
84.71610000000001 57.1293 1
90.01730000000001 51.7287 1
83.00890000000001 41.5244 0
83.5 42.23944647708464 1
83.5 20.89334471894021 0
83.43940000000001 21.191 1
84.2773 17.0754 0
83.5 17.09303262275095 1
83.5 0 0
86.5 0 1
86.5 46.60747626990468 0
89.5 50.97550606272473 1
89.5 0 0
95.5 0 1
95.5 100 0
98.5 100 1
98.5 0 0
92.5 0 1
92.5 100 0
89.5 100 1
89.5 52.2556996189542 0
86.5 55.31195103372821 1
86.5 100 0
83.5 100 1
83.5 55.68977351088691 0
80.5 52.13860217025764 1
80.5 100 0
68.5 81.36989086943507 1
68.5 44.76460757180156 0
41.5 50.65607351889342 1
41.5 0 0
39.1002 0 1
39.1002 10.6689 0
38.5 11.08611329270953 1
38.5 49.25857809526119 0
35.5 47.86108267162895 1
35.5 33.60654532940019 0
32.5 33.94184523107178 1
32.5 48.23262596145274 0
33.0996 46.74290000000001 1
27.4909 60.67789999999999 0
29.5 55.68622483463191 1
29.5 17.34222731201265 0
32.5 15.25685597224494 1
32.5 27.75167663417564 0
35.5 27.68889657227329 1
35.5 13.17148463247723 0
39.1002 10.6689 0
39.1002 8.083661346019888 1
36.44570707545479 4.3575 0
39.1002 1.5 1
19.8366 1.5 0
19.8366 0 1
19.8366 14.5831 1
24.429 20.8672 0
26.5 19.42759865178036 1
26.5 69.274771688454 0
27.4909 68.72591992193102 1
41.83248765694991 74.30768669077935 0
43.00641259416994 71.5453720144676 1
27.4909 65.50671195315863 0
44.18033753138998 68.78305733815588 1
27.4909 62.28750398438621 0
24.3487 68.37049999999999 1
18.5947 81.9068 0
20.5 82.69552462061378 1
20.5 100 0
17.5 100 1
17.5 55.7146895802093 0
14.5 54.83125266909907 1
14.5 100 0
11.5 100 1
11.5 53.94781575798885 0
18.8638 56.1163 1
20.5658 46.0887 0
20.5 46.07695791228177 1
20.5 15.49087631303894 0
23.5 19.59598475307029 1
23.5 70.36706896246091 0
20.5 77.4245767831074 1
20.5 46.47637102232667 0
20.5658 46.0887 0
17.5 45.54160436889769 1
17.5 0 0
14.5 0 1
14.5 45.0062508255136 0
11.5 44.47089728212953 1
11.5 0 0
8.5 0 1
8.5 43.93554373874544 0
7.98757 43.8441 1
6.3933 52.444 0
8.5 53.06437884687864 1
8.5 100 0
5.5 100 1
5.5 0 0
2.5 0 1
2.5 100 0
0 100 1
0 0 0
19.8366 12.75859250983524 1
31.96911970835364 4.3575 0
26.69935912506092 4.3575 1
19.8366 9.109577529505732 0
21.4295985417682 4.3575 1
19.8366 5.460562549176219 0
19.8366 4.3575 1
39.1002 4.3575 0
44.5 0 1
44.5 52.05356894252567 0
47.5 53.45106436615791 1
47.5 0 0
50.5 0 1
50.5 22.183125 0
50.1323 22.8266 1
52.2983 19.0361 0
53.5 19.83388213582677 1
53.5 0 0
56.5 0 1
56.5 21.82551599409449 0
59.5 23.81714985236221 1
59.5 0 0
62.5 0 1
62.5 79.67191945209436 0
58.3502 79.97 1
61.8267 93.19489999999999 0
62.5 93.00920772725732 1
62.5 100 0
65.5 100 1
65.5 92.83249097711797 0
59.5 100 1
59.5 84.34393643607075 0
58.3502 79.97 0
59.5 79.88740975131768 1
59.5 26.44782891728312 0
60.62949999999999 24.567 1
58.399 28.2812 0
56.5 27.02818665731186 1
56.5 100 0
53.5 100 1
53.5 57.5264787989081 0
50.5 64.82857161055506 1
50.5 100 0
47.5 100 1
47.5 72.13066442220199 0
44.5 79.43275723384895 1
44.5 100 0
41.5 100 1
41.5 86.7348500454959 0
39.8659 90.7123 0
34.7106 90.16074466179623 1
34.7106 94.96010000000001 1
34.5699 90.10249999999999 1
34.7106 90.16074466179623 0
34.5699 90.10249999999999 0
34.4834939390814 90.10762523463242 1
26.5619 86.82837463144213 0
27.62308298921881 90.51455520481034 1
26.5619 90.07526420046801 0
26.5619 90.57749999999999 1
27.1211 94.9427 1
26.5619 94.9427 1
26.5619 90.57749999999999 1
34.5699 90.10249999999999 0
35.5 88.90497683769604 1
35.5 100 0
34.7106 99.4427 1
26.5619 99.4427 0
26.5 100 1
26.5 85.17930550744668 0
23.5 83.93741506403023 1
23.5 100 0
26.5619 96.4427 1
34.7106 96.4427 0
38.5 100 1
38.5 90.14686728111249 0
39.8659 90.7123 1
54.7024 54.5998 0
53.5 54.07185730091716 1
53.5 25.04870270361813 0
50.5 23.0692187499244 1
50.5 52.92508196421309 0
49.59739999999999 54.4281 1
50.581 52.7902 0
50.581 52.7902 0