69.5 107.5 0
63.5 107.5 0
62.06574145408933 113.5 0
66 119.401387818866 1
66 153.5 0
67 153.5 1
67 128.5 0
68 128.5 1
68 153.5 0
69 153.5 1
69 128.5 0
70 128.5 1
70 153.5 0
71.5 153.5 1
87.5 153.5 1
87.5 147.5 1
89.5 147.5 1
89.5 139.5 0
89.5 140 1
128.5 140 0
128 139.5 1
128 122.5 0
127 122.5 1
127 139.5 0
126.5 122.5 1
126.5 138.5 1
126.5 139.5 1
106.5 139.5 1
105.5 139.5 1
105.5 123.5 1
105.5 122.5 1
128.5 122.5 0
128.5 122 1
102.1810249675907 122 0
103.3810249675907 121 1
128.5 121 0
128.5 120 1
104.5810249675907 120 0
105.5 123 1
100.9810249675907 123 0
99.78102496759067 124 1
105.5 124 0
105.5 125 1
98.58102496759068 125 0
98.5 125.0675208063256 0
98.5 125 1
84.5 125 0
84.5 124 1
98.5 124 0
97.5 123.5 0
97.5 123 1
84.5 123 0
84.5 122 1
97.5 122 0
97.5 121 1
84.5 121 0
84.5 120 1
98.29289321881348 120 0
99.29289321881348 119 1
84.5 119 0
84.5 118 1
100.2928932188135 118 0
101.2928932188135 117 1
84.5 117 0
84.5 126 1
105.5 126 0
105.5 127 1
84.5 127 0
84.5 128 1
105.5 128 0
105.5 129 1
84.5 129 0
84.5 130 1
105.5 130 0
105.5 131 1
84.5 131 0
84.5 132 1
105.5 132 0
105.5 133 1
84.5 133 0
84.5 134 1
105.5 134 0
105.5 135 1
84.5 135 0
84.5 136 1
105.5 136 0
105.5 137 1
84.5 137 0
84.5 138 1
105.5 138 0
105.5 139 1
84.5 139 0
89.5 139.5 1
84.5 139.5 1
84.5 116.5 1
101.7928932188135 116.5 1
97.50000000000001 120.7928932188134 1
97.5 123.5 1
98.5 123.5 1
98.5 125.0675208063256 1
105.5 119.2341874729922 0
105.5 118 1
128.5 118 0
128.5 119 1
105.5 119 0
105.5 119.2341874729922 1
105.5 117.5 1
128.5 117.5 1
128.5 147.5 1
122.5 147.5 1
122.5 144.5 0
122.5 145 1
128.5 145 0
122.5 147 1
128.5 147 0
128.5 146 1
122.5 146 0
122.5 144.5 1
113.5 144.5 1
113.5 149.5 1
94.5 149.5 1
94.5 152.5 1
146.5 152.5 1
146.5 182.5 1
140.5 182.5 1
140.5 183.5 1
109.5 183.5 0
109.5 186 1
91.5 186 0
91.5 187 1
109.5 187 0
109.5 185 1
91.5 185 0
91.5 184 1
109.5 184 0
104.5 171 1
146.5 171 0
146.5 172 1
104.5 172 0
104.5 173 1
146.5 173 0
146.5 174 1
104.5 174 0
104.5 174.5 0
100.5 174.5 0
100.5 173 1
91.5 173 0
91.5 172 1
100.5 172 0
100.5 170 1
91.5 170 0
91.5 171 1
100.5 171 0
100.5 174 1
91.5 174 0
91.5 175 1
146.5 175 0
146.5 176 1
91.5 176 0
91.5 177 1
146.5 177 0
146.5 178 1
91.5 178 0
91.5 179 1
146.5 179 0
146.5 180 1
91.5 180 0
91.5 181 1
146.5 181 0
146.5 182 1
91.5 182 0
91.5 183 1
140.5 183 0
109.5 183.5 1
109.5 187.5 1
91.5 187.5 1
91.5 169.5 1
100.5 169.5 1
100.5 174.5 1
104.5 174.5 1
104.5 170.5 1
109.5 170.5 1
109.5 166.5 0
109.5 169 1
146.5 169 0
146.5 170 1
109.5 170 0
109.5 168 1
146.5 168 0
146.5 167 1
109.5 167 0
109.5 166.5 1
103.5 166.5 1
103.5 160.5 0
103.5 161 1
146.5 161 0
146.5 162 1
103.5 162 0
103.5 165 1
146.5 165 0
146.5 166 1
103.5 166 0
103.5 164 1
146.5 164 0
146.5 163 1
103.5 163 0
103.5 160.5 1
86.5 160.5 0
71.5 153.5 1
71.5 128.5 1
66.5 128.5 0
66.5 126.5 0
67 126.5 1
67 120.5 0
68 120.5 1
68 126.5 0
69 126.5 1
69 120.5 0
66.73240812075601 120.5 1
62.06574145408933 113.5 1
63.5 113.5 1
63.5 107.5 0
64 107.5 1
64 54.5 0
65 54.5 1
65 107.5 0
66 107.5 1
66 54.5 0
67 54.5 1
67 107.5 0
69.5 107.5 0