69.5 107.5 0
69 107.5 1
69 54.5 0
68 54.5 1
68 107.5 0
69.5 108 1
66.5 108 0
66.5 107.5 1
66.5 114.5 1
69.5 114.5 1
69.5 111.5 0
79.5 111.5 0
79.5 112 1
84.5 112 0
84.5 113 1
79.5 113 0
79.5 111.5 0
69.5 109.5 0
69.5 109 1
66.5 109 0
66.5 110 1
84.5 110 0
84.5 111 1
66.5 111 0
66.5 112 1
69.5 112 0
69.5 114 1
66.5 114 0
66.5 113 1
69.5 113 0
69.5 111.5 1
79.5 111.5 1
79.5 113.5 1
84.5 113.5 1
84.5 109.5 1
69.5 109.5 1
69.5 107.5 0
71 107.5 1
71 54.5 0
72 54.5 1
72 107.5 0
73 107.5 1
73 54.5 0
74 54.5 1
74 107.5 0
85.5 84.5 1
85.5 107.5 1
69.5 107.5 0
69.5 107.5 0