69.5 107.5 0
70 107.5 1
70 54.5 0
55.5 54.5 0
41.5 49 1
23.5 49 0
23.5 50 1
41.5 50 0
41.5 51 1
23.5 51 0
23.5 52 1
41.5 52 0
42 61.5 1
42 46.5 0
41.5 47 1
23.5 47 0
23.5 48 1
41.5 48 0
25.18102496759067 34 1
54.5 34 0
54.5 31 1
28.5 31 0
28.5 30 1
54.5 30 0
54.5 32 1
27.58102496759066 32 0
26.38102496759067 33 1
54.5 33 0
54.5 35 1
23.98102496759067 35 0
22.78102496759067 36 1
54.5 36 0
54.5 37 1
21.58102496759068 37 0
21.5 37.06752080632556 0
19.5 38 1
107.5 38 0
107.5 39 1
19.5 39 0
19.5 40 1
107.5 40 0
107.5 41 1
19.5 41 0
19.5 42 1
107.5 42 0
107.5 43 1
19.5 43 0
19.5 44 1
98.5 44 0
98.5 45 1
19.5 45 0
19.5 46 1
98.5 46 0
86.5 49.5 0
86.5 51 1
109.5 51 0
109.5 52 1
86.5 52 0
86.5 54 1
109.5 54 0
109.5 53 1
86.5 53 0
86.5 50 1
98.5 50 0
98.5 49 1
80.5 49 0
80.5 48 1
98.5 48 0
98.5 47 1
80.5 47 0
80.5 46.5 0
82.5 36.5 1
76.5 36.5 1
76.5 24.5 1
81.5 24.5 1
81.5 22.5 1
108.5 22.5 1
108.5 14.5 1
62.5 14.5 1
62.5 21.5 1
65.5 21.5 0
62.5 15 1
108.5 15 0
108.5 16 1
62.5 16 0
62.5 17 1
108.5 17 0
108.5 18 1
62.5 18 0
62.5 19 1
108.5 19 0
108.5 20 1
62.5 20 0
62.5 21 1
108.5 21 0
108.5 22 1
65.5 22 0
65.5 21.5 1
65.5 33.5 0
62.5 34 1
76.5 34 0
76.5 33 1
65.5 33 0
65.5 32 1
76.5 32 0
76.5 31 1
65.5 31 0
65.5 30 1
76.5 30 0
76.5 29 1
65.5 29 0
65.5 28 1
76.5 28 0
76.5 27 1
65.5 27 0
65.5 24 1
81.5 24 0
81.5 23 1
65.5 23 0
65.5 25 1
76.5 25 0
76.5 26 1
65.5 26 0
65.5 33.5 1
62.5 33.5 1
62.5 37.5 0
62.5 35 1
76.5 35 0
76.5 36 1
62.5 36 0
62.5 37 1
107.5 37 0
107.5 36 1
82.5 36 0
82.5 33 1
107.5 33 0
107.5 32 1
82.5 32 0
82.5 34 1
107.5 34 0
107.5 35 1
82.5 35 0
82.5 36.5 1
82.5 31.5 1
107.5 31.5 1
107.5 43.5 1
98.5 43.5 1
98.5 50.5 1
109.5 50.5 1
109.5 54.5 1
86.5 54.5 1
86.5 49.5 1
80.5 49.5 1
80.5 46.5 1
55.5 46.5 0
55 46.5 1
55 137.5 0
54 137.5 1
54 46.5 0
53 46.5 1
53 137.5 0
52 137.5 1
52 46.5 0
51 46.5 1
51 137.5 0
50 137.5 1
50 110.5 0
50.5 110.5 0
63.5 107.5 1
66.5 107.5 0
69.5 107.5 0