58.4679 59.67449999999999 0
58.4679 59.67449999999999 1
34.12649999999999 34.57640000000001 0
32.5 35.25269703069992 1
32.5 25.72155744752678 0
31.1133 25.2775 1
37.1914 5.38625 0
35.5 4.800100199727876 1
35.5 10.92154231996843 0
32.5 20.73937190487161 1
32.5 3.760458837060044 0
31.1133 3.279901944522886 1
31.1133 0 1
44.982 0 1
44.982 8.08606 1
40.0506 28.4819 0
47.5 28.61841616071682 1
47.5 48.36564138915591 0
50.5 51.45890225336258 1
50.5 31.14507442908967 0
53.5 33.67173269746252 1
53.5 54.55216311756924 0
66.76249999999999 50.70829999999999 1
67.82329999999999 54.798 0
68.5 54.77166943136153 1
68.5 100 0
77.5 85.04527843753777 1
77.5 100 0
80.5 100 1
80.5 89.49970015893572 0
78.88999999999999 89.92259999999999 1
74.75550000000001 75.4152 0
74.5 62.12309939513388 1
74.5 100 0
71.5 100 1
71.5 54.6549386704403 0
72.45189999999999 54.61790000000001 1
75.3947 65.40170000000001 0
77.5 64.94510957015163 1
77.5 74.70121820388349 0
80.5 73.92076807149161 1
80.5 64.29447959364228 0
81.95050000000001 63.9799 1
79.64340000000001 54.1016 0
86.5 51.65666864310148 1
86.5 0 0
83.5 0 1
83.5 76.43587162440028 0
82.91309999999999 73.29300000000001 1
85.68520000000001 88.1377 0
83.5 88.71168803272897 1
83.5 100 0
86.5 100 1
86.5 57.00694238368465 0
89.5 59.23951308517789 1
89.5 100 0
92.5 100 1
92.5 61.43544470482139 0
92.48429999999999 61.46040000000001 1
99.91370000000001 49.65130000000001 0
98.5 51.89838922254826 1
98.5 100 0
95.5 100 1
95.5 56.66691696368483 0
99.91370000000001 49.65130000000001 0
98.5 48.65726585838641 1
98.5 0 0
95.5 0 1
95.5 46.54783498561228 0
92.5 44.43840411283817 1
92.5 0 0
89.5 0 1
89.5 47.0489149372862 0
91.608 43.8112 1
84.15350000000001 55.2607 0
80.5 57.76930048112348 1
80.5 0 0
77.5 0 1
77.5 53.53695007491713 0
74.5 52.74664039158755 1
74.5 0 0
71.5 0 1
71.5 51.95633070825797 0
68.5 51.16602102492838 1
68.5 0 0
65.5 0 1
65.5 100 0
61.08929999999999 97.50261813119471 1
47.3361 97.48610756615966 0
47.3361 94.48610540439978 1
61.08929999999999 94.5026159694348 0
61.08929999999999 91.50261380767489 1
47.3361 91.48610324263987 0
47.3361 88.48610108087996 1
61.08929999999999 88.50261164591498 0
61.08929999999999 87.00261056503501 1
60.99720000000001 87.0025 1
61.08929999999999 73.4933 0
54.96478171172284 73.43331963061203 1
58.4679 70.07065153278566 0
58.4679 65.91219091967139 1
50.67638516230969 73.39132128935339 0
48.4362 71.38323030655712 1
58.4679 61.75373030655713 0
58.4679 59.67449999999999 0