58.4679 59.67449999999999 0
56.5 57.64542398177591 1
56.5 21.60108837057187 0
54.7811 34.75069999999999 1
57.6858 12.5297 0
62.5 0 1
62.5 100 0
61.08929999999999 100 1
47.3361 100 1
47.3361 86.98609999999999 1
47.8458 73.36359999999999 0
48.4362 73.36938207271493 1
58.4679 73.46762736210215 0
59.5 73.47773521652132 1
59.5 0 0
56.5 0 1
56.5 12.43883907117008 0
53.5 12.20896659141823 1
53.5 0 0
50.5 0 1
50.5 11.97909411166638 0
44.5 10.07956993227078 1
44.5 23.74028597285072 0
41.5 22.48730809993108 1
41.5 42.1791196607426 0
38.5 39.08585879653593 1
38.5 27.73539591865556 0
35.5 26.68223556289446 1
35.5 35.99259793232928 0
44.5 45.27238052494926 1
44.5 26.09175789234397 0
44.2234 25.8588 1
46.07980000000001 11.6404 0
47.5 11.74922163191453 1
47.5 0 0
44.982 0.148469778871084 1
44.55357405177658 0 0
44.982 3.32350586732265 1
35.39165667585354 0 0
44.982 6.498541955774217 1
31.1133 1.692383900297104 0
29.49999999999999 0 1
29.49999999999999 36.50009395175726 0
26.49999999999999 37.74749087281461 1
26.49999999999999 0 0
23.49999999999999 0 1
23.49999999999999 38.99488779387195 0
20.7193 40.1511 0
9.379909999999999 56.5172 1
4.18735 62.0692 0
5.499999999999989 60.66568558707074 1
5.499999999999989 44.46526640740957 0
3.9761 42.0288 1
7.54013 47.72709999999999 0
8.499999999999989 47.11950682614987 1
8.499999999999989 57.4580192336728 0
9.379909999999999 56.5172 0
11.49999999999999 58.27064234245448 1
11.49999999999999 45.22052100353805 0
11.9013 44.9665 1
8.09046 39.5565 0
5.499999999999989 41.1130954991785 1
5.499999999999989 0 0
8.499999999999989 0 1
8.499999999999989 40.1378971197951 0
11.49999999999999 44.39680066861898 1
11.49999999999999 12.04640006549904 0
13.24 12.1871 1
14.5991 7.18622 0
14.49999999999999 7.160574554178867 1
14.49999999999999 0 0
11.49999999999999 0 1
11.49999999999999 6.384224024780353 0
14.5991 7.18622 0
14.49999999999999 7.550863667132694 1
14.49999999999999 60.7518233429608 0
15.3247 61.43389999999999 1
10.899 67.03399999999999 0
11.49999999999999 66.27351914951308 1
11.49999999999999 100 0
8.499999999999989 100 1
8.499999999999989 65.25939089493642 0
5.499999999999989 63.04020485275602 1
5.499999999999989 100 0
2.49999999999999 100 1
2.49999999999999 0 0
0 0 1
0 100 0
14.49999999999999 100 1
14.49999999999999 62.47744169283956 0
17.49999999999999 100 1
17.49999999999999 0 0
20.49999999999999 0 1
20.49999999999999 47.00220703046 0
19.0575 47.2024 1
19.612 54.401 0
20.49999999999999 54.3100695066111 1
20.49999999999999 100 0
23.49999999999999 100 1
23.49999999999999 73.45983810868029 0
23.1772 72.77459999999999 1
26.2946 79.3922 0
26.49999999999999 79.29674350093956 1
26.49999999999999 100 0
47.5 82.60562570139311 1
47.5 68.3192959032215 0
44.5 65.16386726581976 1
44.5 100 0
41.5 100 1
41.5 62.00843862841803 0
38.5 58.85300999101631 1
38.5 100 0
35.5 100 1
35.5 55.69758135361458 0
32.5 52.54215271621284 1
32.5 100 0
29.49999999999999 100 1
29.49999999999999 77.90253952245189 0
32.4678 76.52330000000001 1
28.9713 69.92320000000001 0
29.49999999999999 70.92119023881023 1
29.49999999999999 49.38672407881111 0
26.49999999999999 46.23129544140939 1
26.49999999999999 71.13937935831277 0
23.49999999999999 72.61574324571546 1
23.49999999999999 54.00287189381078 0
25.4431 53.8039 1
24.6944 46.42010000000001 0
23.49999999999999 46.58586116659866 1
23.49999999999999 43.07586680400766 0
20.7193 40.1511 1
48.4362 69.304 0
58.4679 59.67449999999999 0