27.6029 72.4231
23.206 58.963
6.66304 77.496
15.4196 85.366

27.6901 42.089
19.6073 37.3845
10.1402 54.5159
18.385 59.0065

40.3217 28.3188
28.1479 14.7597
22.8699 19.0471
34.3305 33.3143

47.4392 25.428
45.2983 17.8322
37.3912 19.4068
39.5321 27.0026

42.7479 42.2277
40.0479 38.7214
38.1685 38.3287
33.051 42.2858
35.893 45.6992
37.3814 45.0294

50.2856 64.7584
49.8754 61.1581
45.7498 61.6865
45.7686 65.0703

62.915 51.0546
56.5719 48.3528
50.5394 52.5008
61.0679 54.8741

79.7635 18.1058
76.7156 9.61639
59.3247 15.5804
61.6666 24.1466

80.285 59.6126
73.573 57.5056
71.5973 65.0618
78.5661 66.9157

99.6714 70.9498
97.5622 63.5291
73.2837 72.3957
74.8861 76.941
83.2858 76.8627

95.7957 55.2826
88.6187 52.2809
86.4365 63.7215
90.2867 63.997
95.2937 58.0153

99.9118 29.1881
89.5068 28.3334
91.686 32.5861
96.8073 31.8027

79.3679 78.981
76.1835 79.1421
75.2428 85.1272
77.6337 85.1011

92.7802 83.8002
90.1999 80.4885
87.4692 82.877
90.0641 86.3079