53.2011 61.62350000000001 0
57.70460455929287 67.5 1
100 67.5 0
100 64.5 1
55.40552965452326 64.5 0
53.2011 61.62350000000001 0
53.2011 61.62350000000001 1
46.2324 66.84530000000001 0
46.76601094820765 67.5 1
0 67.5 0
0 70.5 1
49.21115046955016 70.5 0
51.6915 73.54320000000001 0
51.7481981017108 73.5 1
100 73.5 0
100 70.5 1
55.68556627607218 70.5 0
58.4118 68.4228 1
51.6915 73.54320000000001 0
51.65628999089267 73.5 1
0 73.5 0
0 76.5 1
100 76.5 0
100 79.5 1
0 79.5 0
0 82.5 1
100 82.5 0
100 85.5 1
0 85.5 0
0 88.5 1
8.623213221536183 88.5 0
8.53369 88.2294 1
10.9291 86.59049999999999 0
13.8708 85.75 0
14.53077520887329 88.5 1
100 88.5 0
100 91.5 1
15.25074816400779 91.5 0
15.3616 91.96190000000001 1
10.543 94.30289999999999 0
9.61571013435416 91.5 1
0 91.5 0
0 94.5 1
100 94.5 0
100 97.5 1
0 97.5 0
0 100 1
100 100 0
100 1.5 1
0 1.5 0
0 4.5 1
100 4.5 0
100 7.5 1
0 7.5 0
0 10.5 1
100 10.5 0
100 13.5 1
0 13.5 0
0 16.5 1
35.73294221093072 16.5 0
34.73350000000001 16.6587 1
49.9783 14.238 0
50.5282633964856 16.5 1
100 16.5 0
100 19.5 1
51.25765782153283 19.5 0
51.67740000000001 21.2264 1
36.15430000000001 23.8755 0
35.88349986697705 22.5 1
0 22.5 0
0 19.5 1
35.29287798470236 19.5 0
36.15430000000001 23.8755 0
44.21440496017516 22.5 1
100 22.5 0
100 25.5 1
0 25.5 0
0 28.5 1
100 28.5 0
100 31.5 1
0 31.5 0
0 34.5 1
100 34.5 0
100 37.5 1
0 37.5 0
0 40.5 1
100 40.5 0
100 43.5 1
0 43.5 0
0 46.5 1
100 46.5 0
100 49.5 1
0 49.5 0
0 52.5 1
100 52.5 0
100 55.5 1
0 55.5 0
0 58.5 1
100 58.5 0
100 61.5 1
0 61.5 0
0 64.5 1
49.36229622543951 64.5 0
53.2011 61.62350000000001 0