6.41483 83.675
1.50046 90.1892
5.36431 90.2481

12.4613 17.2772
9.47153 14.1497
6.00507 17.5555
6.85432 19.1471
8.67737 20.5629

32.2678 7.65124
29.7497 2.65232
25.866 5.92293
21.5742 8.44291
17.2722 9.44965
19.7941 13.0344
25.1419 12.285
28.5127 10.3989

24.8104 71.5716
20.6065 70.6596
20.1798 74.3316
24.295 75.1627

30.7049 52.1472
24.6309 49.7382
22.3051 56.9475
27.9729 59.0057

30.5632 35.527
28.62 30.3131
23.7573 32.1471
24.555 35.3509
23.144 36.309
24.8609 44.0528
27.9452 43.2444
27.4312 40.9093
29.6788 40.026
28.6741 36.4423

64.3888 18.8874
49.1517 8.89335
45.1459 14.3882
59.8747 25.2493

63.0448 49.3781
61.8826 46.063
50.0532 50.6537
51.2403 54.0656

75.2121 25.838
73.3834 20.647
61.6702 26.0814
63.7196 31.3082

86.3873 17.0781
83.7752 5.61371
72.3081 8.34579
75.6316 20.1869

66.2213 73.5756
61.0644 70.4321
62.2021 75.7163
63.5856 76.6992

84.1328 63.6713
80.6563 62.3023
76.7065 73.8521
80.2235 75.0012

91.6025 30.8365
87.0157 27.9466
82.8477 35.3542
87.9973 37.7793