38.127 60.65219999999999 0
31.26089716718937 73.5 1
50.05584062059795 73.5 0
41.75399357153201 70.5 1
0 70.5 0
0 73.5 1
28.73585055971248 73.5 0
25.30915424794421 43.5 1
100 43.5 0
100 46.5 1
21.55988808785261 46.5 0
21.3713 46.65089999999999 1
19.2642 44.7701 0
18.20124912713543 43.5 1
0 43.5 0
0 46.5 1
21.20224353998299 46.5 0
21.3713 46.65089999999999 1
27.3745 41.84739999999999 0
26.00605201366854 40.5 1
100 40.5 0
100 37.5 1
23.62484580742267 37.5 0
23.4609 37.27419999999999 0
23.15946955277133 37.5 1
0 37.5 0
0 34.5 1
100 34.5 0
100 31.5 1
0 31.5 0
0 28.5 1
100 28.5 0
100 25.5 1
0 25.5 0
0 22.5 1
100 22.5 0
100 19.5 1
0 19.5 0
0 16.5 1
100 16.5 0
100 13.5 1
0 13.5 0
0 10.5 1
100 10.5 0
100 7.5 1
0 7.5 0
0 4.5 1
100 4.5 0
100 1.5 1
0 1.5 0
0 40.5 1
19.1546363300697 40.5 0
17.0254 42.095 1
23.4609 37.27419999999999 0
25.294 39.7989 1
27.3745 41.84739999999999 0
40.45822130117423 61.5 1
100 61.5 0
100 64.5 1
48.70741203427484 64.5 0
56.95660276737544 67.5 1
75.36312636542542 67.5 0
75.2988 67.21420000000001 1
83.28489999999999 65.39840000000001 0
84.55626387316397 70.5 1
100 70.5 0
100 67.5 1
83.80863732080942 67.5 0
83.28489999999999 65.39840000000001 0
75.2988 67.21420000000001 0
76.0383506351113 70.5 1
58.92242270902736 70.5 0
59.788 68.52969999999999 1
38.127 60.65219999999999 0
38.127 60.65219999999999 0