44.5 78.5 0
44.5 78.5 1
50.73240812075601 78.49999999999999 1
54.5 84.15138781886601 1
54.5 85.5 0
54.99999999999996 85.5 1
55 106.5 0
54 106.5 1
53.99999999999996 83.40138781886594 0
54.5 85.5 1
55.5 85.5 1
55.5 106.5 1
46.5 106.5 1
46.5 99.5 0
47 106.5 1
46.99999999999994 78.5 0
47.99999999999994 78.5 1
48 106.5 0
49 106.5 1
48.99999999999994 78.5 0
49.99999999999994 78.5 1
50 106.5 0
51 106.5 1
50.99999999999994 78.90138781886591 0
51.99999999999994 80.40138781886591 1
52 106.5 0
53 106.5 1
52.99999999999996 81.90138781886594 0
45.99999999999994 78.5 1
45.99999999999999 99.5 0
46.5 99.5 1
42.5 99.5 1
42.5 93.5 1
44.5 93.5 1
44.5 87.86721778146268 1
39.50000000000001 79.11721778146267 1
39.5 109.5 0
45 109.5 1
45.00000000000004 137.5 0
46.00000000000004 137.5 1
46 109.5 0
47 109.5156817469495 1
47.00000000000004 137.5 0
48.00000000000004 137.5 1
48 110.3728246040924 0
49 111.2299674612352 1
49.00000000000004 137.5 0
50.00000000000004 137.5 1
50 112.0871103183781 0
51 112.9442531755209 1
51.00000000000004 137.5 0
52.00000000000004 137.5 1
52 113.8013960326638 0
52.81503796189226 114.5 0
53 114.5 1
53.00000000000004 137.5 0
54.00000000000004 137.5 1
54 114.5 0
55 114.5 1
55.00000000000004 137.5 0
56.00000000000004 137.5 1
56 114.5 0
57 114.5 1
57.00000000000004 137.5 0
58.00000000000004 137.5 1
58 114.5 0
62 114.5 1
62.00000000000004 132.5 0
63.00000000000004 132.5 1
63 114.5 0
61 114.5 1
61.00000000000004 132.5 0
60.00000000000004 132.5 1
60 114.5 0
59 114.5 1
59.00000000000004 132.5 0
58.5 132.5 0
44.00000000000004 137.5 1
44 109.5 0
43 109.5 1
43.00000000000004 140.5 0
42.00000000000004 140.5 1
42 109.5 0
41 109.5 1
41.00000000000004 140.5 0
40.00000000000004 140.5 1
40 109.5 0
39.5 109.5 1
46.5 109.5 1
46.5 109.0871103183781 1
52.81503796189226 114.5 1
63.5 114.5 0
64 110.5 1
64.00000000000003 132.5 0
65.00000000000003 132.5 1
65 110.5 0
66 110.5 1
66.00000000000003 132.5 0
67.00000000000003 132.5 1
67 110.5 0
68 110.5 1
68.00000000000003 132.5 0
69.00000000000003 132.5 1
69 110.5 0
63.5 114.5 1
63.5 110.5 1
75.5 110.5 1
75.5 140.5 1
74.5 140.5 1
74.5 137.5 0
75.00000000000006 140.5 1
75 110.5 0
70 110.5 1
70.00000000000003 132.5 0
70.5 132.5 0
71.00000000000006 137.5 1
71 110.5 0
72 110.5 1
72.00000000000006 137.5 0
73.00000000000006 137.5 1
73 110.5 0
74 110.5 1
74.00000000000006 137.5 0
74.5 137.5 1
70.5 137.5 1
70.5 132.5 1
58.5 132.5 1
58.5 137.5 1
43.5 137.5 1
43.5 140.5 1
37.5 140.5 1
37.5 148.5 1
16.26759187924401 148.5 1
12.5 142.848612181134 1
12.5 142.5 1
13.5 142.5 0
13.00000000000005 143.5986121811341 1
13.00000000000005 142.5 0
13.5 142.5 1
13.5 109.5 1
31.5 109.5 0
31 109.5 1
31.00000000000006 148.5 0
30.00000000000006 148.5 1
30 109.5 0
29 109.5 1
29.00000000000006 148.5 0
28.00000000000006 148.5 1
28 109.5 0
27 109.5 1
27.00000000000006 148.5 0
26.00000000000006 148.5 1
26 109.5 0
25 109.5 1
25.00000000000006 148.5 0
24.00000000000006 148.5 1
24 109.5 0
23 109.5 1
23.00000000000006 148.5 0
22.00000000000006 148.5 1
22 109.5 0
21 109.5 1
21.00000000000006 148.5 0
20.00000000000006 148.5 1
20 109.5 0
19 109.5 1
19.00000000000006 148.5 0
18.00000000000006 148.5 1
18 109.5 0
17 109.5 1
17.00000000000006 148.5 0
16.00000000000006 148.0986121811341 1
16 109.5 0
14 109.5 1
14.00000000000006 145.0986121811341 0
15.00000000000006 146.5986121811341 1
15 109.5 0
31.5 109.5 1
31.5 101.5 1
17.5 101.5 1
17.5 82.5 1
20.5 82.5 1
20.5 85.5 0
17.99999999999995 82.5 1
17.99999999999999 101.5 0
18.99999999999999 101.5 1
18.99999999999995 82.5 0
19.99999999999995 82.5 1
19.99999999999999 101.5 0
20.99999999999999 101.5 1
20.99999999999996 85.5 0
20.5 85.5 1
31.5 85.5 1
31.5 74.5 0
26.99999999999994 74.5 1
26.99999999999991 53.5 0
25.99999999999991 53.5 1
25.99999999999994 74.5 0
23.99999999999994 74.5 1
23.99999999999991 53.5 0
24.99999999999991 53.5 1
24.99999999999994 74.5 0
27.99999999999994 74.5 1
27.99999999999991 53.5 0
28.99999999999991 53.5 1
28.99999999999994 74.5 0
29.99999999999994 74.5 1
29.99999999999984 11.5 0
28.99999999999984 11.5 1
28.99999999999987 34.5 0
32.99999999999983 11.5 1
33.00000000000006 148.5 0
32.00000000000006 148.5 1
31.99999999999984 11.5 0
30.99999999999984 11.5 1
30.99999999999994 74.5 0
31.5 74.5 1
23.5 74.5 1
23.5 53.5 1
29.5 53.5 1
29.5 34.5 1
28.5 34.5 1
28.5 11.5 1
33.5 11.5 1
33.5 10.5 1
35.5 10.5 1
35.5 44.5 1
40.5 44.5 0
39.99999999999989 44.5 1
39.9999999999999 52.5 0
47.9999999999999 52.5 1
47.99999999999984 18.5 0
48.99999999999984 18.5 1
48.9999999999999 52.5 0
50.9999999999999 52.5 1
50.99999999999984 18.5 0
49.99999999999984 18.5 1
49.9999999999999 52.5 0
46.9999999999999 52.5 1
46.99999999999984 18.5 0
45.99999999999984 18.5 1
45.9999999999999 52.5 0
44.9999999999999 52.5 1
44.99999999999984 18.5 0
43.99999999999984 18.5 1
43.9999999999999 52.5 0
42.9999999999999 52.5 1
42.99999999999986 28.5 0
41.99999999999986 28.5 1
41.9999999999999 52.5 0
40.9999999999999 52.5 1
40.99999999999986 28.5 0
40.5 44.5 1
40.5 28.5 1
43.5 28.5 1
43.5 18.5 1
72.5 18.5 1
72.5 22.5 1
74.5 22.5 1
74.5 27.5 1
53.5 27.5 0
53.5 27 1
74.5 27 0
53.5 26 1
74.5 26 0
74.5 25 1
53.5 25 0
53.5 24 1
74.5 24 0
74.5 23 1
53.5 23 0
53.5 22 1
72.5 22 0
72.5 21 1
53.5 21 0
53.5 20 1
72.5 20 0
72.5 19 1
53.5 19 0
51.99999999999984 18.5 1
51.9999999999999 52.5 0
53.9999999999999 49.5 1
53.9999999999999 52.5 0
54.9999999999999 52.5 1
54.9999999999999 49.5 0
59.9999999999999 49.5 1
59.99999999999991 61.29289321881336 0
58.99999999999991 60.29289321881336 1
58.9999999999999 49.5 0
57.9999999999999 49.5 1
57.99999999999991 59.29289321881336 0
56.99999999999991 58.29289321881336 1
56.9999999999999 49.5 0
55.9999999999999 49.5 1
55.9999999999999 52.5 0
52.9999999999999 52.5 1
52.99999999999984 18.5 0
53.5 18.5 1
53.5 49.5 1
69.5 49.5 1
69.5 52.5 0
69.5 52 1
60.5 52 0
60.5 51 1
69.5 51 0
69.5 50 1
60.5 50 0
60.5 49.5 1
60.5 57.5 0
60.5 57 1
72.5 57 0
72.5 56 1
60.5 56 0
60.5 55 1
72.5 55 0
72.5 54 1
60.5 54 0
60.5 53 1
72.5 53 0
69.5 52.5 1
72.5 52.5 1
72.5 57.5 1
60.5 57.5 1
60.50000000000001 61.79289321881345 1
56.5 57.79289321881345 1
56.5 52.5 1
37.5 52.5 0
38.9999999999999 52.5 1
38.99999999999989 44.5 0
37.99999999999989 44.5 1
37.9999999999999 52.5 0
37.5 52.5 1
37.5 55.5 1
33.5 55.5 1
33.5 65.5 1
36.5 65.5 1
36.5 57.5 1
52.06574145408934 57.5 1
48.5 62.848612181134 1
48.5 64.5 1
37.5 64.5 0
37.5 64 1
48.5 64 0
37.5 61 1
49.73240812075601 61 0
50.39907478742268 60 1
37.5 60 0
37.5 58 1
51.73240812075601 58 0
51.06574145408933 59 1
37.5 59 0
37.5 62 1
49.06574145408933 62 0
48.5 62.848612181134 0
48.5 63 1
37.5 63 0
36.5 65.5 0
33.5 65.5 0
33.5 55.5 0
36.99999999999991 55.5 1
36.99999999999989 44.5 0
35.99999999999989 44.5 1
35.99999999999991 55.5 0
34.99999999999991 55.5 1
34.99999999999983 10.5 0
33.99999999999983 10.5 1
33.99999999999991 55.5 0
33.5 55.5 0
33.5 65.5 0
33.99999999999993 65.5 1
34.00000000000006 148.5 0
35.00000000000006 148.5 1
34.99999999999993 65.5 0
35.99999999999993 65.5 1
36.00000000000006 148.5 0
37.00000000000006 148.5 1
36.99999999999991 57.5 0
37.5 57.5 1
37.5 75.5 1
44.5 75.5 1
44.5 78.5 0
44.99999999999994 78.5 1
44.99999999999999 99.5 0
42.99999999999997 93.5 1
42.99999999999999 99.5 0
43.99999999999999 99.5 1
43.99999999999997 93.5 0
44.5 93.5 0
44.5 87.86721778146268 0
43.99999999999996 86.99221778146261 1
43.99999999999994 75.5 0
42.99999999999994 75.5 1
42.99999999999996 85.24221778146261 0
41.99999999999996 83.49221778146259 1
41.99999999999994 75.5 0
40.99999999999994 75.5 1
40.99999999999996 81.74221778146259 0
39.99999999999994 79.99221778146259 1
39.99999999999994 75.5 0
38.99999999999994 75.5 1
39.00000000000004 140.5 0
38.00000000000004 140.5 1
37.99999999999994 75.5 0
31.5 85.5 0
24.99999999999996 85.5 1
24.99999999999999 101.5 0
23.99999999999999 101.5 1
23.99999999999996 85.5 0
21.99999999999996 85.5 1
21.99999999999999 101.5 0
22.99999999999999 101.5 1
22.99999999999996 85.5 0
25.99999999999996 85.5 1
25.99999999999999 101.5 0
26.99999999999999 101.5 1
26.99999999999996 85.5 0
27.99999999999996 85.5 1
27.99999999999999 101.5 0
28.99999999999999 101.5 1
28.99999999999996 85.5 0
29.99999999999996 85.5 1
29.99999999999999 101.5 0
30.99999999999999 101.5 1
30.99999999999996 85.5 0
31.5 85.5 0
39.50000000000001 79.11721778146267 0
44.5 78.5 0