47.85899999999999 56.2465 0
45.43786005790963 64.5 1
71.67449236670504 64.5 0
72.65090203298811 61.5 1
46.3179012315052 61.5 0
47.19794240510079 58.5 1
100 58.5 0
100 61.5 1
76.49323704094184 61.5 0
77.6688 63.86499999999999 0
77.37681933779641 64.5 1
100 64.5 0
99.9306 65.33760000000001 1
99.9306 71.70009999999999 1
100 71.70009999999999 1
100 65.33760000000001 1
99.9306 65.33760000000001 1
81.98570000000001 65.33760000000001 0
81.84304620933588 67.5 1
75.99738313840942 67.5 0
75.38849999999999 68.82419999999999 1
70.81049999999999 67.15459999999999 0
71.7575778629612 67.5 1
44.55781888431405 67.5 0
43.8977 69.75030000000001 1
37.32250000000001 68.39410000000001 0
30.97658730334949 91.5 1
100 91.5 0
100 88.5 1
30.76954734902243 88.5 0
31.6167 88.87450000000001 1
20.9376 84.15360000000001 0
20.33949505391767 85.5 1
0 85.5 0
0 88.5 1
20.33241592274774 88.5 0
19.2033 88.05770000000001 1
30.7163 92.5676 0
27.99090058981352 91.5 1
0 91.5 0
0 94.5 1
100 94.5 0
100 97.5 1
0 97.5 0
0 100 1
100 100 0
100 82.5 1
0 82.5 0
0 79.5 1
100 79.5 0
100 85.5 1
23.9832777817789 85.5 0
19.7417 70.60890000000001 0
17.78873267275488 67.5 1
37.49476467609129 67.5 0
39.2287788633429 58.5 1
0 58.5 0
0 61.5 1
38.65077413425902 61.5 0
38.07276940517517 64.5 1
15.90417479642068 64.5 0
14.28 61.9145 1
8.404730000000001 65.16970000000001 0
9.613463201953795 64.5 1
0 64.5 0
0 67.5 1
9.895564922290824 67.5 0
10.5082 68.45760000000001 1
11.6403 68.33779999999999 0
13.11231628697653 70.5 1
0 70.5 0
0 73.5 1
100 73.5 0
100 76.5 1
0 76.5 0
14.9843 73.24969999999999 1
19.7417 70.60890000000001 0
19.67329054908907 70.5 1
89.19215084983779 70.5 0
81.7022 69.63499999999999 1
99.58369999999999 71.70009999999999 1
99.9306 71.70009999999999 0
99.58369999999999 71.70009999999999 1
99.9306 67.87389999999999 0
99.9306 66.35899171893752 1
92.70402102386876 65.33760000000001 0
100 55.5 1
45.43605901144421 55.5 0
55.1311 29.5125 1
50.29430000000001 29.7623 0
0 1.5 1
100 1.5 0
100 4.5 1
0 4.5 0
0 7.5 1
100 7.5 0
100 10.5 1
0 10.5 0
0 13.5 1
100 13.5 0
100 16.5 1
0 16.5 0
0 19.5 1
100 19.5 0
100 22.5 1
0 22.5 0
0 25.5 1
49.81295465461434 25.5 0
50.15174733372116 28.5 1
0 28.5 0
0 31.5 1
64.13605452854767 31.5 0
65.13174513718775 28.5 1
55.14492061820297 28.5 0
55.18587059806364 25.5 1
66.12743574582782 25.5 0
66.15880000000001 25.4055 0
71.78248525192615 28.5 1
100 28.5 0
100 25.5 1
66.33053638917661 25.5 0
66.15880000000001 25.4055 1
78.9667 32.4532 0
77.23443411467571 31.5 1
100 31.5 0
100 34.5 1
77.92262981125418 34.5 0
76.39233346269182 37.5 1
100 37.5 0
100 40.5 1
74.86203711412946 40.5 0
74.3399 41.5236 1
62.10769999999999 37.6114 0
62.1446733112675 37.5 1
0 37.5 0
0 34.5 1
63.14036391990759 34.5 0
62.10769999999999 37.6114 0
71.13942969684575 40.5 1
39.16170106358733 40.5 0
38.5273 40.38209999999999 0
38.49710970087961 40.5 1
0 40.5 0
0 55.5 1
37.12748556527409 55.5 0
39.6203 56.4679 1
34.8796 54.6272 0
35.42430571915958 52.5 1
0 52.5 0
0 49.5 1
36.19250671458958 49.5 0
36.96070771001959 46.5 1
0 46.5 0
0 43.5 1
37.7289087054496 43.5 0
38.5273 40.38209999999999 1
45.6101 41.69840000000001 0
45.28420365900121 43.5 1
100 43.5 0
100 46.5 1
44.74152547128118 46.5 0
44.19884728356116 49.5 1
100 49.5 0
100 52.5 1
43.65616909584115 52.5 0
43.23609999999999 54.8222 1
47.85899999999999 56.2465 0
47.85899999999999 56.2465 0