52.6148 55.6687 0
52.6148 55.6687 1
52.2384 65.6636 0
70.2962 63.2299 1
72.2346 61.04649999999999 1
68.18360000000001 56.6058 0
67.5 57.19824121000228 1
67.5 0 0
70.5 0 1
70.5 59.14503413478154 0
73.5 56.07711106216111 1
73.5 100 0
76.5 100 1
76.5 58.95002934256391 0
79.5 61.82294762296669 1
79.5 100 0
82.5 100 1
82.5 64.69586590336948 0
85.3391 67.41470000000001 0
85.5 67.21768429421542 1
85.5 100 0
88.5 100 1
88.5 63.54430258288072 0
91.5 59.87092087154602 1
91.5 100 0
94.5 100 1
94.5 56.19753916021132 0
97.5 52.52415744887662 1
97.5 100 0
100 100 1
100 0 0
97.5 0 1
97.5 49.90678600578693 0
98.81630000000001 50.91240000000001 1
85.3391 67.41470000000001 0
70.5 63.00034112670244 1
70.5 100 0
67.5 100 1
67.5 60.66970305227656 0
65.5522 58.88630000000001 0
61.5 54.08363892263253 1
61.5 100 0
64.5 100 1
64.5 36.44020071512217 0
82.5 42.19077787652176 1
82.5 31.22203202577356 0
79.5 28.54830831268144 1
79.5 46.38419107139693 0
76.5 50.57760426627209 1
76.5 25.87458459958932 0
75.0848 24.6133 1
84.8407 14.6232 0
85.5 15.26011823162198 1
85.5 0 0
88.5 0 1
88.5 18.15827490516352 0
91.5 12.69320689047298 1
91.5 21.05643157870507 0
92.24180000000001 17.1358 1
90.16560000000001 4.70157 0
91.5 4.522072278795406 1
91.5 0 0
94.5 0 1
94.5 7.000200194017784 0
94.0308 4.18164 1
96.1337 16.8141 0
94.5 16.9491397723477 1
94.5 23.95458825224661 0
95.70150000000001 25.1153 1
86.38319999999999 34.6829 0
85.5 33.89575573886567 1
85.5 40.73914342388547 0
88.5 43.03105406936083 1
88.5 32.50946754128972 0
91.5 29.42920612021506 1
91.5 45.3229647148362 0
94.5 47.61487536031156 1
94.5 26.3489446991404 0
84.23169999999999 39.7702 1
72.94550000000001 55.5461 0
73.5 54.77101746114724 1
73.5 0 0
76.5 0 1
76.5 23.16412672844125 0
79.5 20.09210877007759 1
79.5 0 0
82.5 0 1
82.5 17.02009081171393 0
67.35560000000001 19.646 1
60.9511 57.31180000000001 0
58.1998 56.792 1
64.46889999999999 19.3041 0
64.5 19.30778347594138 1
64.5 0 0
61.5 37.05749782584422 1
61.5 0 0
58.5 0 1
58.5 13.63518669298782 0
59.1198 13.4601 1
60.14579999999999 17.7866 0
58.5 18.25152042484569 1
58.5 54.99686711330175 0
49.5 55.71362147790202 1
49.5 38.18732114731742 0
47.4858 42.7898 0
40.5 45.13736105489305 1
40.5 55.8434189933503 0
37.5 55.88668483183305 1
37.5 46.59459045279199 0
39.01220000000001 46.7444 1
42.2239 43.2753 1
42.2239 40.66039032877855 1
39.57470000000001 39.5883 0
41.58351587616825 40.40123676322543 1
42.2239 41.08350662740951 0
43.5 41.17680829214648 1
43.5 55.80015315486754 0
46.5 55.75688731638479 1
46.5 42.39086196357017 0
47.4858 42.7898 1
54.3784 27.0401 0
52.5 31.33227370513304 1
52.5 55.67035563941927 0
52.6148 55.6687 0