11.9822 24.7355
7.8122 20.2625
3.38475 23.4662
8.09143 27.9347

29.8565 9.18572
17.3762 5.53454
16.7424 13.7976
27.8502 16.4407

32.3226 74.9167
19.0618 73.6393
17.8973 84.8596
31.1308 86.3755

38.4815 60.2621
31.6139 56.5465
27.9603 63.3113
35.0533 67.5829

56.5262 36.0695
45.4765 27.4704
36.7523 38.6762
48.2082 47.0882

26.7516 36.7748
18.0075 36.0612
18.1298 42.5943
26.4501 43.3951

52.97 76.6934
48.0273 72.9591
43.2064 77.9171
45.5887 80.5211
48.1644 82.738

70.6541 64.8662
62.7715 61.9515
56.7765 79.8094
64.5517 82.7776

70.0165 33.636
61.9311 25.482
57.521 30.6215
68.6339 40.8242

82.113 89.5606
72.3215 86.9123
65.1483 83.0059
61.9341 89.5825
72.8857 95.8697
79.3423 97.6896

91.8435 66.976
89.4389 62.2191
83.32 65.1214
85.964 69.8967

96.9589 37.4126
90.6829 35.8863
89.8903 42.6367
96.2792 43.7453

98.9639 6.02616
94.3299 3.75419
88.4521 15.4397
92.9367 17.4774