16.1484 89.6721
3.06486 80.1191
0.257427 85.7956
14.5809 92.8365

16.933 53.0257
10.5848 49.2856
5.39638 54.5923
10.9785 59.0243

23.8673 24.5117
23.0344 21.8262
15.6776 22.0166
15.7909 25.1827
18.9395 26.3617
23.3979 26.2659

12.3249 8.59891
8.91474 8.15958
8.18739 12.4616
11.7319 13.235

40.0303 42.2275
21.7037 38.9172
17.4248 55.7457
35.7452 59.656

57.7857 42.7867
47.688 30.4917
38.1718 37.0782
49.3125 49.8114

64.3169 37.6278
57.0436 28.6668
51.1481 33.5001
55.1109 39.3229

75.2741 12.4814
45.9181 9.71111
44.0154 22.9111
73.6711 25.6677

41.9796 84.4405
32.4976 70.3698
26.6868 74.7895
31.5581 82.3685
35.8863 88.2197

57.1477 58.9138
55.0956 57.4316
33.2452 66.4552
46.5823 75.3095

59.8442 84.4392
55.0874 83.4305
54.5633 85.4596
53.0095 85.3208
52.604 89.4457
59.6799 89.9109

73.0299 65.5598
70.725 59.0653
65.6265 59.8682
54.1404 63.7274
55.3192 68.2358

84.2398 56.7405
73.8895 52.6306
71.2268 58.4021
82.2265 62.3438

95.4617 14.5755
91.1554 8.4317
76.6716 18.6179
80.9227 24.6783

83.4912 5.1541
83.1316 0.494114
79.7032 0.755576
79.8635 5.11575