7.91666 15.8023
3.95067 14.6486
0.397432 25.7456
4.59987 27.1093

21.0966 14.2858
14.0412 11.9832
12.476 17.4546
19.2835 19.8599

30.9943 57.1564
29.0531 56.3872
16.0699 82.4705
15.5814 88.1495

36.8855 48.9986
32.5254 47.9133
30.8494 53.7711
34.9233 55.4358

43.1606 39.9817
24.9464 37.2004
23.9413 41.1042
28.3197 45.6385
42.0644 47.4227

33.6521 17.8219
32.0795 11.6082
29.9473 11.974
27.6568 12.4008
28.7664 19.0654

44.309 28.8988
40.5797 27.0569
38.7237 29.8862
42.6592 32.125

52.0937 10.9884
46.4216 7.64227
42.8096 14.1326
48.3865 17.5088

47.066 78.7017
42.1994 71.6909
27.808 81.0955
32.0873 87.9348

87.7385 35.6055
82.7733 33.0885
77.4243 32.1982
72.2547 33.1738
67.4359 35.5511
61.656 40.614
59.6046 42.5554
65.0654 45.4107
65.5074 44.5501
73.2211 48.3618
72.8153 48.9565
77.0505 51.2659
83.3383 39.2854
84.5954 39.9981

77.5011 9.16629
72.197 6.24963
62.5535 20.5091
66.7389 23.5949

78.6483 94.0642
77.7802 89.6442
70.903 90.9837
71.786 95.5025

91.4352 63.3691
84.7748 56.7928
82.1881 61.4621
85.8524 63.8996
82.175 72.7478