47.09139999999999 41.3224 0
47.44226184478927 40.5 1
61.33045558116183 40.5 0
62.46914099162126 37.5 1
48.72215670661782 37.5 0
47.09139999999999 41.3224 0
47.09139999999999 41.3224 1
38.146 37.3496 1
51.2953 31.4687 0
51.22531528847625 31.5 1
0 31.5 0
0 34.5 1
44.51751546191909 34.5 0
51.2953 31.4687 0
51.28194643027493 31.5 1
100 31.5 0
100 28.5 1
0 28.5 0
0 25.5 1
100 25.5 0
97.22489999999999 21.3151 1
96.88130000000001 12.1455 1
97.32859999999999 3.13164 0
100 1.5 1
0 1.5 0
0 4.5 1
89.5399618939941 4.5 0
89.6138 3.5342 1
97.32859999999999 3.13164 1
100 2.992245747114361 0
98.5 3.070516084513649 1
98.5 21.24856499518811 0
100 22.5 1
0 22.5 0
0 19.5 1
89.53935310345659 19.5 0
89.23256908375288 16.5 1
0 16.5 0
0 13.5 1
88.92578506404917 13.5 0
88.8835 13.0865 0
89.0812451451483 10.5 1
0 10.5 0
0 7.5 1
89.3106035195712 7.5 0
50.00205156844638 34.5 1
100 34.5 0
100 37.5 1
63.77209802381802 37.5 0
62.6519 37.0185 1
69.82140000000001 40.1002 0
69.63477718927757 40.5 1
100 40.5 0
100 43.5 1
68.23440592322626 43.5 0
67.0805 45.97199999999999 1
60.34610000000001 43.0934 0
61.2973287361912 43.5 1
36.86205819074378 43.5 0
59.26964506335145 70.5 1
17.30711766183493 70.5 0
17.85284169001143 72.39115722975592 1
25.3357 72.00069999999999 0
26.70090299377853 73.5 1
58.05687033430139 73.5 0
56.5692 77.18000000000001 0
72.89060000000001 84.22 0
100 82.5 1
75.09003412665658 82.5 0
78.92625644059248 79.5 1
100 79.5 0
100 76.5 1
82.76247875452836 76.5 0
84.04480000000001 75.49719999999999 0
79.05574789060384 73.5 1
100 73.5 0
100 70.5 1
71.56167802870294 70.5 0
64.06760816680205 67.5 1
100 67.5 0
100 64.5 1
15.57572054818426 64.5 0
14.8668 62.0433 1
3.0892 64.9263 0
2.937271268489107 64.5 1
4.830716087408948 64.5 0
21.80851782689938 52.5 1
0 52.5 0
0 49.5 1
20.90247440201427 49.5 0
19.9318 50.8006 1
25.4873 55.8312 0
25.12154211823639 55.5 1
0 55.5 0
0 58.5 1
100 58.5 0
100 61.5 1
0 61.5 0
0.7321708153876054 62.78084813019562 1
8.190409386800059 83.70807546484343 0
4.814821936171448 92.5 1
50.77706137226211 92.5 0
50.3267 94.70939999999999 0
54.54270329847144 95.5 1
0 95.5 0
0 98.5 1
100 98.5 0
100 96.248515247358 1
67.5608 97.94120000000001 0
67.62537722053827 97.5 1
76.01611042780479 97.5 0
67.48072587346553 91.5 1
100 91.5 0
100 94.5 1
68.0644789014421 94.5 0
67.5608 97.94120000000001 1
50.3267 94.70939999999999 0
51.2711876643656 90.07589638673969 1
0 92.75123849164109 0
0 92.52776965775595 1
29.92589387753478 90.96622978390931 0
30.0696 91.18219999999999 1
36.0333 86.27170000000001 0
33.32707604928216 88.5 1
51.59241644108099 88.5 0
52.10980000000001 85.96180000000001 1
68.79740000000001 88.72319999999999 0
67.44856523502571 88.5 1
100 88.5 0
100 85.5 1
35.54905822622584 85.5 0
33.66655813380325 82.5 1
68.90298522727272 82.5 0
61.94784318181819 79.5 1
31.78405804138067 79.5 0
30.9412 78.1568 0
29.43258376569582 76.5 1
56.84409560525134 76.5 0
56.5692 77.18000000000001 1
72.89060000000001 84.22 1
84.04480000000001 75.49719999999999 1
60.98180000000001 66.2647 0
60.48241979240149 67.5 1
16.4414191050096 67.5 0
19.0591524058744 76.57151784033633 1
20.3235 80.953 1
9.75375 83.62649999999999 1
0 84.13545286893887 1
0 62.81905296803183 0
0 69.66280581923039 1
5.063728160400174 83.87122639453034 0
1.93704693400029 84.03437732421722 1
0 78.59917688679951 0
9.75375 83.62649999999999 0
12.84167458239376 82.84544402696093 1
21.4756877405325 82.39491927829599 0
27.99405899807741 88.06295197492884 1
0 89.52368827023224 0
0 86.51960688270853 1
26.06222411862004 85.15967416594836 0
25.07 83.66849999999999 1
24.42472686009322 82.86096512745556 1
21.95122260654938 82.99003313577788 0
22.58151841055322 82.95714415895071 1
19.9523618785712 79.66685442945698 0
18.64766381522464 75.14554137056342 1
22.65044554687425 72.14081718136606 0
25.76944896279223 55.5 1
100 55.5 0
100 46.5 1
33.81825531159237 46.5 0
28.32514608953343 52.5 1
100 52.5 0
100 49.5 1
30.88084321627464 49.5 0
31.4379 48.84610000000001 1
37.8656 42.51090000000001 1
31.912 37.58799999999999 1
24.9116 44.12820000000001 0
23.14145887536719 46.5 1
0 46.5 0
0 43.5 1
25.58400318033087 43.5 0
28.79509764227394 40.5 1
0 40.5 0
0 37.5 1
38.48464985904148 37.5 0
35.43368096040952 40.5 1
45.23963374949658 40.5 0
47.09139999999999 41.3224 0