52.3145 51.34480000000001 0
56.962 48.9863 1
80.4391 42.9528 0
78.3098766437391 43.5 1
100 43.5 0
100 46.5 1
84.88028998074415 46.5 0
87.78357589912417 49.5 1
100 49.5 0
100 52.5 1
86.35516297104175 52.5 0
86.16810016547575 55.5 1
100 55.5 0
100 58.5 1
35.64701473338872 58.5 0
35.26179999999999 58.9552 1
30.4005 54.8107 1
35.21380000000001 50.63809999999999 1
39.2342 54.2611 0
38.18577615730385 55.5 1
74.71232754059716 55.5 0
74.78579999999999 56.57850000000001 1
86.15479999999999 55.7133 0
81.18840937571801 64.5 1
100 64.5 0
100 61.5 1
7.837436818500946 61.5 0
15.55056504480696 64.5 1
38.93786106014269 64.5 0
21.27390895571483 70.5 1
33.57529169056278 70.5 0
35.68874346314661 73.5 1
0 73.5 0
1.31962 72.88849999999999 1
1.31962 59.84780000000001 1
0 59.84780000000001 1
0 72.88849999999999 1
1.31962 72.88849999999999 1
20.5738 72.88849999999999 0
32.0406 79.0352 0
40.48078286206795 88.5 1
100 88.5 0
100 85.5 1
37.80554951469624 85.5 0
35.13031616732452 82.5 1
100 82.5 0
100 79.5 1
75.89111472141136 79.5 0
78.38062214643662 76.5 1
100 76.5 0
100 73.5 1
80.87012957146189 73.5 0
83.35963699648715 70.5 1
100 70.5 0
100 67.5 1
84.3690474431352 67.5 0
85.19929999999999 68.28309999999999 1
78.739 62.1897 0
76.78962991070816 64.5 1
39.91644551087428 64.5 0
39.7145 64.12549999999999 1
35.64570000000001 66.08750000000001 0
36.08674535721238 67.5 1
22.15325870122226 67.5 0
22.2669 67.1123 1
3.58956 59.84780000000001 0
1.983802775442292 59.84780000000001 1
1.31962 61.58616149289418 0
1.31962 59.84780000000001 0
0 58.5 1
34.72787220171313 58.5 0
31.20901588611413 55.5 1
0 55.5 0
0 52.5 1
33.06600647318218 52.5 0
26.765 46.34399999999999 0
24.81139561158695 43.5 1
0 43.5 0
0 40.5 1
22.75063148878838 40.5 0
20.6898673659898 37.5 1
0 37.5 0
0 34.5 1
21.89328916441023 34.5 0
19.6272 35.953 1
22.9103 33.8479 0
23.35776112184405 34.5 1
62.50816302545172 34.5 0
59.29012422762406 25.5 1
0 25.5 0
0 22.5 1
56.24394970090736 22.5 0
56.1747 22.4318 1
60.7069 26.8953 0
63.4859 31.9462 1
82.16290000000001 39.53619999999999 0
81.67662755370836 40.5 1
100 40.5 0
100 37.5 1
77.15234566534915 37.5 0
69.77013222661398 34.5 1
100 34.5 0
100 31.5 1
0 31.5 0
0 28.5 1
100 28.5 0
100 25.5 1
61.38276667131308 25.5 0
62.09690000000001 24.0257 1
57.3015 20.323 0
60.12095223755638 22.5 1
100 22.5 0
100 19.5 1
0 19.5 0
0 16.5 1
100 16.5 0
100 13.5 1
0 13.5 0
0 10.5 1
100 10.5 0
100 7.5 1
0 7.5 0
0 4.5 1
100 4.5 0
100 1.5 1
0 1.5 0
0 0 0
29.53342451180939 43.5 1
59.06246141571938 43.5 0
60.2110286189635 40.5 1
27.47487004848761 40.5 0
25.41631558516583 37.5 1
61.35959582220761 37.5 0
57.91389421247527 46.5 1
0 46.5 0
0 49.5 1
40.04847893145943 49.5 0
39.50660000000001 51.43259999999999 1
36.91094984307571 50.63809999999999 0
36.97699523161135 52.22701063678439 1
46.04033702641098 55.0012 0
66.43559999999999 76.77109999999999 1
73.45869999999999 82.43119999999999 0
69.82164222363562 79.5 1
32.45508281995279 79.5 0
32.0406 79.0352 1
29.5186 78.55090000000001 0
29.33460249344887 79.5 1
0 79.5 0
0 82.5 1
28.75300675047827 82.5 0
28.3127 84.77119999999999 1
41.1454 89.24529999999999 0
39.00771615073425 88.5 1
0 88.5 0
0 85.5 1
30.40305823070564 85.5 0
13.03395114749225 91.5 1
100 91.5 0
100 100 1
0 100 0
0 97.5 1
100 97.5 0
100 94.5 1
14.86629858652702 94.5 0
15.1583 94.3092 1
10.3943 97.4221 0
8.715910864225144 94.5 1
0 94.5 0
0 91.5 1
7.218968363982231 91.5 0
7.05527 91.6088 1
11.0889 88.92789999999999 0
16.23804915505414 72.88849999999999 1
1.31962 67.38762280713993 0
1.31962 70.58506842141981 1
7.566547465162396 72.88849999999999 0
0 76.5 1
66.66434701606155 76.5 0
69.19566773972321 73.5 1
41.47068185926589 73.5 0
37.2012 75.64689999999999 1
44.0659 72.19499999999999 0
43.15188760765847 70.5 1
71.72698846338486 70.5 0
74.25830918704651 67.5 1
41.53416655926638 67.5 0
41.65212407947094 55.0012 1
51.1653 55.0012 0
51.95142269992343 52.5 1
74.81789330465475 52.5 0
74.5257 52.76049999999999 1
77.57640000000001 50.0407 1
84.0232 48.67359999999999 0
84.21754723799322 46.5 1
66.63650298002815 46.5 0
80.12616575232241 49.5 1
46.59776086335881 49.5 0
40.5919 47.56189999999999 1
52.3145 51.34480000000001 0
52.3145 51.34480000000001 0