39.0201 16.5851
27.5991 9.63776
24.852 14.1373
13.6584 9.05058
10.3675 15.1799
21.9634 22.2916
24.6441 18.3884
35.6628 23.3107

20.7677 56.9111
13.4773 54.4695
10.4831 62.1891
18.2827 64.3134

50.719 84.1962
45.4421 70.9491
28.8213 76.8075
33.3702 90.0615

54.6745 24.9392
37.089 23.7901
36.0598 37.7651
54.3173 39.1941

59.2606 55.3592
50.947 44.1224
38.2925 54.4951
46.8267 65.4467

65.3748 74.871
60.3636 71.0571
57.1959 76.0686
60.2918 78.3214
62.4304 79.1474

80.2582 63.2573
79.739 51.4853
75.613 51.6767
75.8406 63.3265

91.0662 15.4888
88.9916 13.4554
89.7487 12.7538
86.0301 8.26911
82.0492 11.1975
87.5463 18.2373

98.8255 44.8072
97.8871 40.6505
90.7619 42.6955
90.0797 39.8113
85.583 40.2409
87.1221 50.082
96.1982 47.4408