46.7675 45.6854 0
50.5 46.55838467106894 1
50.5 23.15007342145245 0
48.96810000000001 19.9868 0
50.5 19.10308221404276 1
50.5 0 0
55.27160000000001 5.252998825011783 1
57.6481277429841 2.09407 0
55.27160000000001 1.5 1
72.3655 1.5 0
72.3655 2.09407 1
63.2794 2.09407 0
61.40230924766136 2.09407 1
55.27160000000001 10.24313294167059 0
55.0538 16.4761 1
55.27160000000001 16.83616349198217 1
55.27160000000001 0 0
53.5 0 1
53.5 17.37245139096571 0
48.96810000000001 19.9868 1
55.5501 33.5782 0
56.5 33.03321545142451 1
56.5 100 0
53.5 100 1
53.5 58.32472531271546 0
54.83669999999999 55.1563 1
52.8061 59.9695 0
50.5 58.65735373958387 1
50.5 85.09898721319158 0
86.5 72.4500812581359 1
86.5 0 0
89.5 0 1
89.5 69.94972327844312 0
65.5 18.25613938356427 1
65.5 100 0
68.5 100 1
68.5 14.1151652155222 0
98.5 0 1
98.5 100 0
95.5 100 1
95.5 0 0
92.5 0 1
92.5 72.77991960380757 0
90.11410000000001 69.43790000000001 1
93.61240000000001 74.3381 0
92.5 75.26548381816241 1
92.5 100 0
89.5 100 1
89.5 77.7665189264753 0
86.5 80.26755403478816 1
86.5 100 0
83.5 100 1
83.5 81.03597350330276 0
84.2414 82.15049999999999 1
80.89570000000001 77.12100000000001 0
83.5 74.9504392378287 1
83.5 0 0
80.5 0 1
80.5 100 0
77.5 100 1
77.5 0 0
72.3655 3.192656171837502 1
70.87242716033583 2.09407 0
65.81040905344528 2.09407 1
72.3655 6.917232057279167 0
72.3655 8.779520000000002 0
71.5 9.974191047480137 1
71.5 100 0
74.5 100 1
74.5 0 0
72.3655 0 1
72.3655 8.779520000000002 1
64.5496 19.568 1
62.8614 18.32526790687648 0
60.28383139249132 16.4278462561368 1
62.8614 20.68904163558215 0
62.8614 26.48534721186071 1
55.27160000000001 13.93801070384289 0
55.27160000000001 12.7382 1
62.8614 18.32526790687648 1
62.8614 29.3835 0
62.5 29.59084542147087 1
62.5 100 0
59.5 100 1
59.5 31.31203043644769 0
55.5501 33.5782 0
53.5 29.34487743239137 1
53.5 47.26004683133867 0
47.10509999999999 40.64 1
45.4192 40.18429999999999 1
45.52290000000001 38.30840000000001 0
41.0881 37.05029999999999 1
40.7137 44.6897 1
42.8398 51.0654 1
45.34780000000001 55.2606 0
44.5 53.84246181818182 1
44.5 59.60510534905494 0
43.4936 58.29170000000001 1
47.4457 63.4494 0
47.5 56.76752235977553 1
47.5 100 0
50.5 100 1
50.5 91.90060787408402 0
38.5 100 1
38.5 64.02740432321298 0
37.5017 62.5033 1
41.0523 67.92400000000001 0
41.5 67.61066461976412 1
41.5 100 0
44.5 100 1
44.5 65.51103062220415 0
29.5 76.52297794027967 1
29.5 100 0
26.5 100 1
26.5 80.84008060588522 0
23.5 85.15718327149074 1
23.5 100 0
20.5 100 1
20.5 86.49692475694627 0
17.5 83.9352568869723 1
17.5 100 0
14.5 100 1
14.5 81.37358901699832 0
11.5 78.81192114702435 1
11.5 100 0
21.7985 87.60570000000001 1
31.4736 73.68289999999999 0
29.5 72.1374224688692 1
29.5 61.96439802422961 0
26.5 61.67815524026344 1
26.5 69.78819638790426 0
23.5 67.43897030693935 1
23.5 61.39191245629726 0
22.9968 61.3439 1
23.6446 57.1322 0
23.5 58.0723232170423 1
23.5 19.74142460638835 0
20.5 19.95430479578768 1
20.5 65.08974422597441 0
17.3959 62.65900000000001 1
9.014289999999999 76.68940000000001 0
11.5 72.52844457687723 1
11.5 0 0
8.5 0 1
8.5 100 0
5.5 100 1
5.5 0 0
2.5 0 1
2.5 100 0
0 100 1
0 0 0
14.5 0 1
14.5 67.50659316646801 0
17.3959 62.65900000000001 0
17.5 62.74051814500949 1
17.5 6.986195437801078 0
18.2791 20.1119 1
17.2204 2.2757 1
17.2204 0 0
17.2204 0.7705254336461578 1
26.0088 0.03990739790885026 0
26.5 0 1
26.5 55.88442839708989 0
26.0088 19.5634 1
24.977 1.63086 1
26.0088 1.545081964262693 0
29.5 0 1
29.5 55.86693209675877 0
32.5 56.14200619562099 1
32.5 0 0
35.5 0 1
35.5 56.41708029448321 0
36.4665 56.5057 1
34.29770000000001 66.22749999999999 0
32.5 65.7117894702902 1
32.5 100 0
35.5 100 1
35.5 60.8381048782737 0
41.5 47.047638436574 1
41.5 59.69296600243662 0
38.5 61.80161267544518 1
38.5 0 0
41.5 0 1
41.5 37.16715112970145 0
44.5 38.01821543925318 1
44.5 0 0
47.5 0 1
47.5 45.85672251079919 0
46.7675 45.6854 0